Date,Open,High,Low,Close,Adj_Close,Volume,Empty_col_H,200_day_Price_MA,50_day_Price_MA,20_day_Price_MA,10_day_Price_MA,50_day_Volume_MA
01/04/2021
12/31/2020
12/30/2020
12/29/2020
12/28/2020
12/24/2020
12/23/2020
12/22/2020
12/21/2020
12/18/2020
12/17/2020
12/16/2020
12/15/2020
12/14/2020
12/11/2020
12/10/2020
12/09/2020
12/08/2020
12/07/2020
12/04/2020
12/03/2020
12/02/2020
12/01/2020
11/30/2020
11/27/2020
11/25/2020
11/24/2020
11/23/2020
11/20/2020
11/19/2020
11/18/2020
11/17/2020
11/16/2020
11/13/2020
11/12/2020
11/11/2020
11/10/2020
11/09/2020
11/06/2020
11/05/2020
11/04/2020
11/03/2020
11/02/2020
10/30/2020
10/29/2020
10/28/2020
10/27/2020
10/26/2020
10/23/2020
10/22/2020
10/21/2020
10/20/2020
10/19/2020
10/16/2020
10/15/2020
10/14/2020
10/13/2020
10/12/2020
10/09/2020
10/08/2020
10/07/2020
10/06/2020
10/05/2020
10/02/2020
10/01/2020
09/30/2020
09/29/2020
09/28/2020
09/25/2020
09/24/2020
09/23/2020
09/22/2020
09/21/2020
09/18/2020
09/17/2020
09/16/2020
09/15/2020
09/14/2020
09/11/2020
09/10/2020
09/09/2020
09/08/2020
09/04/2020
09/03/2020
09/02/2020
09/01/2020
08/31/2020
08/28/2020
08/27/2020
08/26/2020
08/25/2020
08/24/2020
08/21/2020
08/20/2020
08/19/2020
08/18/2020
08/17/2020
08/14/2020
08/13/2020
08/12/2020
08/11/2020
08/10/2020
08/07/2020
08/06/2020
08/05/2020
08/04/2020
08/03/2020
07/31/2020
07/30/2020
07/29/2020
07/28/2020
07/27/2020
07/24/2020
07/23/2020
07/22/2020
07/21/2020
07/20/2020
07/17/2020
07/16/2020
07/15/2020
07/14/2020
07/13/2020
07/10/2020
07/09/2020
07/08/2020
07/07/2020
07/06/2020
07/02/2020
07/01/2020
06/30/2020
06/29/2020
06/26/2020
06/25/2020
06/24/2020
06/23/2020
06/22/2020
06/19/2020
06/18/2020
06/17/2020
06/16/2020
06/15/2020
06/12/2020
06/11/2020
06/10/2020
06/09/2020
06/08/2020
06/05/2020
06/04/2020
06/03/2020
06/02/2020
06/01/2020
05/29/2020
05/28/2020
05/27/2020
05/26/2020
05/22/2020
05/21/2020
05/20/2020
05/19/2020
05/18/2020
05/15/2020
05/14/2020
05/13/2020
05/12/2020
05/11/2020
05/08/2020
05/07/2020
05/06/2020
05/05/2020
05/04/2020
05/01/2020
04/30/2020
04/29/2020
04/28/2020
04/27/2020
04/24/2020
04/23/2020
04/22/2020
04/21/2020
04/20/2020
04/17/2020
04/16/2020
04/15/2020
04/14/2020
04/13/2020
04/09/2020
04/08/2020
04/07/2020
04/06/2020
04/03/2020
04/02/2020
04/01/2020
03/31/2020
03/30/2020
03/27/2020
03/26/2020
03/25/2020
03/24/2020
03/23/2020
03/20/2020
03/19/2020
03/18/2020
03/17/2020
03/16/2020
03/13/2020
03/12/2020
03/11/2020
03/10/2020
03/09/2020
03/06/2020
03/05/2020
03/04/2020
03/03/2020
03/02/2020
02/28/2020
02/27/2020
02/26/2020
02/25/2020
02/24/2020
02/21/2020
02/20/2020
02/19/2020
02/18/2020
02/14/2020
02/13/2020
02/12/2020
02/11/2020
02/10/2020
02/07/2020
02/06/2020
02/05/2020
02/04/2020
02/03/2020
01/31/2020
01/30/2020
01/29/2020
01/28/2020
01/27/2020
01/24/2020
01/23/2020
01/22/2020
01/21/2020
01/17/2020
01/16/2020
01/15/2020
01/14/2020
01/13/2020
01/10/2020
01/09/2020
01/08/2020
01/07/2020
01/06/2020
01/03/2020
01/02/2020
12/31/2019
12/30/2019
12/27/2019
12/26/2019
12/24/2019
12/23/2019
12/20/2019
12/19/2019
12/18/2019
12/17/2019
12/16/2019
12/13/2019
12/12/2019
12/11/2019
12/10/2019
12/09/2019
12/06/2019
12/05/2019
12/04/2019
12/03/2019
12/02/2019
11/29/2019
11/27/2019
11/26/2019
11/25/2019
11/22/2019
11/21/2019
11/20/2019
11/19/2019
11/18/2019
11/15/2019
11/14/2019
11/13/2019
11/12/2019
11/11/2019
11/08/2019
11/07/2019
11/06/2019
11/05/2019
11/04/2019
11/01/2019
10/31/2019
10/30/2019
10/29/2019
10/28/2019
10/25/2019
10/24/2019
10/23/2019
10/22/2019
10/21/2019
10/18/2019
10/17/2019
10/16/2019
10/15/2019
10/14/2019
10/11/2019
10/10/2019
10/09/2019
10/08/2019
10/07/2019
10/04/2019
10/03/2019
10/02/2019
10/01/2019
09/30/2019
09/27/2019
09/26/2019
09/25/2019
09/24/2019
09/23/2019
09/20/2019
09/19/2019
09/18/2019
09/17/2019
09/16/2019
09/13/2019
09/12/2019
09/11/2019
09/10/2019
09/09/2019
09/06/2019
09/05/2019
09/04/2019
09/03/2019
08/30/2019
08/29/2019
08/28/2019
08/27/2019
08/26/2019
08/23/2019
08/22/2019
08/21/2019
08/20/2019
08/19/2019
08/16/2019
08/15/2019
08/14/2019
08/13/2019
08/12/2019
08/09/2019
08/08/2019
08/07/2019
08/06/2019
08/05/2019
08/02/2019
08/01/2019
07/31/2019
07/30/2019
07/29/2019
07/26/2019
07/25/2019
07/24/2019
07/23/2019
07/22/2019
07/19/2019
07/18/2019
07/17/2019
07/16/2019
07/15/2019
07/12/2019
07/11/2019
07/10/2019
07/09/2019
07/08/2019
07/05/2019
07/03/2019
07/02/2019
07/01/2019
06/28/2019
06/27/2019
06/26/2019,48.860001,48.990002,47.759998,47.790001,47.790001,5989600,-,46.520006,49.341905,49.571500,49.895000,4934248.0
06/25/2019,50.020000,50.099998,49.000000,49.040001,49.040001,5656000,-,46.496524,49.382591,49.594500,50.161000,4915168.0
06/24/2019,50.240002,50.570000,49.889999,50.160000,50.160000,5140500,-,46.468209,49.388548,49.581500,50.178000,4932872.0
06/21/2019,50.169998,50.459999,49.799999,50.400002,50.400002,8194800,-,46.433513,49.373694,49.551500,50.119000,4901592.0
06/20/2019,50.119999,50.470001,49.669998,50.240002,50.240002,4882600,-,46.396589,49.349672,49.514500,50.074000,4827480.0
06/19/2019,49.660000,50.180000,49.320000,50.000000,50.000000,6665600,-,46.359097,49.328055,49.466000,50.073000,4835172.0
06/18/2019,50.610001,50.689999,49.520000,49.900002,49.900002,5449300,-,46.323929,49.313224,49.412500,50.045000,4829276.0
06/17/2019,50.770000,50.860001,50.240002,50.450001,50.450001,3999100,-,46.288674,49.305953,49.364000,49.926000,4820908.0
06/14/2019,50.180000,50.950001,50.070000,50.799999,50.799999,4110700,-,46.248616,49.282519,49.290500,49.733000,4820654.0
06/13/2019,50.529999,50.669998,49.820000,50.169998,50.169998,3781700,-,46.208030,49.258041,49.196000,49.461000,4824758.0
06/12/2019,49.389999,50.490002,49.110001,50.450001,50.450001,5176400,-,46.172452,49.253113,49.126000,49.248000,4876740.0
06/11/2019,49.439999,49.689999,48.919998,49.209999,49.209999,4177500,-,46.134839,49.233650,49.052000,49.028000,4857472.0
06/10/2019,49.959999,49.959999,49.250000,49.570000,49.570000,3739100,-,46.103572,49.244745,49.064350,48.985000,4887766.0
06/07/2019,50.770000,51.180000,49.950001,49.950001,49.950001,5780600,-,46.071288,49.241293,49.034379,48.984000,4921052.0
06/06/2019,49.730000,50.360001,49.619999,50.230000,50.230000,4637400,-,46.037934,49.245530,48.957115,48.955000,4908368.0
06/05/2019,48.910000,49.970001,48.799999,49.720001,49.720001,4549700,-,46.004501,49.247145,48.856916,48.859000,4899210.0
06/04/2019,48.509998,48.779999,47.700001,48.709999,48.709999,3402900,-,45.972640,49.253003,48.807036,48.780000,4926058.0
06/03/2019,48.310001,48.610001,47.990002,48.520000,48.520000,3738400,-,45.942406,49.277076,48.823043,48.802000,5003732.0
05/31/2019,48.040001,48.290001,47.680000,48.080002,48.080002,5138400,-,45.911754,49.292639,48.872871,48.848000,5100114.0
05/30/2019,48.349998,48.500000,47.959999,48.040001,48.040001,3271000,-,45.881419,49.305884,48.937253,48.931000,5092874.0
05/29/2019,48.930000,48.959999,48.139999,48.250000,48.250000,3623500,-,45.850411,49.319532,49.031432,49.004000,5158068.0
05/28/2019,49.580002,49.619999,48.669998,48.779999,48.779999,4299500,-,45.819517,49.340694,49.147870,49.076000,5197256.0
05/24/2019,49.669998,50.009998,49.520000,49.560001,49.560001,4196600,-,45.783451,49.357808,49.194626,49.143700,5351520.0
05/23/2019,49.290001,49.730000,49.200001,49.660000,49.660000,3656100,-,45.743097,49.351777,49.221739,49.084757,5349546.0
05/22/2019,49.020000,49.380001,48.810001,49.270000,49.270000,4696600,-,45.701467,49.343944,49.239881,48.959229,5369502.0
05/21/2019,48.980000,49.349998,48.790001,48.930000,48.930000,3871200,-,45.661205,49.340537,49.261640,48.854832,5372380.0
05/20/2019,49.099998,49.330002,48.799999,48.930000,48.930000,4538600,-,45.621673,49.336385,49.284019,48.834072,5385040.0
05/17/2019,48.520000,49.189999,48.520000,48.980000,48.980000,4125100,-,45.580734,49.326276,49.293493,48.844085,5362376.0
05/16/2019,48.810001,49.160000,48.639999,48.910000,48.910000,4584600,-,45.541971,49.310601,49.296496,48.897741,5362622.0
05/15/2019,49.009998,49.209999,48.740002,48.770000,48.770000,4516400,-,45.500162,49.293944,49.277685,48.943507,5341788.0
05/14/2019,49.380001,49.560001,48.910000,48.970001,48.970001,4933400,-,45.460993,49.279888,49.281261,49.058864,5339108.0
05/13/2019,49.209999,49.910000,49.139999,49.820000,49.456997,4122200,-,45.421164,49.262427,49.323976,49.219741,5315032.0
05/10/2019,48.779999,49.419998,48.490002,49.330002,48.970570,4062300,-,45.377008,49.237014,49.318020,49.245552,5327072.0
05/09/2019,48.680000,48.930000,48.330002,48.759998,48.404720,4447000,-,45.334169,49.222322,49.340356,49.358721,5371450.0
05/08/2019,48.950001,49.160000,48.430000,48.580002,48.226036,5553700,-,45.293965,49.213189,49.380065,49.520534,5381628.0
05/07/2019,49.320000,49.509998,48.889999,49.080002,48.722393,4655200,-,45.256789,49.212792,49.426722,49.668448,5378470.0
05/06/2019,49.930000,50.040001,49.250000,49.389999,49.030132,5252700,-,45.218052,49.199688,49.453525,49.733967,5365404.0
05/03/2019,49.750000,50.049999,49.590000,49.880001,49.516563,4597000,-,45.176225,49.186782,49.478839,49.742901,5345364.0
05/02/2019,50.669998,50.720001,49.230000,49.730000,49.367653,4707500,-,45.131965,49.159185,49.466927,49.695251,5443696.0
05/01/2019,50.759998,50.820000,50.279999,50.290001,49.923576,5495500,-,45.089566,49.127418,49.477350,49.611863,5465898.0
04/30/2019,50.209999,51.000000,49.970001,50.950001,50.578766,7601000,-,45.045551,49.084930,49.477350,49.503658,5452724.0
04/29/2019,50.369999,50.450001,49.680000,50.080002,49.715107,5297300,-,44.998066,49.024315,49.422254,49.428211,5423270.0
04/26/2019,50.630001,51.029999,50.459999,50.470001,50.102264,4971800,-,44.955384,48.973091,49.424736,49.390488,5394848.0
04/25/2019,49.880001,50.669998,49.799999,50.389999,50.022846,4185100,-,44.909409,48.914912,49.389495,49.321991,5382924.0
04/24/2019,49.790001,50.340000,49.730000,50.070000,49.705177,7003800,-,44.862278,48.858716,49.396443,49.239595,5391422.0
04/23/2019,49.520000,49.970001,49.310001,49.740002,49.377583,6573000,-,44.822750,48.806508,49.426721,49.184996,5364544.0
04/22/2019,49.490002,49.740002,49.310001,49.480000,49.119476,6105100,-,44.784036,48.759276,49.458488,49.173083,5409076.0
04/18/2019,49.000000,49.619999,48.820000,49.400002,49.040062,8692700,-,44.746078,48.725285,49.498197,49.214777,5429626.0
04/17/2019,49.290001,49.320000,48.790001,48.889999,48.533775,5184400,-,44.708955,48.676922,49.511102,49.238602,5358136.0
04/16/2019,50.080002,50.200001,49.099998,49.200001,48.841518,3682200,-,44.672907,48.638092,49.521525,49.342837,5355894.0
04/15/2019,49.810001,50.290001,49.709999,50.189999,49.824303,5035600,-,44.633769,48.594094,49.515569,49.451043,5410522.0
04/12/2019,49.650002,49.830002,49.200001,49.700001,49.337875,6541200,-,44.589329,48.532804,49.489758,49.416298,5407006.0
04/11/2019,49.480000,49.799999,49.380001,49.779999,49.417290,3576500,-,44.546496,48.487154,49.504649,49.458984,5436648.0
04/10/2019,49.950001,50.259998,49.520000,49.560001,49.198895,4489200,-,44.502393,48.418044,49.496707,49.456998,5440848.0
04/09/2019,49.540001,49.840000,49.349998,49.520000,49.159184,5267200,-,44.457685,48.344434,49.500182,49.553291,5453866.0
04/08/2019,49.869999,49.990002,49.439999,49.619999,49.258453,6370800,-,44.412836,48.270633,49.497203,49.668446,5419634.0
04/05/2019,49.709999,49.959999,49.520000,49.900002,49.536419,5030900,-,44.369285,48.200364,49.470400,49.743893,5426746.0
04/04/2019,50.060001,50.099998,49.490002,49.639999,49.278309,3986400,-,44.323422,48.134979,49.414808,49.781616,5414894.0
04/03/2019,50.250000,50.290001,49.810001,49.939999,49.576122,4315900,-,44.279384,48.072984,49.360705,49.783601,5427566.0
04/02/2019,50.320000,50.349998,49.900002,50.290001,49.923576,6380800,-,44.232741,47.992814,49.285756,49.700214,5446540.0
04/01/2019,50.340000,50.349998,49.439999,49.840000,49.476852,4213000,-,44.182324,47.902346,49.192937,49.580095,5415352.0
03/29/2019,49.709999,50.150002,49.590000,50.130001,49.764740,5692200,-,44.131472,47.819631,49.123943,49.563219,5413852.0
03/28/2019,50.580002,50.639999,49.599998,49.759998,49.397434,5403400,-,44.079036,47.726822,49.045022,49.550314,5411440.0
03/27/2019,50.709999,50.849998,50.209999,50.529999,50.161823,5146400,-,44.025720,47.641162,48.986949,49.536416,5404406.0
03/26/2019,50.560001,50.750000,50.320000,50.680000,50.310734,4179500,-,43.968921,47.525436,48.876261,49.447072,5437776.0
03/25/2019,50.310001,50.490002,50.060001,50.380001,50.012920,5892100,-,43.912058,47.421510,48.771034,49.325961,5449840.0
03/22/2019,49.720001,50.470001,49.630001,50.279999,49.913647,7286600,-,43.854597,47.323541,48.673748,49.196908,5420288.0
03/21/2019,49.099998,49.750000,48.980000,49.660000,49.298164,8557500,-,43.801125,47.212384,48.597309,49.048001,5399856.0
03/20/2019,49.230000,49.580002,48.900002,49.099998,48.742245,4776400,-,43.751264,47.120828,48.539235,48.937809,5320840.0
03/19/2019,49.630001,49.660000,48.840000,49.080002,48.722393,6530700,-,43.706366,47.026794,48.491088,48.871297,5376196.0
03/18/2019,50.009998,50.090000,49.470001,49.669998,49.308090,5582900,-,43.663506,46.931580,48.444927,48.805778,5356394.0
03/15/2019,49.549999,50.200001,49.430000,50.000000,49.635689,12012700,-,43.616894,46.814800,48.356923,48.684667,5337178.0
03/14/2019,49.630001,49.990002,49.419998,49.619999,49.258453,4097900,-,43.566170,46.690483,48.232834,48.539731,5204978.0
03/13/2019,49.430000,49.700001,49.349998,49.630001,49.268383,4653900,-,43.517138,46.594007,48.129578,48.437482,5208698.0
03/12/2019,49.180000,49.560001,49.139999,49.459999,49.099621,4840500,-,43.467377,46.490238,48.026810,48.305451,5215170.0
03/11/2019,48.790001,49.139999,48.689999,49.080002,48.722393,4504200,-,43.417345,46.390632,47.926569,48.216107,5244612.0
03/08/2019,48.599998,48.820000,48.310001,48.779999,48.424576,3405400,-,43.367113,46.292660,47.841248,48.150587,5262832.0
03/07/2019,48.610001,48.950001,48.480000,48.549999,48.196251,4137400,-,43.317255,46.187836,47.791016,48.146617,5277454.0
03/06/2019,48.450001,48.599998,48.160000,48.430000,48.077126,3542900,-,43.267568,46.128170,47.712297,48.140661,5436270.0
03/05/2019,48.360001,48.560001,48.259998,48.419998,48.067200,4382400,-,43.218041,46.069311,47.638057,48.110880,5530528.0
03/04/2019,48.660000,48.810001,48.099998,48.450001,48.096981,3729600,-,43.170697,46.008877,47.566776,48.084076,5592584.0
03/01/2019,48.700001,48.830002,48.330002,48.540001,48.186325,4724200,-,43.125241,45.949423,47.499918,48.029179,5658814.0
02/28/2019,48.220001,48.790001,48.090000,48.590000,48.235962,6281200,-,43.079970,45.884439,47.443371,47.925938,5707420.0
02/27/2019,48.349998,48.790001,48.240002,48.299999,47.948074,4955900,-,43.034231,45.847034,47.329661,47.821674,5688464.0
02/26/2019,48.639999,48.750000,48.279999,48.560001,48.206181,5395800,-,42.989740,45.813219,47.208178,47.748169,5677944.0
02/25/2019,48.959999,48.970001,48.189999,48.419998,48.067200,4001900,-,42.940929,45.773060,47.071325,47.637031,5705818.0
02/22/2019,48.599998,48.910000,48.450001,48.740002,48.384869,4250700,-,42.896515,45.735680,46.955216,47.531909,5729652.0
02/21/2019,47.860001,48.619999,47.830002,48.490002,48.136692,9513600,-,42.853206,45.694115,46.849332,47.435415,5745990.0
02/20/2019,48.009998,48.340000,47.799999,48.130001,47.779312,5817600,-,42.810081,45.656725,46.751423,47.283934,5647976.0
02/19/2019,48.040001,48.209999,47.709999,48.150002,47.799168,4836800,-,42.767635,45.625300,46.640841,47.165235,5677322.0
02/15/2019,48.180000,48.259998,47.930000,48.259998,47.548008,6128300,-,42.722831,45.594464,46.520891,47.049477,5756998.0
02/14/2019,47.849998,48.080002,47.529999,47.860001,47.153912,3876200,-,42.678176,45.559389,46.410544,46.970657,5747948.0
02/13/2019,47.799999,48.020000,47.770000,47.900002,47.193325,4375600,-,42.633231,45.530423,46.309063,46.960804,5807816.0
02/12/2019,47.910000,48.110001,47.490002,47.919998,47.213028,4610000,-,42.588907,45.486481,46.205120,46.837648,5803902.0
02/11/2019,47.660000,48.070000,47.590000,47.799999,47.094799,5659900,-,42.542849,45.445100,46.063244,46.668186,5814358.0
02/08/2019,46.160000,47.810001,46.029999,47.720001,47.015980,8799600,-,42.495699,45.400370,45.964227,46.505620,5781724.0
02/07/2019,47.360001,48.169998,47.169998,48.130001,47.419930,7132600,-,42.449040,45.350714,45.869150,46.378523,5692444.0
02/06/2019,47.119999,47.540001,46.990002,47.320000,46.621880,5118200,-,42.397859,45.286081,45.715944,46.263249,5600906.0
02/05/2019,47.259998,47.500000,47.029999,47.290001,46.592323,5072300,-,42.350381,45.239381,45.620868,46.218913,5587374.0
02/04/2019,47.209999,47.340000,46.799999,47.340000,46.641582,6413600,-,42.304782,45.202926,45.493279,46.116447,5631416.0
02/01/2019,47.669998,47.770000,47.119999,47.459999,46.759811,4859800,-,42.258840,45.178492,45.359285,45.992306,5596426.0
01/31/2019,46.599998,47.930000,46.459999,47.759998,47.055386,8023300,-,42.212932,45.147358,45.194749,45.850431,5655380.0
01/30/2019,46.119999,46.900002,46.110001,46.650002,45.961765,3786500,-,42.163238,45.103811,45.012971,45.657322,5601834.0
01/29/2019,46.299999,46.509998,46.040001,46.200001,45.518402,5140100,-,42.117810,45.075633,44.936614,45.572591,5669618.0
01/28/2019,46.470001,46.570000,45.810001,46.150002,45.469139,3555600,-,42.071809,45.063120,44.864691,45.458302,5674948.0
01/25/2019,46.779999,47.029999,46.240002,46.430000,45.745010,6726400,-,42.029517,45.047877,44.797202,45.422834,5695604.0
01/24/2019,47.000000,47.060001,46.500000,46.959999,46.267189,4438300,-,41.986760,45.013818,44.701140,45.359778,5678618.0
01/23/2019,46.299999,46.889999,46.259998,46.869999,46.178516,4620000,-,41.941007,44.963643,44.546949,45.168640,5701404.0
01/22/2019,46.020000,46.599998,45.779999,46.250000,45.567665,5264600,-,41.895890,44.913678,44.498672,45.022824,5778156.0
01/18/2019,46.099998,46.389999,45.900002,46.080002,45.400173,4821400,-,41.855606,44.868889,44.476997,44.870111,5776230.0
01/17/2019,45.830002,46.090000,45.599998,46.020000,45.341061,4138000,-,41.815102,44.824907,44.459263,44.726265,5807320.0
01/16/2019,45.520000,45.830002,45.290001,45.799999,45.124302,5571600,-,41.774749,44.766854,44.448425,44.539067,5846748.0
01/15/2019,44.930000,46.000000,44.930000,45.790001,45.114452,5051700,-,41.733123,44.718025,44.439065,44.368620,5869884.0
01/14/2019,45.340000,45.450001,44.549999,45.040001,44.375515,6814900,-,41.695154,44.672522,44.501628,44.300638,5949538.0
01/11/2019,45.740002,46.040001,45.490002,45.790001,45.114452,4782700,-,41.658619,44.652945,44.595719,44.271080,5939378.0
01/10/2019,45.150002,45.840000,44.910000,45.790001,45.114452,4414500,-,41.618052,44.612722,44.649908,44.171570,5983734.0
01/09/2019,45.189999,45.459999,44.830002,45.020000,44.355812,6265000,-,41.575706,44.563503,44.704096,44.042503,6082826.0
01/08/2019,44.720001,45.430000,44.529999,45.389999,44.720352,4606700,-,41.535278,44.533955,44.801636,43.925259,6087774.0
01/07/2019,44.320000,44.970001,44.180000,44.700001,44.040535,7544200,-,41.496201,44.510220,44.878978,43.974521,6119648.0
01/04/2019,43.590000,44.630001,43.509998,44.619999,43.961712,5540600,-,41.459081,44.480719,44.987355,44.083883,6060088.0
01/03/2019,44.180000,44.570000,43.880001,44.119999,43.469090,4622100,-,41.423509,44.452208,45.102136,44.192261,6042568.0
01/02/2019,44.779999,45.000000,43.849998,44.070000,43.419827,5402700,-,41.389967,44.445871,45.218395,44.357782,6079736.0
12/31/2018,44.779999,45.099998,44.450001,45.099998,44.434631,4283900,-,41.357441,44.419984,45.332684,44.509510,6060766.0
12/28/2018,44.880001,45.299999,44.610001,44.740002,44.079941,4977500,-,41.317388,44.372040,45.360763,44.702618,6076648.0
12/27/2018,44.250000,44.799999,43.500000,44.779999,44.119350,6312600,-,41.278916,44.340383,45.413966,44.920358,6101512.0
12/26/2018,43.849998,44.520000,43.099998,44.480000,43.823776,5415200,-,41.238372,44.299527,45.450913,45.128245,6086852.0
12/24/2018,45.880001,46.230000,43.650002,43.830002,43.183372,4136500,-,41.199738,44.262237,45.486382,45.365690,6115966.0
12/21/2018,45.799999,47.020000,45.680000,45.889999,45.212975,12078200,-,41.164162,44.234234,45.536629,45.678013,6178734.0
12/20/2018,45.820000,46.529999,45.250000,45.810001,45.134159,8255800,-,41.118198,44.181871,45.490323,45.783434,6079078.0
12/19/2018,45.880001,46.480000,45.480000,45.720001,45.045486,7485200,-,41.069598,44.140081,45.472095,45.890826,6024406.0
12/18/2018,45.869999,46.480000,45.590000,45.799999,45.124302,7041100,-,41.023125,44.099869,45.490815,46.012011,5988386.0
12/17/2018,47.090000,47.230000,45.470001,45.610001,44.937107,7154500,-,40.978710,44.054169,45.494756,46.079008,5916088.0
12/14/2018,46.980000,47.209999,46.770000,47.060001,46.365715,5333400,-,40.931576,44.001065,45.491800,46.155857,5901394.0
12/13/2018,46.880001,47.270000,46.790001,46.950001,46.257336,4429900,-,40.877395,43.916651,45.401158,46.018908,5902230.0
12/12/2018,47.009998,47.349998,46.820000,46.889999,46.198223,6789500,-,40.824238,43.852202,45.332929,45.907575,5910480.0
12/11/2018,47.080002,47.169998,46.660000,46.889999,46.198223,5193600,-,40.772337,43.777201,45.258367,45.773581,5867610.0
12/10/2018,46.799999,47.150002,46.000000,47.000000,46.306602,5067600,-,40.724236,43.707089,45.150559,45.607075,5907326.0
12/07/2018,46.869999,47.299999,46.279999,46.959999,46.267189,4612900,-,40.676603,43.618186,45.023152,45.395246,5925658.0
12/06/2018,46.950001,47.400002,46.090000,46.900002,46.208076,7284900,-,40.624357,43.518142,44.893805,45.197211,5958588.0
12/04/2018,46.709999,47.369999,46.520000,46.950001,46.257336,8820600,-,40.571542,43.426711,44.749812,45.053365,5925262.0
12/03/2018,46.349998,46.490002,46.020000,46.480000,45.794270,5675800,-,40.521462,43.346421,44.597000,44.969619,5838878.0
11/30/2018,45.810001,46.450001,45.630001,46.389999,45.705601,6869600,-,40.474178,43.284192,44.429206,44.910505,5914958.0
11/29/2018,45.849998,45.860001,45.070000,45.669998,44.996220,4179900,-,40.425991,43.218652,44.278069,44.827744,5898974.0
11/28/2018,45.660000,45.910000,45.180000,45.820000,45.144009,5132800,-,40.377023,43.164367,44.170223,44.783408,6014610.0
11/27/2018,45.209999,45.709999,45.070000,45.529999,44.858288,4028200,-,40.327628,43.125900,44.082856,44.758284,6000930.0
11/26/2018,44.939999,45.279999,44.660000,45.200001,44.533157,4335600,-,40.280424,43.098427,43.995107,44.743153,5979916.0
11/23/2018,45.000000,45.029999,44.529999,44.849998,44.188316,2555700,-,40.233369,43.069831,43.901125,44.694043,5998646.0
11/21/2018,45.290001,45.480000,44.770000,44.950001,44.286842,4441600,-,40.183846,43.055171,43.835630,44.651058,6037442.0
11/20/2018,46.250000,46.320000,45.290001,45.439999,44.769611,7274400,-,40.134640,43.032283,43.797966,44.590398,6041922.0
11/19/2018,45.919998,46.180000,45.799999,46.099998,45.419876,4664100,-,40.084545,43.001304,43.687761,44.446259,6002940.0
11/16/2018,46.169998,46.200001,45.580002,45.880001,45.203125,7807500,-,40.033342,42.965533,43.543575,44.224382,6011320.0
11/15/2018,44.910000,45.730000,44.560001,45.549999,44.877991,5346000,-,39.987034,42.923342,43.441029,43.947908,5950214.0
11/14/2018,45.389999,45.639999,45.040001,45.220001,44.552864,7175700,-,39.942924,42.893324,43.303404,43.728394,5969416.0
11/13/2018,45.830002,46.049999,45.490002,45.910000,44.892769,5406600,-,39.903631,42.866680,43.177634,43.557037,5966526.0
11/12/2018,44.830002,46.200001,44.779999,45.720001,44.706982,4588400,-,39.861591,42.829131,43.057848,43.407428,5920962.0
11/09/2018,44.830002,45.299999,44.610001,45.040001,44.042049,5877100,-,39.820671,42.789821,42.926328,43.247062,5959754.0
11/08/2018,44.779999,44.790001,44.189999,44.750000,43.758472,5577600,-,39.785600,42.768309,42.822188,43.108207,5899578.0
11/07/2018,44.520000,44.810001,44.139999,44.669998,43.680241,8457600,-,39.751089,42.750121,42.723426,43.020201,5849116.0
11/06/2018,44.220001,44.360001,43.689999,44.310001,43.328224,5168300,-,39.714730,42.725284,42.669156,43.005534,5771202.0
11/05/2018,43.830002,44.509998,43.560001,44.180000,43.201099,6375900,-,39.681656,42.712376,42.654977,42.929262,5722290.0
11/02/2018,43.840000,44.000000,43.020000,43.400002,42.438389,6109400,-,39.646931,42.709443,42.646666,42.862769,5662262.0
11/01/2018,43.939999,44.349998,43.320000,43.650002,42.682846,6728400,-,39.615638,42.719221,42.666711,42.934151,5607628.0
10/31/2018,44.230000,44.230000,43.529999,43.810001,42.839302,9034400,-,39.586077,42.724697,42.646665,42.878414,5533464.0
10/30/2018,44.790001,44.790001,43.930000,44.380001,43.396671,6306900,-,39.558115,42.730173,42.611952,42.798230,5440538.0
10/29/2018,43.560001,44.279999,43.560001,44.080002,43.103321,7000500,-,39.524413,42.727826,42.593862,42.708269,5442362.0
10/26/2018,44.029999,44.209999,43.240002,43.619999,42.653507,9369100,-,39.491797,42.736627,42.561104,42.605595,5468036.0
10/25/2018,44.209999,44.240002,43.500000,43.849998,42.878410,6512400,-,39.461525,42.750512,42.563060,42.536168,5445984.0
10/24/2018,43.869999,44.869999,43.590000,44.520000,43.533569,6200400,-,39.427936,42.746210,42.512212,42.426650,5433106.0
10/23/2018,43.570000,43.810001,43.200001,43.529999,42.565502,4566200,-,39.392073,42.723328,42.398782,42.332778,5396078.0
10/22/2018,43.730000,43.980000,43.400002,43.500000,42.536167,4664600,-,39.363146,42.712279,42.352335,42.380692,5393384.0
10/19/2018,43.230000,44.389999,43.150002,44.130001,43.152210,6480500,-,39.332412,42.698324,42.337667,42.430563,5389354.0
10/18/2018,43.009998,43.310001,42.799999,43.080002,42.125477,4454200,-,39.300123,42.676704,42.314199,42.399272,5350868.0
10/17/2018,43.459999,43.560001,42.830002,42.990002,42.037468,5078000,-,39.275588,42.665531,42.329356,42.414917,5330360.0
10/16/2018,43.009998,43.630001,42.889999,43.459999,42.497055,6220700,-,39.254018,42.654565,42.341579,42.425673,5351418.0
10/15/2018,42.959999,43.549999,42.830002,43.029999,42.076580,5579600,-,39.229292,42.631304,42.377759,42.479455,5306288.0
10/12/2018,42.820000,43.110001,42.439999,42.910000,41.959244,6870900,-,39.206145,42.614124,42.448164,42.516613,5283194.0
10/11/2018,43.689999,43.779999,42.500000,42.730000,41.783230,7274900,-,39.182107,42.595410,42.505368,42.589951,5247524.0
10/10/2018,43.919998,44.490002,43.549999,43.560001,42.594845,7095400,-,39.158092,42.574591,42.588973,42.597774,5211254.0
10/09/2018,43.860001,44.360001,43.630001,44.020000,43.044647,5522200,-,39.130972,42.547240,42.616352,42.464787,5239210.0
10/08/2018,43.970001,44.209999,43.480000,44.009998,43.034870,5684200,-,39.101888,42.497311,42.625153,42.323978,5197172.0
10/05/2018,43.240002,43.959999,43.139999,43.810001,42.839302,3426200,-,39.072711,42.455339,42.654977,42.244772,5143720.0
10/04/2018,43.020000,43.330002,42.560001,43.240002,42.281929,6419800,-,39.047275,42.418637,42.667689,42.229127,5189192.0
10/03/2018,43.950001,44.070000,42.730000,43.099998,42.145031,5375200,-,39.028722,42.385515,42.722448,42.243794,5167188.0
10/02/2018,43.549999,44.209999,43.500000,44.009998,43.034870,4842400,-,39.012093,42.350669,42.776229,42.257484,5163000.0
10/01/2018,43.459999,43.540001,43.200001,43.410000,42.448162,4646000,-,38.991349,42.297251,42.775251,42.276063,5150856.0
09/28/2018,42.930000,43.720001,42.840000,43.660000,42.692623,7179400,-,38.975062,42.264102,42.789919,42.379715,5166082.0
09/27/2018,42.240002,42.950001,42.200001,42.810001,41.861458,5984200,-,38.956981,42.229751,42.803609,42.420784,5144456.0
09/26/2018,42.689999,42.840000,42.189999,42.200001,41.264977,6259400,-,38.947392,42.205815,42.852990,42.580172,5122646.0
09/25/2018,43.290001,43.290001,42.439999,42.580002,41.636555,5618600,-,38.936640,42.193809,42.911660,42.767918,5152264.0
09/24/2018,43.590000,43.700001,43.169998,43.200001,42.242817,4501400,-,38.922887,42.178833,42.963975,42.926328,5148356.0
09/21/2018,43.299999,43.860001,43.130001,43.650002,42.682846,9479800,-,38.907579,42.156388,43.004556,43.065181,5153754.0
09/20/2018,43.169998,43.560001,42.919998,43.389999,42.428604,6070400,-,38.890691,42.124366,43.016779,43.106251,5085584.0
09/19/2018,44.270000,44.279999,42.950001,43.240002,42.281929,9961700,-,38.876551,42.099370,43.043180,43.201102,5075568.0
09/18/2018,44.340000,44.480000,44.029999,44.200001,43.220657,4448800,-,38.864430,42.071875,43.084739,43.294975,4982546.0
09/17/2018,44.380001,44.549999,44.169998,44.470001,43.484680,2977500,-,38.847045,42.019396,43.087672,43.274440,5012606.0
09/14/2018,44.340000,44.360001,43.840000,44.080002,43.103321,5272100,-,38.828243,41.985695,43.090606,43.200123,5024832.0
09/13/2018,44.110001,44.450001,43.860001,44.439999,43.455338,4495500,-,38.812635,41.956323,43.102829,43.186433,5002242.0
09/12/2018,44.250000,44.459999,44.060001,44.119999,43.142429,4665600,-,38.793790,41.917776,43.063227,43.125807,4973524.0
09/11/2018,44.290001,44.480000,43.970001,44.200001,43.220657,5325300,-,38.776414,41.887233,43.025580,43.055403,4967458.0
09/10/2018,44.270000,44.849998,44.169998,44.619999,43.631351,5083100,-,38.758028,41.849306,42.965198,43.001622,5040452.0
09/07/2018,44.110001,44.439999,43.860001,44.070000,43.093540,4752200,-,38.737064,41.796956,42.875552,42.943930,5093728.0
09/06/2018,44.450001,44.580002,44.180000,44.360001,43.377117,6306100,-,38.718599,41.753811,42.824436,42.927306,5111414.0
09/05/2018,44.040001,44.380001,43.990002,44.200001,43.220657,7031200,-,38.698287,41.701696,42.733920,42.885259,5203372.0
09/04/2018,44.090000,44.130001,43.849998,43.990002,43.015308,3128400,-,38.678662,41.649217,42.647347,42.874503,5200972.0
08/31/2018,43.930000,44.049999,43.450001,43.709999,42.741512,6528000,-,38.662588,41.594056,42.563281,42.900905,5227764.0
08/30/2018,43.889999,44.130001,43.750000,43.939999,42.966419,2868300,-,38.650838,41.543012,42.487084,42.981088,5235104.0
08/29/2018,43.840000,43.939999,43.580002,43.820000,42.849079,3054500,-,38.634973,41.494648,42.389942,43.019225,5255672.0
08/28/2018,43.520000,43.599998,43.270000,43.400002,42.438389,4561900,-,38.615961,41.444945,42.284600,43.000646,5329996.0
08/27/2018,44.119999,44.180000,43.419998,43.650002,42.682846,2722700,-,38.598246,41.405590,42.224045,42.995756,5335636.0
08/24/2018,43.919998,44.080002,43.610001,44.029999,43.054428,3374500,-,38.580159,41.356884,42.117315,42.928774,5501374.0
08/23/2018,43.919998,44.230000,43.779999,43.900002,42.927307,3377700,-,38.559978,41.292598,42.011407,42.807174,5535518.0
08/22/2018,44.200001,44.200001,43.630001,43.930000,42.956642,3020200,-,38.537691,41.220183,41.915250,42.721566,5576952.0
08/21/2018,44.320000,44.360001,43.820000,44.090000,43.113094,4388100,-,38.516439,41.146600,41.798710,42.582581,5661574.0
08/20/2018,44.290001,44.490002,44.090000,44.259998,43.279331,6398100,-,38.493365,41.059022,41.663192,42.420191,5660738.0
08/17/2018,44.299999,45.049999,44.240002,44.529999,43.543346,8284200,-,38.466765,40.969479,41.517422,42.225657,5641082.0
08/16/2018,43.619999,44.439999,43.570000,44.330002,43.347782,8266500,-,38.439129,40.877371,41.379793,41.993080,5597338.0
08/15/2018,43.439999,43.970001,43.380001,43.630001,42.663292,5868500,-,38.412613,40.780832,41.261157,41.760659,5555816.0
08/14/2018,43.060001,43.520000,43.000000,43.349998,42.389492,4349000,-,38.389566,40.711951,41.161225,41.568555,5536974.0
08/13/2018,43.169998,43.369999,43.009998,43.310001,42.013027,4431500,-,38.366139,40.650681,41.074983,41.452334,5583688.0
08/10/2018,43.470001,43.740002,43.060001,43.130001,41.838421,4463100,-,38.345492,40.605671,41.018720,41.305856,5633270.0
08/09/2018,42.869999,43.430000,42.750000,43.369999,42.071228,4556200,-,38.325199,40.571912,40.982828,41.215640,5667540.0
08/08/2018,42.700001,42.919998,42.500000,42.849998,41.566799,3428800,-,38.302701,40.530200,40.933355,41.108934,5710958.0
08/07/2018,42.660000,42.959999,42.250000,42.770000,41.489193,6130900,-,38.281969,40.488682,40.913954,41.014839,5765266.0
08/06/2018,42.439999,42.779999,42.369999,42.610001,41.333988,3964200,-,38.262524,40.447940,40.884852,40.906194,5730452.0
08/03/2018,42.360001,42.650002,42.139999,42.490002,41.217579,4424900,-,38.243145,40.407585,40.847990,40.809188,5773552.0
08/02/2018,42.160000,42.880001,41.959999,42.290001,41.023567,5087400,-,38.224254,40.365097,40.877092,40.766506,5815228.0
08/01/2018,42.180000,42.209999,41.720001,42.000000,40.742252,5461400,-,38.206664,40.318147,40.907648,40.761656,5820100.0
07/31/2018,41.959999,42.520000,41.730000,42.500000,41.227283,8493200,-,38.188448,40.272360,40.946936,40.753896,5808948.0
07/30/2018,42.160000,42.259998,41.650002,41.799999,40.548244,3420300,-,38.166389,40.212993,40.966337,40.697633,5768912.0
07/27/2018,42.299999,42.580002,42.029999,42.200001,40.936268,3011600,-,38.145455,40.165460,41.005139,40.731585,5828540.0
07/26/2018,42.090000,42.290001,41.939999,42.270000,41.004169,5699800,-,38.121825,40.118703,41.009019,40.750015,5855180.0
07/25/2018,41.619999,42.240002,41.599998,41.880001,40.625847,5319600,-,38.096627,40.078737,41.005624,40.757775,5907102.0
07/24/2018,41.500000,41.709999,40.970001,41.650002,40.402737,5165800,-,38.073840,40.048860,41.012899,40.813068,5885246.0
07/23/2018,42.169998,42.180000,41.459999,41.610001,40.363934,4235200,-,38.053114,40.022571,41.022599,40.863511,5849790.0
07/20/2018,42.049999,42.250000,41.770000,42.049999,40.790756,5407300,-,38.031826,39.996289,41.017264,40.886792,5861876.0
07/19/2018,42.000000,42.470001,42.000000,42.240002,40.975071,6098100,-,38.006749,39.949352,40.987192,40.987678,5879588.0
07/18/2018,41.959999,42.020000,41.599998,41.919998,40.664650,4893700,-,37.982169,39.913540,40.965851,41.053641,5949286.0
07/17/2018,42.200001,42.330002,41.889999,41.919998,40.664650,7740300,-,37.956919,39.894710,40.950815,41.139975,5990170.0
07/16/2018,42.279999,42.400002,41.959999,42.150002,40.887764,5423200,-,37.930393,39.871647,40.941115,41.235041,5919106.0
07/13/2018,42.470001,42.529999,42.040001,42.389999,41.120575,4771300,-,37.901570,39.839697,40.909103,41.278693,5973722.0
07/12/2018,42.490002,42.599998,41.959999,42.349998,41.081768,6071300,-,37.871676,39.794051,40.845079,41.268022,6039754.0
07/11/2018,42.279999,42.599998,41.200001,42.450001,41.178780,5569600,-,37.844010,39.744756,40.756320,41.253472,6201048.0
07/10/2018,41.500000,42.369999,41.459999,42.169998,40.907166,5310600,-,37.813590,39.684480,40.661254,41.212730,6225762.0
07/09/2018,43.160000,43.200001,41.680000,41.849998,40.596741,5951800,-,37.784669,39.632906,40.552608,41.181688,6185580.0
07/06/2018,42.910000,43.189999,42.779999,43.090000,41.799614,3588800,-,37.756166,39.581000,40.462878,41.147736,6146764.0
07/05/2018,42.900002,42.990002,42.639999,42.919998,41.634701,4142600,-,37.723398,39.498304,40.319795,40.986707,6151366.0
07/03/2018,42.889999,43.090000,42.580002,42.810001,41.527996,3059600,-,37.692021,39.419291,40.164102,40.878061,6173266.0
07/02/2018,42.669998,42.919998,42.349998,42.900002,41.615307,4362300,-,37.662171,39.332410,40.048665,40.761655,6199740.0
06/29/2018,42.340000,42.720001,42.029999,42.599998,41.324284,8975000,-,37.634200,39.242627,39.934199,40.647188,6204356.0
06/28/2018,42.330002,42.610001,42.110001,42.279999,41.013866,7746900,-,37.606267,39.165591,39.856110,40.539513,6088780.0
06/27/2018,42.029999,42.349998,41.900002,42.200001,40.936268,5636500,-,37.580264,39.094378,39.812942,40.422137,6016990.0
06/26/2018,41.950001,42.220001,41.799999,42.029999,40.771358,10904000,-,37.557437,39.027217,39.765410,40.259167,6003720.0
06/25/2018,41.590000,42.110001,41.490002,41.849998,40.596741,6911200,-,37.534018,38.954122,39.701386,40.109779,5880998.0
06/22/2018,41.590000,41.730000,41.349998,41.500000,40.257229,4468000,-,37.510809,38.879710,39.644153,39.923529,5852572.0
06/21/2018,41.709999,41.910000,41.189999,41.430000,40.189320,6895000,-,37.487029,38.800931,39.597105,39.778020,5954914.0
06/20/2018,41.700001,41.939999,41.410000,41.799999,40.548244,3896700,-,37.463825,38.737360,39.542297,39.652884,5892322.0
06/19/2018,41.750000,42.139999,41.250000,41.610001,40.363934,6770700,-,37.438543,38.670266,39.448687,39.450142,5926340.0
06/18/2018,41.430000,41.840000,41.430000,41.720001,40.470638,4843900,-,37.415742,38.605319,39.353137,39.335676,5867632.0
06/15/2018,40.970001,41.570000,40.580002,41.490002,40.247528,11009600,-,37.392265,38.539007,39.242551,39.221210,5840266.0
06/14/2018,40.520000,41.119999,40.400002,41.070000,39.840107,5081700,-,37.371701,38.484275,39.138755,39.172707,5708634.0
06/13/2018,40.610001,41.130001,40.360001,40.520000,39.306576,5449400,-,37.353410,38.433459,39.076671,39.203748,5692722.0
06/12/2018,39.930000,40.560001,39.910000,40.490002,39.277470,7251300,-,37.337929,38.392737,39.061635,39.271652,5705018.0
06/11/2018,40.000000,40.220001,39.730000,39.930000,38.734241,4346300,-,37.322782,38.343172,39.054360,39.292993,5707966.0
06/08/2018,40.080002,40.310001,39.740002,40.000000,38.802143,5415300,-,37.310257,38.318898,39.072064,39.364777,5745516.0
06/07/2018,39.740002,40.529999,39.630001,40.139999,38.937954,6097000,-,37.296967,38.284225,39.084449,39.416190,5790916.0
06/06/2018,40.650002,40.650002,39.650002,39.709999,38.520832,6190400,-,37.281721,38.245489,39.059746,39.431711,5783840.0
06/05/2018,40.700001,40.750000,40.230000,40.430000,39.219269,4926400,-,37.268703,38.207978,39.092929,39.447232,5727974.0
06/04/2018,41.090000,41.340000,40.419998,40.540001,39.325977,6684700,-,37.250349,38.148996,39.118121,39.370598,5723544.0
06/01/2018,41.389999,41.400002,40.410000,40.990002,39.762501,6910600,-,37.233967,38.100576,39.127398,39.263892,5702114.0
05/31/2018,41.169998,41.720001,40.910000,41.389999,40.150517,6176600,-,37.214032,38.037655,39.103787,39.104803,5716756.0
05/30/2018,40.680000,41.389999,40.450001,41.220001,39.985615,6727100,-,37.191022,37.971590,39.038173,38.949595,5791200.0
05/29/2018,40.490002,40.889999,40.330002,40.709999,39.490879,6144200,-,37.168363,37.907092,38.969744,38.851619,5778998.0
05/25/2018,40.490002,40.889999,40.419998,40.669998,39.452084,4390200,-,37.147765,37.855567,38.903448,38.815728,5891704.0
05/24/2018,40.180000,40.549999,39.939999,40.529999,39.316273,6119200,-,37.127173,37.795007,38.847268,38.779351,5913122.0
05/23/2018,39.950001,40.349998,39.900002,40.299999,39.093166,6508700,-,37.109651,37.736393,38.781527,38.752707,5897506.0
05/22/2018,39.630001,40.119999,39.619999,39.869999,38.676041,5331000,-,37.093290,37.674740,38.710110,38.687780,5897648.0
05/21/2018,39.540001,39.709999,39.110001,39.639999,38.452930,4903800,-,37.078781,37.623160,38.660510,38.738626,5961328.0
05/18/2018,39.419998,39.669998,39.099998,39.439999,38.258915,6491400,-,37.066653,37.575465,38.597059,38.865644,6017548.0
05/17/2018,39.840000,40.000000,39.250000,39.349998,38.171612,6401700,-,37.055401,37.530689,38.540423,38.990903,5979042.0
05/16/2018,40.110001,40.270000,39.580002,39.790001,38.598434,4343600,-,37.045195,37.475540,38.505466,39.102771,5948510.0
05/15/2018,40.080002,40.310001,39.869999,40.209999,39.005856,8295900,-,37.031871,37.418588,38.448205,39.126752,5992318.0
05/14/2018,40.450001,40.549999,40.080002,40.340000,39.131969,4226800,-,37.016790,37.363297,38.376825,39.087869,5940090.0
05/11/2018,40.549999,40.759998,40.349998,40.639999,39.088310,3393000,-,36.999158,37.290864,38.276055,38.991169,5962352.0
05/10/2018,40.299999,40.619999,40.160000,40.599998,39.049839,4839500,-,36.980292,37.219690,38.165446,38.915185,5999260.0
05/09/2018,40.709999,40.790001,39.910000,39.970001,38.443897,6292900,-,36.958525,37.151208,38.028868,38.810347,6054510.0
05/08/2018,41.169998,41.189999,40.570000,40.740002,39.184494,9583000,-,36.940631,37.098693,37.957212,38.732439,6063342.0
05/07/2018,41.130001,41.560001,41.099998,41.299999,39.723110,6937900,-,36.920346,37.046563,37.857664,38.582395,5978166.0
05/04/2018,40.900002,41.209999,40.880001,41.080002,39.511513,4187100,-,36.897930,36.987699,37.727338,38.328475,5947418.0
05/03/2018,40.299999,41.189999,40.040001,40.849998,39.290291,8154000,-,36.875589,36.913832,37.609515,38.089943,6025382.0
05/02/2018,40.380001,40.590000,39.919998,40.380001,38.838242,8072900,-,36.853276,36.840926,37.520547,37.908160,6158578.0
05/01/2018,40.000000,40.430000,39.880001,40.150002,38.617023,14136000,-,36.832613,36.788988,37.443601,37.769657,6194962.0
04/30/2018,39.919998,39.990002,39.610001,39.680000,38.164967,6805300,-,36.808512,36.743397,37.376274,37.665780,6101194.0
04/27/2018,39.419998,39.959999,39.410000,39.849998,38.328476,3301500,-,36.785077,36.701462,37.307984,37.560942,6101072.0
04/26/2018,39.220001,39.650002,39.150002,39.509998,38.001457,4011000,-,36.762465,36.638944,37.267588,37.415707,6188298.0
04/25/2018,39.009998,39.189999,38.700001,39.160000,37.664818,3818900,-,36.739847,36.584216,37.220939,37.247389,6256250.0
04/24/2018,38.840000,39.619999,38.740002,39.180000,37.684055,5237600,-,36.719101,36.539270,37.187757,37.181985,6328286.0
04/23/2018,38.720001,39.060001,38.490002,38.660000,37.183910,4383300,-,36.697414,36.488032,37.135819,37.132933,6440070.0
04/20/2018,38.990002,39.000000,38.400002,38.599998,37.126194,4593100,-,36.678698,36.430027,37.090132,37.126200,6578976.0
04/19/2018,38.900002,39.029999,38.580002,38.959999,37.472454,3196200,-,36.659519,36.376416,37.079072,37.129087,6658182.0
04/18/2018,39.180000,39.540001,38.939999,38.939999,37.453217,4157400,-,36.640110,36.321978,37.036271,37.132934,6845718.0
04/17/2018,38.700001,39.160000,38.619999,39.070000,37.578255,4973000,-,36.621874,36.276500,37.005974,37.117545,6902616.0
04/16/2018,38.520000,38.689999,38.270000,38.590000,37.116585,4767900,-,36.601935,36.243767,36.965097,37.086767,6913828.0
04/13/2018,38.060001,38.720001,38.029999,38.340000,36.876129,5489900,-,36.585944,36.222554,36.954998,37.055026,6916360.0
04/12/2018,38.119999,38.529999,37.450001,37.759998,36.318272,9585100,-,36.573827,36.218919,36.932395,37.119468,7008076.0
04/11/2018,38.650002,38.650002,38.389999,38.480000,37.010784,3765400,-,36.566609,36.222248,36.935761,37.194490,6908512.0
04/10/2018,38.580002,38.849998,38.410000,38.669998,37.193531,5597600,-,36.552600,36.212489,36.885747,37.193529,6926284.0
04/09/2018,38.709999,38.889999,38.490002,38.590000,37.116585,3835300,-,36.538427,36.209176,36.830923,37.138705,6964626.0
04/06/2018,38.980000,39.090000,38.450001,38.630001,37.155056,3475600,-,36.524686,36.203971,36.778504,37.054064,7025714.0
04/05/2018,38.799999,39.119999,38.410000,39.000000,37.510929,4428000,-,36.511784,36.189040,36.721756,37.029057,7065976.0
04/04/2018,38.660000,38.799999,38.250000,38.779999,37.299328,4286100,-,36.496868,36.173090,36.616918,36.939608,7106184.0
04/03/2018,38.250000,38.930000,38.180000,38.750000,37.270473,6064200,-,36.484134,36.152224,36.539492,36.894402,7209678.0
04/02/2018,39.099998,39.160000,37.970001,38.259998,36.799175,7398700,-,36.470327,36.130411,36.488034,36.843427,7257688.0
03/29/2018,38.810001,39.320000,38.759998,39.009998,37.520546,6223800,-,36.458267,36.129839,36.423593,36.854969,7250682.0
03/28/2018,38.580002,38.970001,38.459999,38.540001,37.068493,7685300,-,36.441944,36.124369,36.324045,36.745322,7244744.0
03/27/2018,38.139999,38.849998,37.990002,38.470001,37.001171,5743200,-,36.427553,36.116124,36.251908,36.677033,7245784.0
03/26/2018,37.900002,38.160000,37.750000,38.099998,36.645290,3397100,-,36.414154,36.107701,36.192756,36.577965,7232824.0
03/23/2018,38.419998,38.580002,37.630001,37.709999,36.270180,4704900,-,36.401505,36.106777,36.189390,36.523141,7313520.0
03/22/2018,38.099998,39.080002,38.099998,38.369999,36.904984,5613200,-,36.391714,36.104588,36.214878,36.502943,7317718.0
03/21/2018,38.360001,38.730000,37.950001,38.070000,36.616436,7642700,-,36.379125,36.093706,36.160536,36.414456,7358740.0
03/20/2018,38.290001,38.590000,38.150002,38.310001,36.847275,9898800,-,36.367697,36.096980,36.111964,36.294229,7421534.0
03/19/2018,38.430000,38.570000,37.910000,38.220001,36.760715,6117000,-,36.354975,36.087823,36.081667,36.184581,7366400.0
03/16/2018,37.959999,38.540001,37.900002,38.380001,36.914604,11779500,-,36.343294,36.086496,36.060506,36.132642,7338648.0
03/15/2018,37.830002,38.209999,37.700001,37.869999,36.424072,5461100,-,36.328876,36.092572,36.018186,35.992216,7199354.0
03/14/2018,37.509998,38.080002,37.509998,37.830002,36.385601,5338400,-,36.315739,36.118560,35.957111,35.902767,7193192.0
03/13/2018,37.669998,38.029999,37.209999,37.439999,36.010490,6515800,-,36.301670,36.141886,35.901084,35.826784,7148790.0
03/12/2018,37.549999,37.650002,37.220001,37.529999,36.097054,8515000,-,36.290460,36.170619,35.871437,35.807548,7093354.0
03/09/2018,37.490002,37.570000,37.009998,37.500000,36.068199,7714800,-,36.277787,36.191712,35.822692,35.855639,7023524.0
03/08/2018,36.860001,37.520000,36.740002,37.450001,36.020111,4566100,-,36.263196,36.209953,35.733464,35.926814,6910046.0
03/07/2018,37.049999,37.200001,36.570000,36.820000,35.414165,4875100,-,36.249595,36.232966,35.654740,35.906616,6889320.0
03/06/2018,37.689999,37.730000,37.020000,37.169998,35.750797,6534000,-,36.236821,36.269242,35.621559,35.929699,6872112.0
03/05/2018,36.849998,37.750000,36.669998,37.680000,36.241325,5684500,-,36.222458,36.298214,35.592985,35.978752,6862986.0
03/02/2018,36.970001,37.139999,36.500000,36.919998,35.510345,5339900,-,36.204565,36.328428,35.577999,35.988371,6838778.0
03/01/2018,37.180000,37.549999,36.650002,36.939999,35.529583,5238400,-,36.188733,36.389650,35.605279,36.044156,6831514.0
02/28/2018,37.299999,37.660000,37.040001,37.040001,35.625767,7602000,-,36.173695,36.455443,35.663518,36.011454,6907094.0
02/27/2018,38.029999,38.490002,37.240002,37.240002,35.818130,6734500,-,36.155505,36.520646,35.706466,35.975385,6848936.0
02/26/2018,38.290001,38.400002,37.860001,38.029999,36.577965,5324200,-,36.133401,36.588100,35.741702,35.935326,6887078.0
02/23/2018,37.360001,38.279999,37.180000,38.240002,36.779949,5400500,-,36.107182,36.638071,35.764197,35.789745,6939464.0
02/22/2018,37.180000,37.520000,36.930000,37.240002,35.818130,8085300,-,36.079164,36.701344,35.768017,35.540114,7005784.0
02/21/2018,37.680000,37.759998,37.020000,37.060001,35.645000,14813800,-,36.059064,36.767273,35.797536,35.402864,7003082.0
02/20/2018,37.730000,38.099998,37.470001,37.680000,36.241325,9892100,-,36.040201,36.832092,35.850956,35.313418,6843092.0
02/16/2018,37.599998,37.980000,37.430000,37.779999,36.337509,9447600,-,36.017010,36.890891,35.851693,35.207218,6752918.0
02/15/2018,36.720001,37.509998,36.619999,37.500000,36.068199,6799200,-,35.993014,36.950245,35.843808,35.167628,6686760.0
02/14/2018,36.570000,37.060001,36.220001,36.599998,35.202564,7662800,-,35.972592,37.020892,35.878928,35.166403,6649566.0
02/13/2018,37.040001,37.180000,36.419998,37.009998,35.265076,7408600,-,35.955895,37.113997,35.981150,35.315582,6614484.0
02/12/2018,36.900002,37.330002,36.560001,37.169998,35.417538,7420700,-,35.940278,37.203566,36.050709,35.437548,6613234.0
02/09/2018,36.150002,37.099998,35.869999,36.860001,35.122154,10826800,-,35.924872,37.289704,36.108833,35.548079,6554564.0
02/08/2018,36.160000,36.849998,35.950001,35.980000,34.283642,11328600,-,35.911222,37.386895,36.182679,35.738649,6415174.0
02/07/2018,36.470001,37.689999,36.090000,36.150002,34.445633,8553400,-,35.902600,37.494948,36.276535,35.995920,6275786.0
02/06/2018,36.509998,36.820000,35.570000,36.470001,34.750542,12573000,-,35.895117,37.599381,36.372297,36.192207,6133370.0
02/05/2018,37.720001,38.070000,36.830002,36.919998,35.179321,7002300,-,35.883929,37.695238,36.473776,36.388494,5943088.0
02/02/2018,37.750000,38.150002,37.639999,37.720001,35.941608,5533600,-,35.870689,37.780423,36.534282,36.496167,5864678.0
02/01/2018,38.529999,38.709999,37.770000,37.840000,36.055950,4894500,-,35.855541,37.849600,36.571919,36.519989,5830002.0
01/31/2018,38.299999,38.590000,38.099998,38.509998,36.694359,10075700,-,35.841306,37.914775,36.630043,36.591453,5828538.0
01/30/2018,38.330002,38.619999,38.090000,38.290001,36.484730,4606900,-,35.824436,37.966801,36.681498,36.646718,5766766.0
01/29/2018,38.709999,38.709999,38.160000,38.330002,36.522846,4654000,-,35.808938,38.033119,36.734858,36.663870,5790172.0
01/26/2018,38.849998,38.950001,38.439999,38.860001,37.027863,7514700,-,35.794271,38.110491,36.781071,36.669588,5802652.0
01/25/2018,38.340000,38.770000,38.250000,38.680000,36.856346,6889700,-,35.776847,38.165804,36.787265,36.626709,5758562.0
01/24/2018,38.470001,38.520000,38.119999,38.209999,36.408504,5488700,-,35.758750,38.209609,36.793458,36.557151,5698400.0
01/23/2018,38.419998,38.939999,38.320000,38.529999,36.713417,6438400,-,35.743634,38.259346,36.831572,36.552387,5660234.0
01/22/2018,38.220001,38.630001,37.919998,38.049999,36.256050,9460800,-,35.728385,38.306388,36.857299,36.559057,5607776.0
01/19/2018,38.750000,38.799999,37.900002,37.970001,36.179825,8464700,-,35.714449,38.361633,36.904465,36.572396,5502236.0
01/18/2018,39.000000,39.080002,38.169998,38.590000,36.770588,7048400,-,35.701265,38.407434,36.983075,36.623849,5398496.0
01/17/2018,38.590000,39.200001,38.549999,39.090000,37.247013,5926900,-,35.683643,38.446147,37.073120,36.668634,5371714.0
01/16/2018,38.470001,38.820000,38.099998,38.470001,36.656250,7737300,-,35.664380,38.471172,37.151731,36.716277,5409064.0
01/12/2018,38.330002,38.590000,38.009998,38.389999,36.580021,5095200,-,35.646772,38.497235,37.263214,36.805845,5358518.0
01/11/2018,38.220001,38.740002,38.049999,38.410000,36.599079,7431900,-,35.630613,38.525956,37.393755,36.892554,5330462.0
01/10/2018,38.020000,38.340000,37.820000,37.950001,36.160763,4914800,-,35.613152,38.554864,37.517626,36.947820,5279536.0
01/09/2018,38.549999,38.669998,37.740002,38.160000,36.360863,7664300,-,35.598671,38.592726,37.706767,37.029765,5236912.0
01/08/2018,38.279999,38.869999,38.230000,38.599998,36.780117,10782400,-,35.584489,38.619591,37.844454,37.110757,5163502.0
01/05/2018,38.720001,38.830002,38.070000,38.189999,36.389442,7142100,-,35.567469,38.641663,37.949745,37.155542,5050736.0
01/04/2018,38.970001,39.139999,38.490002,38.509998,36.694359,4729400,-,35.553979,38.669469,38.089338,37.236535,4984066.0
01/03/2018,39.369999,39.880001,38.770000,39.060001,37.218433,4814800,-,35.537388,38.687016,38.219879,37.342301,4962538.0
01/02/2018,39.540001,39.689999,39.259998,39.590000,37.723442,5153000,-,35.516366,38.691057,38.338985,37.477606,4950954.0
12/29/2017,39.439999,39.500000,39.250000,39.410000,37.551929,3118300,-,35.494860,38.688590,38.445705,37.587184,4944112.0
12/28/2017,38.930000,39.330002,38.930000,39.299999,37.447113,3744000,-,35.474074,38.686717,38.555283,37.720584,4936276.0
12/27/2017,38.970001,39.020000,38.770000,38.990002,37.151737,5023500,-,35.455203,38.686562,38.669149,37.894956,4946172.0
12/26/2017,39.119999,39.230000,38.779999,38.810001,36.980217,2040900,-,35.434839,38.693638,38.810647,38.087432,5016814.0
12/22/2017,39.189999,39.220001,38.970001,39.009998,37.170784,3529800,-,35.416725,38.696014,38.945952,38.383769,5103530.0
12/21/2017,38.869999,39.360001,38.759998,39.070000,37.227959,4014700,-,35.397798,38.688906,39.070776,38.578151,5127610.0
12/20/2017,39.580002,39.720001,38.970001,39.040001,37.199375,6077700,-,35.377703,38.671578,39.186548,38.743948,5145500.0
12/19/2017,40.580002,40.740002,39.610001,39.619999,37.752022,4474100,-,35.357472,38.651797,39.298508,38.942141,5072014.0
12/18/2017,40.889999,41.080002,40.389999,40.480000,38.571480,4976700,-,35.336381,38.616046,39.380930,39.097456,5032224.0
12/15/2017,40.860001,41.020000,40.680000,40.740002,38.819225,9017400,-,35.310914,38.565986,39.418091,39.200365,5015130.0
12/14/2017,40.980000,41.259998,40.610001,40.810001,38.885925,4694100,-,35.285369,38.514753,39.441912,39.304226,4943472.0
12/13/2017,41.000000,41.490002,40.860001,41.130001,39.190838,8641600,-,35.259954,38.459161,39.487649,39.389983,4949028.0
12/12/2017,41.779999,41.889999,40.959999,41.009998,39.076492,7943500,-,35.231390,38.390852,39.547678,39.443342,4879860.0
12/11/2017,41.090000,41.950001,41.090000,41.919998,39.943588,8716500,-,35.206368,38.330503,39.583529,39.533862,4895280.0
12/08/2017,40.619999,41.070000,40.369999,41.049999,39.114609,7950200,-,35.176361,38.243924,39.538681,39.508136,4858788.0
12/07/2017,41.139999,41.169998,39.549999,40.810001,38.885925,6814300,-,35.153330,38.168820,39.527718,39.563401,4784852.0
12/06/2017,41.480000,41.650002,40.779999,41.119999,39.181305,5383400,-,35.125873,38.093563,39.536698,39.629148,4765244.0
12/05/2017,41.580002,41.709999,40.950001,41.250000,39.305176,6139700,-,35.095593,38.012776,39.528545,39.654874,4737016.0
12/04/2017,41.889999,42.000000,41.419998,41.560001,39.600567,4939500,-,35.065762,37.937642,39.486782,39.664403,4705158.0
12/01/2017,41.889999,42.090000,41.259998,41.830002,39.857834,5908700,-,35.032876,37.847524,39.442066,39.635817,4674044.0
11/30/2017,41.750000,41.959999,41.430000,41.709999,39.743492,7346100,-,34.997960,37.752829,39.374088,39.579599,4624806.0
11/29/2017,41.830002,41.910000,41.490002,41.689999,39.724430,4487200,-,34.962689,37.655882,39.284881,39.585315,4636374.0
11/28/2017,41.779999,42.110001,41.740002,41.959999,39.981697,3857300,-,34.928162,37.566312,39.199464,39.652015,4653842.0
11/27/2017,41.700001,41.820000,41.459999,41.650002,39.686321,4359200,-,34.891143,37.473866,39.102602,39.633196,4712936.0
11/24/2017,41.500000,41.750000,41.470001,41.630001,39.667263,1432600,-,34.853709,37.391299,39.020981,39.569226,4930766.0
11/22/2017,41.439999,41.549999,41.209999,41.500000,39.543392,3058900,-,34.815589,37.318378,38.922822,39.492035,4980264.0
11/21/2017,41.459999,41.669998,41.340000,41.389999,39.438572,3081800,-,34.779835,37.242262,38.839839,39.444248,5026468.0
11/20/2017,41.320000,41.639999,41.209999,41.349998,39.400459,3799800,-,34.748192,37.169755,38.756897,39.402216,5059098.0
11/17/2017,41.189999,41.360001,41.060001,41.259998,39.314705,4821300,-,34.715819,37.109166,38.665461,39.309160,5048886.0
11/16/2017,41.599998,41.650002,41.110001,41.240002,39.295654,6987100,-,34.683738,37.044620,38.570749,39.248315,5041794.0
11/15/2017,42.459999,42.669998,41.680000,41.770000,39.800659,5777200,-,34.651935,36.977807,38.485971,39.168577,4986746.0
11/14/2017,41.750000,42.459999,41.590000,42.389999,40.391422,5278000,-,34.615907,36.891818,38.368852,38.984447,4971932.0
11/13/2017,41.380001,42.180000,41.299999,42.090000,39.793514,5310200,-,34.578901,36.794960,38.221249,38.746914,4989868.0
11/10/2017,40.860001,41.430000,40.860001,41.299999,39.046619,3881600,-,34.541023,36.708925,38.106851,38.572007,5000848.0
11/09/2017,41.209999,41.540001,41.029999,41.139999,38.895348,3580400,-,34.507064,36.644068,38.009471,38.472736,5051926.0
11/08/2017,41.290001,41.470001,40.840000,41.320000,39.065529,3815500,-,34.474826,36.581669,37.905472,38.353610,5060364.0
11/07/2017,40.730000,41.490002,40.660000,41.270000,39.018253,4183800,-,34.442014,36.523051,37.770274,38.235430,5032650.0
11/06/2017,40.970001,41.139999,40.619999,40.689999,38.469898,3277700,-,34.408426,36.466325,37.629876,38.111577,5026638.0
11/03/2017,40.750000,41.560001,40.560001,40.939999,38.706257,5709300,-,34.378362,36.421133,37.504606,38.021761,5024948.0
11/02/2017,40.099998,40.810001,39.470001,40.720001,38.498268,7794400,-,34.349414,36.371970,37.372717,37.893182,5029936.0
11/01/2017,40.320000,40.360001,39.980000,40.150002,37.959366,5210000,-,34.321231,36.326589,37.260682,37.803365,4929096.0
10/31/2017,40.220001,40.380001,40.099998,40.209999,38.016083,3692400,-,34.295604,36.290284,37.168029,37.753256,4862886.0
10/30/2017,40.070000,40.270000,39.939999,40.240002,38.044453,4885600,-,34.270475,36.247740,37.055995,37.695585,4850930.0
10/27/2017,39.810001,40.330002,39.740002,40.250000,38.053902,2783600,-,34.243182,36.205195,36.956724,37.641694,4830294.0
10/26/2017,40.250000,40.340000,39.869999,39.880001,37.704090,3993800,-,34.215841,36.155087,36.834763,37.546206,4847706.0
10/25/2017,39.869999,40.180000,39.310001,40.070000,37.883728,5144100,-,34.190020,36.121997,36.717529,37.457335,4851336.0
10/24/2017,39.740002,40.000000,39.599998,39.959999,37.779728,3808600,-,34.161783,36.079830,36.579494,37.305119,4838884.0
10/23/2017,39.590000,39.820000,39.389999,39.740002,37.571735,3653000,-,34.135031,36.035205,36.447606,37.148175,4818112.0
10/20/2017,39.750000,39.810001,39.340000,39.580002,37.420467,4235600,-,34.113044,35.992850,36.346444,36.987451,4818112.0
10/19/2017,39.599998,39.880001,39.439999,39.770000,37.600098,4810900,-,34.089146,35.951865,36.230154,36.852253,4811964.0
10/18/2017,39.580002,39.680000,39.349998,39.619999,37.458279,2726500,-,34.064304,35.906537,36.106302,36.718000,4828204.0
10/17/2017,39.560001,39.720001,39.220001,39.599998,37.439369,4238800,-,34.038792,35.873606,35.978195,36.582803,4841504.0
10/16/2017,39.150002,39.740002,38.980000,39.669998,37.505547,8555600,-,34.014754,35.841241,35.868524,36.416405,4807900.0
10/13/2017,39.000000,39.430000,38.919998,39.240002,37.099014,6376700,-,33.991442,35.806615,35.761217,36.271754,4714562.0
10/12/2017,38.400002,38.950001,38.250000,38.939999,36.815380,4733800,-,33.967773,35.785180,35.684164,36.123320,4664426.0
10/11/2017,37.930000,38.500000,37.930000,38.459999,36.361568,4909200,-,33.946441,35.769043,35.644455,35.977723,4690422.0
10/10/2017,38.169998,38.410000,38.009998,38.299999,36.210297,2403400,-,33.926918,35.764420,35.613256,35.853870,4719312.0
10/09/2017,38.160000,38.320000,37.980000,38.040001,35.964493,2484600,-,33.908198,35.758885,35.593402,35.747036,4834136.0
10/06/2017,38.119999,38.250000,37.930000,38.150002,36.068485,4122000,-,33.889925,35.759391,35.613729,35.705436,4898180.0
10/05/2017,38.200001,38.389999,37.990002,38.349998,36.257568,5434500,-,33.872603,35.750132,35.614674,35.608055,4920814.0
10/04/2017,37.849998,38.209999,37.689999,38.189999,36.106304,4971900,-,33.855669,35.731281,35.599547,35.494603,4905482.0
10/03/2017,38.119999,38.139999,37.549999,37.840000,35.775398,5183200,-,33.839354,35.703083,35.569293,35.373587,4884134.0
10/02/2017,37.810001,38.389999,37.650002,38.139999,36.059032,8714500,-,33.824739,35.684877,35.557948,35.320642,4877028.0
09/29/2017,37.480000,37.959999,37.439999,37.669998,35.614670,6891900,-,33.805763,35.666247,35.529584,35.250680,4790204.0
09/28/2017,37.000000,37.610001,36.830002,37.400002,35.359409,4253400,-,33.790711,35.658754,35.539039,35.245008,4719958.0
09/27/2017,37.000000,37.279999,36.880001,37.150002,35.123047,5833900,-,33.772567,35.652430,35.559838,35.311188,4701250.0
09/26/2017,37.520000,37.520000,37.160000,37.169998,35.141953,3972000,-,33.757398,35.646522,35.610419,35.372641,4681140.0
09/25/2017,37.139999,37.660000,37.020000,37.599998,35.548492,4546800,-,33.738916,35.637798,35.662418,35.439768,4748896.0
09/22/2017,37.250000,37.320000,36.930000,37.119999,35.094681,3383800,-,33.715322,35.602762,35.695509,35.522021,4719436.0
09/21/2017,36.900002,37.410000,36.860001,37.150002,35.123047,3446800,-,33.691789,35.570428,35.753181,35.621292,4721128.0
09/20/2017,37.380001,37.380001,36.630001,36.910000,34.896137,7924500,-,33.669357,35.544088,35.808489,35.704490,4721822.0
09/19/2017,37.400002,37.549999,37.029999,37.279999,35.245953,5360600,-,33.646633,35.515726,35.870888,35.764999,4648712.0
09/18/2017,37.590000,37.869999,37.080002,37.400002,35.359409,6812000,-,33.618299,35.481117,35.903033,35.795253,4629364.0
09/15/2017,38.119999,38.400002,37.490002,37.610001,35.557949,15250700,-,33.590961,35.440865,35.930924,35.808489,4580794.0
09/14/2017,37.689999,38.139999,37.590000,38.099998,36.021214,3907500,-,33.567917,35.398516,35.930451,35.833070,4395390.0
09/13/2017,37.910000,38.119999,37.779999,37.799999,35.737579,5369100,-,33.541315,35.343903,35.931869,35.808489,4397300.0
09/12/2017,38.349998,38.450001,37.540001,37.880001,35.813217,4713300,-,33.512407,35.300961,35.933760,35.848197,4336202.0
09/11/2017,38.139999,38.500000,38.040001,38.470001,36.371025,3289200,-,33.481880,35.260818,35.920523,35.885069,4332052.0
09/08/2017,37.970001,38.290001,37.900002,38.169998,36.087387,4466700,-,33.449254,35.205207,35.874670,35.868996,4362852.0
09/07/2017,37.650002,38.099998,37.580002,38.029999,35.955032,4234700,-,33.418138,35.161829,35.838861,35.885069,4371904.0
09/06/2017,37.759998,37.820000,37.480000,37.549999,35.501225,5036500,-,33.384235,35.131783,35.807797,35.912487,4366786.0
09/05/2017,37.590000,37.680000,37.439999,37.599998,35.548492,6174800,-,33.351499,35.119249,35.823322,35.976777,4363534.0
09/01/2017,37.950001,37.959999,37.419998,37.540001,35.491768,5859200,-,33.319031,35.092460,35.836952,36.010814,4327532.0
08/31/2017,38.000000,38.139999,37.820000,37.869999,35.803764,6435500,-,33.289008,35.069805,35.851075,36.053358,4295418.0
08/30/2017,38.220001,38.220001,37.799999,37.840000,35.775398,4002300,-,33.251449,35.041097,35.862251,36.027831,4235610.0
08/29/2017,38.290001,38.439999,38.160000,38.220001,36.134663,2429800,-,33.209029,35.017081,35.873909,36.055249,4234984.0
08/28/2017,38.369999,38.419998,37.980000,38.270000,36.181934,3883200,-,33.165678,34.984942,35.873695,36.019322,4263976.0
08/25/2017,38.490002,38.590000,38.290001,38.299999,36.210297,3193200,-,33.129195,34.956356,35.861276,35.955978,4297120.0
08/24/2017,38.310001,38.509998,38.130001,38.340000,36.248119,5958700,-,33.099730,34.922330,35.850251,35.880343,4297824.0
08/23/2017,38.200001,38.389999,38.070000,38.320000,36.229210,2752400,-,33.068996,34.885110,35.818122,35.792654,4241466.0
08/22/2017,37.990002,38.270000,37.959999,38.230000,36.144127,1899500,-,33.035068,34.845644,35.772411,35.703107,4266028.0
08/21/2017,38.060001,38.139999,37.840000,37.959999,35.888855,3094600,-,33.001972,34.806567,35.700026,35.669867,4336878.0
08/18/2017,37.570000,38.189999,37.480000,37.990002,35.917217,3853800,-,32.969791,34.775221,35.648839,35.663091,4356138.0
08/17/2017,38.060001,38.189999,37.590000,37.599998,35.548492,3654200,-,32.939991,34.739183,35.609355,35.648792,4361262.0
08/16/2017,37.840000,38.139999,37.779999,38.130001,36.049572,4175300,-,32.915682,34.714456,35.593931,35.696671,4367178.0
08/15/2017,37.400002,37.950001,37.400002,37.840000,35.775398,4521500,-,32.885085,34.681207,35.543612,35.692569,4373328.0
08/14/2017,37.560001,37.630001,37.410000,37.599998,35.548492,2770000,-,32.856038,34.652317,35.496223,35.728067,4370294.0
08/11/2017,37.500000,37.570000,37.250000,37.500000,35.453949,3653000,-,32.828082,34.627403,35.454088,35.766574,4381128.0
08/10/2017,37.709999,37.919998,37.560001,37.740002,35.371223,3928200,-,32.798976,34.606816,35.371224,35.820159,4397658.0
08/09/2017,38.419998,38.480000,37.700001,37.700001,35.333740,5622900,-,32.769159,34.580011,35.276564,35.843590,4445880.0
08/08/2017,38.130001,38.380001,38.029999,38.209999,35.811726,3391500,-,32.738853,34.549270,35.200179,35.841715,4410156.0
08/07/2017,38.150002,38.270000,38.049999,38.220001,35.821095,2558600,-,32.707689,34.504470,35.083493,35.730185,4456324.0
08/04/2017,38.220001,38.369999,37.959999,38.169998,35.774227,3888700,-,32.676658,34.463419,34.968214,35.634587,4493566.0
08/03/2017,38.380001,38.470001,38.189999,38.439999,36.027290,3869900,-,32.646807,34.419182,34.846842,35.569918,4569840.0
08/02/2017,38.189999,38.619999,37.720001,38.419998,36.008545,6033600,-,32.614159,34.361636,34.717504,35.491190,4707638.0
08/01/2017,38.480000,38.779999,38.419998,38.549999,36.130383,6353700,-,32.581380,34.307464,34.581605,35.394656,4700654.0
07/31/2017,38.389999,38.500000,38.240002,38.340000,35.933563,8144600,-,32.548668,34.242045,34.454610,35.264380,4697838.0
07/28/2017,37.970001,38.439999,37.880001,38.400002,35.989799,5686800,-,32.515408,34.180937,34.348234,35.141602,4693008.0
07/27/2017,37.730000,38.040001,37.540001,37.990002,35.605534,5253700,-,32.480246,34.114393,34.228268,34.922289,4720134.0
07/26/2017,37.020000,37.709999,36.950001,37.680000,35.314991,4667900,-,32.448581,34.049162,34.143917,34.709537,4735290.0
07/25/2017,37.270000,37.349998,36.930000,37.020000,34.696419,3904500,-,32.416928,33.993302,34.100804,34.558643,4789200.0
07/24/2017,37.480000,37.490002,37.110001,37.200001,34.865120,4827900,-,32.387828,33.939130,34.109707,34.436802,4837940.0
07/21/2017,37.560001,37.759998,37.320000,37.480000,35.127541,4373300,-,32.358199,33.869775,34.076904,34.301840,4892906.0
07/20/2017,37.450001,37.689999,37.310001,37.599998,35.240009,3379600,-,32.326042,33.793906,34.038478,34.123766,4925490.0
07/19/2017,37.250000,37.410000,37.060001,37.389999,35.043198,3318000,-,32.297421,33.712632,33.994896,33.943817,4959552.0
07/18/2017,37.049999,37.189999,36.910000,37.160000,34.827625,4828400,-,32.272126,33.647731,33.971465,33.768554,4989024.0
07/17/2017,36.490002,37.060001,36.450001,37.029999,34.705788,7359800,-,32.247908,33.588627,33.956470,33.644840,4973058.0
07/14/2017,35.959999,36.270000,35.939999,36.060001,33.796669,3073800,-,32.227543,33.526576,33.958813,33.554866,4967048.0
07/13/2017,35.970001,36.020000,35.660000,35.720001,33.478012,3468400,-,32.212488,33.481408,33.994428,33.534247,5038370.0
07/12/2017,36.009998,36.209999,35.939999,36.070000,33.806046,3481500,-,32.201909,33.451524,34.039884,33.578297,5070358.0
07/11/2017,35.820000,35.849998,35.509998,35.720001,33.478012,4269000,-,32.189600,33.412666,34.062377,33.642965,5086110.0
07/10/2017,35.590000,36.009998,35.590000,35.759998,33.515503,4393200,-,32.180823,33.385937,34.097992,33.782613,5082766.0
07/07/2017,35.700001,35.900002,35.500000,35.580002,33.346798,4383500,-,32.170191,33.362356,34.138293,33.851968,5072934.0
07/06/2017,35.439999,35.730000,35.369999,35.680000,33.440521,5980500,-,32.156170,33.343264,34.176719,33.953189,5066084.0
07/05/2017,35.840000,35.970001,35.380001,35.520000,33.290565,4003000,-,32.142807,33.325638,34.220301,34.045975,5053294.0
07/03/2017,36.200001,36.250000,35.590000,35.840000,33.590485,2314200,-,32.128706,33.318808,34.275129,34.174377,5061904.0
06/30/2017,35.919998,36.279999,35.830002,36.070000,33.806046,4505800,-,32.112296,33.297255,34.312149,34.268099,5105014.0
06/29/2017,35.990002,36.230000,35.799999,35.840000,33.590485,4829200,-,32.092421,33.271762,34.336986,34.362760,5102138.0
06/28/2017,36.869999,36.919998,36.130001,36.189999,33.918507,4919300,-,32.073309,33.258191,34.378693,34.454609,5100428.0
06/27/2017,36.959999,37.119999,36.580002,36.759998,34.452732,3978800,-,32.055168,33.243999,34.384316,34.501471,5091176.0
06/26/2017,36.660000,37.439999,36.580002,37.209999,34.874485,4873900,-,32.033321,33.221351,34.351513,34.481789,5074596.0
06/23/2017,36.660000,36.790001,36.450001,36.500000,34.209057,4374700,-,32.015849,33.191567,34.286376,34.413371,5049264.0
06/22/2017,36.610001,37.080002,36.610001,36.660000,34.359013,4253500,-,32.000444,33.179175,34.264350,34.424618,5056884.0
06/21/2017,36.950001,37.130001,36.500000,36.669998,34.368382,3445100,-,31.983794,33.162856,34.224518,34.400249,5076584.0
06/20/2017,36.810001,37.130001,36.689999,36.889999,34.574577,3971000,-,31.965386,33.140224,34.163598,34.394626,5111600.0
06/19/2017,37.139999,37.150002,36.650002,36.840000,34.527710,3879400,-,31.944776,33.116439,34.099866,34.375881,5153284.0
06/16/2017,36.880001,37.119999,36.869999,37.080002,34.752655,5540400,-,31.925255,33.099159,34.016452,34.356199,5189890.0
06/15/2017,36.669998,36.860001,36.509998,36.820000,34.508972,3228400,-,31.903755,33.073482,33.922728,34.311211,5171500.0
06/14/2017,36.790001,36.900002,36.590000,36.689999,34.387123,3140800,-,31.884553,33.054164,33.830410,34.302777,5207688.0
06/13/2017,36.480000,36.599998,36.369999,36.549999,34.255917,3980500,-,31.865286,33.031343,33.728252,34.267162,5238080.0
06/12/2017,36.660000,36.869999,36.389999,36.480000,34.190308,5442000,-,31.849421,33.014116,33.641558,34.221238,5301456.0
06/09/2017,36.400002,36.680000,36.320000,36.619999,34.321522,4057600,-,31.834785,32.993003,33.531433,34.159380,5272658.0
06/08/2017,36.610001,36.610001,36.240002,36.400002,34.115330,4110000,-,31.818953,32.973536,33.385224,34.104083,5283990.0
06/07/2017,36.680000,36.849998,36.549999,36.610001,34.312149,3950000,-,31.803431,32.953366,33.246162,34.048787,5320054.0
06/06/2017,36.750000,36.860001,36.540001,36.689999,34.387123,4482800,-,31.786655,32.932415,33.089370,33.932570,5288040.0
06/05/2017,36.560001,36.740002,36.380001,36.630001,34.330894,4369800,-,31.771035,32.915163,32.959922,33.823851,5270496.0
06/02/2017,36.799999,36.830002,36.419998,36.599998,34.302776,3311700,-,31.755111,32.896065,32.836998,33.676705,5308754.0
06/01/2017,36.250000,36.740002,36.099998,36.730000,34.424625,4479500,-,31.737751,32.883841,32.702022,33.534245,5351354.0
05/31/2017,36.080002,36.450001,35.980000,36.310001,34.030979,6339300,-,31.721583,32.862869,32.557704,33.358044,5370686.0
05/30/2017,35.720001,36.200001,35.660000,36.060001,33.796669,3836700,-,31.708780,32.842529,32.455345,33.189341,5317706.0
05/26/2017,36.009998,36.080002,35.730000,35.820000,33.571732,5699900,-,31.696563,32.835044,32.358668,33.061878,5408490.0
05/25/2017,35.930000,36.080002,35.700001,36.029999,33.768551,4420700,-,31.687281,32.831501,32.287160,32.903486,5366182.0
05/24/2017,35.450001,35.830002,35.340000,35.810001,33.562366,7702400,-,31.678443,32.829590,32.215557,32.666366,5381872.0
05/23/2017,35.520000,35.590000,35.290001,35.369999,33.149979,10759800,-,31.671796,32.819922,32.157047,32.443538,5286344.0
05/22/2017,34.910000,35.639999,34.910000,35.529999,33.299934,5684400,-,31.667345,32.824072,32.127510,32.246171,5129134.0
05/19/2017,35.160000,35.160000,34.779999,35.060001,32.859436,6212900,-,31.662992,32.825779,32.109966,32.095993,5085964.0
05/18/2017,34.959999,35.330002,34.520000,35.080002,32.878181,7903100,-,31.661913,32.832769,32.092636,31.997291,5028090.0
05/17/2017,34.509998,34.959999,34.430000,34.849998,32.662609,7043100,-,31.661678,32.838270,32.075296,31.869798,4949126.0
05/16/2017,34.610001,34.709999,34.279999,34.509998,32.343956,6011500,-,31.665555,32.855694,32.087762,31.757365,4896220.0
05/15/2017,34.360001,34.830002,34.340000,34.700001,32.522034,7363400,-,31.670223,32.878377,32.131011,31.721348,4849354.0
05/12/2017,33.650002,34.250000,33.500000,34.130001,31.987812,6341500,-,31.672125,32.902139,32.170925,31.655458,4765816.0
05/11/2017,33.459999,33.630001,33.299999,33.500000,31.397350,7576200,-,31.675493,32.938441,32.240799,31.670834,4728344.0
05/10/2017,33.669998,33.790001,33.450001,33.759998,31.334091,6002500,-,31.684046,32.980056,32.350405,31.764748,4671796.0
05/09/2017,34.189999,34.200001,33.570000,33.590000,31.176302,5082700,-,31.694744,33.034816,32.460854,31.870556,4672712.0
05/08/2017,34.380001,34.480000,34.169998,34.259998,31.798161,4791600,-,31.705830,33.090134,32.563878,32.008850,4662152.0
05/05/2017,34.180000,34.540001,34.160000,34.340000,31.872416,4030100,-,31.709566,33.144337,32.643235,32.123939,4730016.0
05/04/2017,33.950001,34.299999,33.880001,34.049999,31.603247,7059300,-,31.711994,33.174780,32.732800,32.187980,4753912.0
05/03/2017,34.590000,34.590000,33.680000,33.980000,31.538280,6639900,-,31.717241,33.205223,32.826078,32.280794,4698772.0
05/02/2017,34.389999,34.529999,34.119999,34.459999,31.983788,5067800,-,31.723214,33.241235,32.926318,32.418159,4655508.0
05/01/2017,34.650002,34.700001,34.209999,34.330002,31.863134,4269100,-,31.726156,33.262026,32.989431,32.540674,4653412.0
04/28/2017,34.840000,34.880001,34.529999,34.630001,32.141575,4101800,-,31.729255,33.282259,33.066002,32.686392,4638412.0
04/27/2017,34.919998,35.169998,34.799999,34.840000,32.336483,3901600,-,31.732569,33.293211,33.115658,32.810764,4637250.0
04/26/2017,35.040001,35.430000,34.900002,34.900002,32.392174,4041000,-,31.733480,33.302864,33.166241,32.936063,4670030.0
04/25/2017,35.340000,35.520000,34.840000,35.080002,32.559238,5341000,-,31.733979,33.306576,33.201974,33.051152,4686172.0
04/24/2017,35.200001,35.619999,34.970001,35.500000,32.949051,4433500,-,31.732347,33.299383,33.237244,33.118906,4726834.0
04/21/2017,35.049999,35.340000,35.009998,35.029999,32.512829,4469700,-,31.726937,33.281267,33.266017,33.162531,4790340.0
04/20/2017,35.459999,35.459999,34.830002,35.049999,32.531391,4362000,-,31.727859,33.278864,33.309175,33.277620,4893012.0
04/19/2017,35.790001,35.869999,35.360001,35.459999,32.911930,4743700,-,31.726814,33.290433,33.367184,33.371362,4882650.0
04/18/2017,35.910000,36.060001,35.720001,35.779999,33.208935,4456700,-,31.724758,33.290714,33.390388,33.434476,4868374.0
04/17/2017,35.980000,36.119999,35.840000,35.900002,33.320316,3149800,-,31.720994,33.284503,33.380642,33.438188,4864930.0
04/13/2017,36.139999,36.189999,35.820000,35.970001,33.385292,3607300,-,31.711139,33.276799,33.385747,33.445612,4880428.0
04/12/2017,35.970001,36.259998,35.759998,36.189999,33.589470,4755700,-,31.699888,33.260992,33.386210,33.420551,4937496.0
04/11/2017,35.750000,36.310001,35.570000,36.139999,33.543064,5238500,-,31.686322,33.249009,33.390387,33.396420,5004256.0
04/10/2017,36.000000,36.000000,35.689999,35.810001,33.236786,5195900,-,31.672095,33.222508,33.367183,33.352797,5023232.0
04/07/2017,36.310001,36.470001,35.930000,35.970001,33.385292,6055200,-,31.661899,33.202867,33.373216,33.355581,4984258.0
04/06/2017,36.000000,36.340000,35.740002,36.270000,33.663719,5709700,-,31.648640,33.184118,33.373216,33.369503,4953590.0
04/05/2017,35.880001,36.160000,35.759998,36.060001,33.468819,4620900,-,31.635461,33.160903,33.350476,33.340731,4917514.0
04/04/2017,35.799999,36.380001,35.720001,36.139999,33.543064,5037800,-,31.621829,33.137541,33.334698,33.363006,4929278.0
04/03/2017,35.950001,35.980000,35.529999,35.820000,33.246059,4660400,-,31.608762,33.115821,33.334234,33.346299,4901260.0
03/31/2017,35.750000,36.430000,35.650002,35.980000,33.394558,7149300,-,31.595217,33.109235,33.345836,33.323096,4914414.0
03/30/2017,35.790001,35.910000,35.490002,35.700001,33.134682,4002100,-,31.580840,33.098575,33.361615,33.325881,4871920.0
03/29/2017,35.700001,36.119999,35.299999,35.930000,33.348156,4624200,-,31.566245,33.092562,33.395028,33.351869,4852204.0
03/28/2017,35.520000,35.689999,35.369999,35.669998,33.106838,5913200,-,31.553037,33.085405,33.401525,33.384354,4838298.0
03/27/2017,36.259998,36.320000,35.660000,35.840000,33.264626,2349300,-,31.541929,33.074984,33.449789,33.381569,4821092.0
03/24/2017,35.880001,36.400002,35.869999,36.119999,33.524509,3605600,-,31.532442,33.061406,33.483666,33.390850,4845940.0
03/23/2017,36.200001,36.439999,35.919998,35.959999,33.375999,6282700,-,31.521253,33.041712,33.532857,33.376928,4918792.0
03/22/2017,36.099998,36.419998,36.099998,36.299999,33.691566,5441700,-,31.509335,33.018919,33.533785,33.360222,4899948.0
03/21/2017,35.490002,36.139999,35.380001,35.959999,33.375999,5446100,-,31.497177,32.993677,33.505477,33.306390,4884182.0
03/20/2017,36.110001,36.110001,35.439999,35.570000,33.014023,3690300,-,31.486329,32.989641,33.503621,33.322169,4901718.0
03/17/2017,36.070000,36.220001,35.930000,36.009998,33.422413,8375900,-,31.476221,32.982179,33.504085,33.368577,4930890.0
03/16/2017,36.060001,36.230000,35.889999,35.980000,33.394558,3584500,-,31.462686,32.966365,33.476705,33.397349,4896408.0
03/15/2017,35.790001,36.529999,35.700001,36.279999,33.673004,5205200,-,31.448666,32.945592,33.441436,33.438188,4970644.0
03/14/2017,35.869999,35.869999,35.560001,35.639999,33.078995,2926000,-,31.433522,32.924766,33.398741,33.418697,4936274.0
03/13/2017,35.970001,36.070000,35.799999,35.939999,33.357433,2899300,-,31.420634,32.920050,33.373681,33.518008,4959238.0
03/10/2017,35.950001,36.150002,35.720001,35.970001,33.385292,3525900,-,31.405059,32.900203,33.315788,33.576482,4970452.0
03/09/2017,35.700001,35.980000,35.650002,35.779999,33.208935,3319200,-,31.389836,32.883477,33.248687,33.688786,5012928.0
03/08/2017,35.810001,35.910000,35.509998,35.720001,33.153252,3954900,-,31.374334,32.868439,33.207874,33.707349,5044048.0
03/07/2017,36.189999,36.360001,36.020000,36.130001,33.533787,4397800,-,31.361520,32.854699,33.205704,33.704564,5200142.0
03/06/2017,36.200001,36.299999,35.980000,36.070000,33.478100,3668200,-,31.346403,32.830221,33.175313,33.685072,5271142.0
03/03/2017,36.410000,36.410000,35.910000,36.320000,33.710133,3186500,-,31.330090,32.812742,33.146326,33.639593,5310382.0
03/02/2017,35.990002,36.630001,35.860001,36.419998,33.802948,4467900,-,31.314805,32.795955,33.107577,33.556060,5347318.0
03/01/2017,36.320000,36.470001,36.009998,36.070000,33.478100,4748800,-,31.300752,32.776761,33.047177,33.444683,5474338.0
02/28/2017,36.470001,36.869999,36.450001,36.709999,34.072102,6048300,-,31.289304,32.764246,33.022788,33.378785,5578982.0
02/27/2017,37.090000,37.099998,36.400002,36.570000,33.942169,4554700,-,31.277208,32.728083,32.930082,33.229354,5668252.0
02/24/2017,36.150002,37.189999,35.950001,37.180000,34.508339,8184800,-,31.265226,32.701323,32.845711,33.055095,5765594.0
02/23/2017,35.830002,36.180000,35.730000,35.980000,33.394558,5224900,-,31.248368,32.645769,32.742686,32.808588,5731850.0
02/22/2017,35.849998,35.919998,35.389999,35.689999,33.125404,4302300,-,31.237301,32.619663,32.698108,32.708399,5829718.0
02/21/2017,35.389999,36.020000,35.250000,35.919998,33.338871,4476700,-,31.229481,32.586067,32.656873,32.706844,5871736.0
02/17/2017,35.459999,35.619999,35.090000,35.580002,33.023308,4963000,-,31.219267,32.535881,32.612781,32.665553,5892388.0
02/16/2017,35.220001,35.439999,35.130001,35.419998,32.874805,3519100,-,31.210101,32.483180,32.607454,32.653059,5905916.0
02/15/2017,35.049999,35.240002,34.849998,35.220001,32.689178,4043700,-,31.199553,32.438414,32.606793,32.659094,5970262.0
02/14/2017,35.439999,35.509998,34.910000,35.360001,32.819115,5540600,-,31.191305,32.391660,32.614035,32.649671,6045614.0
02/13/2017,34.770000,35.220001,34.770000,35.099998,32.577793,4848100,-,31.182408,32.326859,32.622595,32.666792,6108792.0
02/10/2017,34.750000,35.070000,34.700001,35.020000,32.199577,7374100,-,31.175026,32.273138,32.622993,32.630809,6179512.0
02/09/2017,35.230000,35.230000,34.470001,34.849998,32.043266,7608800,-,31.170376,32.248129,32.642302,32.636327,6163834.0
02/08/2017,35.250000,36.299999,34.970001,35.230000,32.392673,9603300,-,31.163279,32.221281,32.667128,32.676783,6148280.0
02/07/2017,35.840000,36.070000,35.759998,36.009998,33.109852,3843900,-,31.152444,32.172549,32.659312,32.687816,5991796.0
02/06/2017,35.889999,36.000000,35.660000,35.810001,32.925961,4029900,-,31.137670,32.104509,32.625292,32.606902,5988070.0
02/03/2017,35.779999,35.910000,35.660000,35.779999,32.898373,4284500,-,31.120586,32.042905,32.637704,32.560009,6047508.0
02/02/2017,35.439999,35.900002,35.360001,35.820000,32.935150,3924700,-,31.105720,31.982220,32.624832,32.561848,6068984.0
02/01/2017,35.660000,35.810001,35.040001,35.450001,32.594948,6460700,-,31.094959,31.907008,32.609661,32.554493,6111042.0
01/31/2017,35.040001,35.880001,34.990002,35.880001,32.990322,8093700,-,31.084263,31.834187,32.597708,32.578399,6063906.0
01/30/2017,35.139999,35.150002,34.799999,35.040001,32.217972,6187300,-,31.071325,31.755480,32.579778,32.578399,6003644.0
01/27/2017,35.439999,35.529999,35.020000,35.080002,32.254753,3247200,-,31.064769,31.700864,32.611040,32.615177,6125016.0
01/26/2017,35.400002,35.669998,35.150002,35.290001,32.447830,4521800,-,31.057234,31.621607,32.616557,32.648278,6312420.0
01/25/2017,35.340000,35.450001,35.180000,35.349998,32.502998,3905900,-,31.050148,31.518480,32.621615,32.657473,6421738.0
01/24/2017,35.270000,35.410000,35.099998,35.130001,32.300716,5209100,-,31.040399,31.417707,32.619316,32.630809,6675784.0
01/23/2017,35.849998,35.880001,35.240002,35.299999,32.457031,3636900,-,31.032368,31.349398,32.627592,32.643682,6753868.0
01/20/2017,35.779999,35.889999,35.549999,35.799999,32.916763,5318100,-,31.022008,31.306606,32.620236,32.715400,6767090.0
01/19/2017,35.610001,36.049999,35.419998,35.740002,32.861591,5024600,-,31.009172,31.250296,32.604605,32.687815,6749540.0
01/18/2017,35.799999,35.990002,35.599998,35.709999,32.834007,3016300,-,30.997895,31.181939,32.605065,32.664829,6716904.0
01/17/2017,35.549999,36.049999,35.520000,35.880001,32.990322,3928900,-,30.990780,31.115755,32.605525,32.617017,6721832.0
01/13/2017,35.389999,35.639999,35.240002,35.439999,32.585758,5052900,-,30.983547,31.045004,32.598629,32.581158,6749468.0
01/12/2017,35.419998,35.490002,35.220001,35.439999,32.585758,3591700,-,30.979222,30.992431,32.582538,32.606903,6757182.0
01/11/2017,35.200001,35.459999,35.119999,35.389999,32.539783,7248200,-,30.972995,30.954450,32.583457,32.584836,6826508.0
01/10/2017,35.419998,35.490002,35.009998,35.060001,32.236359,5340500,-,30.968147,30.902257,32.543001,32.585756,6785456.0
01/09/2017,36.090000,36.169998,35.250000,35.270000,32.429447,4653400,-,30.962473,30.856853,32.535645,32.607824,6777766.0
01/06/2017,35.389999,36.209999,35.320000,36.080002,33.174206,6322900,-,30.956497,30.807406,32.486454,32.611501,6800488.0
01/05/2017,35.500000,35.650002,35.259998,35.500000,32.640919,5148900,-,30.944187,30.736580,32.369223,32.525072,6762640.0
01/04/2017,35.340000,35.779999,35.259998,35.490002,32.631733,6651800,-,30.935782,30.671916,32.256589,32.521395,6734216.0
01/03/2017,35.669998,35.689999,34.910000,35.189999,32.355888,7296300,-,30.926893,30.604734,32.156827,32.545301,6679288.0
12/30/2016,35.750000,35.810001,35.369999,35.490002,32.631733,3486700,-,30.919205,30.549193,32.056605,32.594033,6605060.0
12/29/2016,35.330002,35.880001,35.279999,35.720001,32.843208,4074200,-,30.910448,30.488856,31.903974,32.616099,6610550.0
12/28/2016,35.459999,35.520000,35.119999,35.200001,32.365086,3460000,-,30.900059,30.428072,31.756400,32.558173,6603384.0
12/27/2016,35.240002,35.570000,35.130001,35.400002,32.548985,5649700,-,30.890822,30.370726,31.685602,32.582079,6596862.0
12/23/2016,35.400002,35.490002,35.090000,35.299999,32.457031,4875200,-,30.881329,30.308802,31.593195,32.500246,6574288.0
12/22/2016,35.299999,35.689999,35.189999,35.310001,32.466225,11759600,-,30.872649,30.251418,31.468148,32.463467,6604116.0
12/21/2016,35.509998,35.720001,35.090000,35.139999,32.309917,7947800,-,30.863924,30.187726,31.330229,32.361407,6456160.0
12/20/2016,35.669998,35.880001,35.380001,35.459999,32.604145,5630200,-,30.853503,30.120675,31.207021,32.213373,6392232.0
12/19/2016,35.860001,35.919998,35.180000,35.750000,32.870789,5033300,-,30.841877,30.054044,31.070021,31.991782,6329098.0
12/16/2016,35.759998,36.360001,35.520000,35.720001,32.843208,10818900,-,30.827546,29.976316,30.885209,31.768353,6320004.0
12/15/2016,34.889999,35.939999,34.759998,35.730000,32.852394,9981000,-,30.810876,29.896978,30.690742,31.519178,6181236.0
12/14/2016,35.599998,36.340000,34.930000,35.090000,32.263947,10511800,-,30.792922,29.818718,30.500873,31.191850,6138646.0
12/13/2016,34.660000,35.480000,34.619999,35.459999,32.604145,9421800,-,30.774549,29.747362,30.362034,30.954628,6042992.0
12/12/2016,34.660000,35.000000,34.340000,34.509998,31.730658,6497600,-,30.752042,29.685595,30.146420,30.789125,5954674.0
12/09/2016,34.139999,34.990002,34.139999,34.900002,32.089245,10118300,-,30.732664,29.650665,29.924462,30.686145,5935320.0
12/08/2016,33.270000,34.200001,33.080002,34.200001,31.445618,6403200,-,30.712555,29.608564,29.693217,30.472829,5839258.0
12/07/2016,33.250000,33.660000,33.250000,33.529999,30.829580,5509300,-,30.696770,29.592305,29.565201,30.299051,5799310.0
12/06/2016,33.590000,33.639999,32.970001,33.049999,30.388241,5639400,-,30.683048,29.591429,29.539593,30.200669,5784438.0
12/05/2016,33.000000,33.389999,32.740002,33.320000,30.636494,6736400,-,30.669055,29.610909,29.525244,30.148259,5742564.0
12/02/2016,32.720001,33.410000,32.669998,33.009998,30.351461,7811300,-,30.656033,29.625063,29.465606,30.002064,5686770.0
12/01/2016,32.320000,32.669998,31.770000,32.169998,29.579111,8699500,-,30.642445,29.652484,29.424273,29.862306,5620224.0
11/30/2016,33.130001,33.259998,32.509998,32.509998,29.891729,8384100,-,30.633648,29.688686,29.417955,29.809897,5550420.0
11/29/2016,33.250000,33.730000,33.240002,33.660000,30.949112,6590200,-,30.621696,29.701703,29.421226,29.769440,5503428.0
11/28/2016,32.740002,33.660000,32.709999,33.389999,30.700855,6831100,-,30.604148,29.698077,29.408105,29.503716,5429638.0
11/25/2016,32.419998,32.869999,32.389999,32.580002,29.956093,1779100,-,30.585363,29.693470,29.369569,29.162779,5437972.0
11/23/2016,32.049999,32.430000,32.000000,32.310001,29.707836,3657600,-,30.569639,29.700517,29.370071,28.913604,5502362.0
11/22/2016,32.430000,32.810001,32.169998,32.459999,29.845753,7001800,-,30.558739,29.702981,29.382537,28.831351,5529338.0
11/21/2016,31.860001,32.480000,31.860001,32.480000,29.864143,5358300,-,30.549405,29.701426,29.371894,28.878518,5508334.0
11/18/2016,31.820000,32.209999,31.559999,31.730000,29.174547,6027600,-,30.541819,29.709951,29.349072,28.902228,5537350.0
11/17/2016,31.430000,31.799999,31.430000,31.490000,28.953880,4103900,-,30.540046,29.728125,29.353975,28.929148,5522142.0
11/16/2016,32.110001,32.180000,31.170000,31.600000,29.055019,5080600,-,30.536529,29.776652,29.385224,28.986241,5507668.0
11/15/2016,30.930000,32.160000,30.930000,32.070000,29.487164,12255900,-,30.529703,29.818112,29.413217,29.026014,5464792.0
11/14/2016,29.900000,30.910000,29.840000,30.770000,28.291866,12617400,-,30.514278,29.848948,29.429060,29.073011,5289856.0
11/11/2016,30.250000,30.610001,29.820000,30.000000,27.291492,9987700,-,30.504217,29.896845,29.489356,29.312495,5103510.0
11/10/2016,31.650000,31.660000,29.959999,30.190001,27.464336,16608200,-,30.497274,29.960066,29.597419,29.576358,4998104.0
11/09/2016,32.959999,32.959999,32.009998,32.070000,28.885311,9113300,-,30.485700,30.023252,29.703595,29.826539,4744890.0
11/08/2016,33.290001,33.820000,32.389999,33.660000,30.317421,4298000,-,30.464130,30.054597,29.723411,29.933722,4626012.0
11/07/2016,32.980000,33.430000,32.770000,33.419998,30.101246,4440600,-,30.434480,30.061622,29.655408,29.865269,4608410.0
11/04/2016,32.889999,33.139999,32.660000,32.689999,29.443743,3392800,-,30.402932,30.070269,29.613976,29.795916,4592992.0
11/03/2016,32.669998,32.980000,32.509998,32.779999,29.524807,3262700,-,30.378483,30.103054,29.591009,29.778803,4579276.0
11/02/2016,33.160000,33.189999,32.410000,32.700001,29.452751,5310700,-,30.350957,30.137821,29.558584,29.784207,4586720.0
11/01/2016,34.020000,34.060001,33.110001,33.259998,29.957140,5438600,-,30.320987,30.171867,29.532914,29.800420,4563646.0
10/31/2016,33.340000,34.130001,33.340000,34.070000,30.686705,7058000,-,30.292263,30.192944,29.469865,29.785109,4500220.0
10/28/2016,33.290001,33.450001,33.009998,33.230000,29.930120,5195600,-,30.259102,30.198348,29.411320,29.666217,4455002.0
10/27/2016,33.360001,33.549999,32.750000,33.270000,29.966145,4956000,-,30.231695,30.225008,29.414022,29.618480,4474322.0
10/26/2016,33.000000,33.490002,32.669998,33.259998,29.957140,5789500,-,30.202487,30.248607,29.414923,29.580651,4500182.0
10/25/2016,32.500000,32.980000,32.439999,32.900002,29.632893,4430500,-,30.175077,30.266080,29.448700,29.513099,4494940.0
10/24/2016,32.619999,32.750000,32.299999,32.650002,29.407715,3727700,-,30.149813,30.297244,29.506344,29.445547,4487390.0
10/21/2016,32.639999,32.849998,32.389999,32.500000,29.272612,3905400,-,30.124624,30.338496,29.604070,29.432037,4580788.0
10/20/2016,32.939999,33.020000,32.660000,32.840000,29.578852,3584900,-,30.100198,30.380108,29.707650,29.403215,4705518.0
10/19/2016,33.009998,33.099998,32.740002,32.880001,29.614880,3761200,-,30.075774,30.422837,29.814832,29.332960,4793422.0
10/18/2016,33.049999,33.270000,32.549999,33.090000,29.804026,3715900,-,30.051038,30.470558,29.903550,29.265408,4806764.0
10/17/2016,32.799999,33.009998,32.700001,32.750000,29.497787,3133900,-,30.024524,30.519138,29.940479,29.154622,4840434.0
10/14/2016,32.830002,33.189999,32.680000,32.700001,29.452751,4521000,-,29.998666,30.574379,30.003977,29.156423,4882882.0
10/13/2016,32.470001,33.250000,32.430000,32.849998,29.587860,6366600,-,29.972682,30.633912,30.054867,29.209565,4875200.0
10/12/2016,32.209999,32.549999,32.139999,32.509998,29.281620,4361800,-,29.947162,30.695027,30.090894,29.249195,4835672.0
10/11/2016,32.419998,32.549999,32.099998,32.150002,28.957371,4751400,-,29.922340,30.766017,30.118366,29.384300,4858390.0
10/10/2016,32.389999,32.580002,32.209999,32.500000,29.272612,2473500,-,29.899096,30.855631,30.158897,29.567141,4886880.0
10/07/2016,32.330002,32.630001,32.169998,32.180000,28.984390,4578600,-,29.874451,30.935727,30.209786,29.776103,4931600.0
10/06/2016,32.020000,32.209999,31.770000,32.060001,28.876305,3880500,-,29.850065,31.014089,30.264729,30.012084,4903066.0
10/05/2016,31.930000,32.340000,31.750000,32.130001,28.939356,7851500,-,29.825825,31.089793,30.389925,30.296704,4906084.0
10/04/2016,32.700001,32.709999,31.680000,31.860001,28.696169,5729100,-,29.798948,31.173162,30.499360,30.541693,4804428.0
10/03/2016,33.250000,33.250000,32.570000,32.770000,29.515799,5005900,-,29.771973,31.268715,30.616000,30.726335,4781950.0
09/30/2016,33.490002,33.650002,33.009998,33.290001,29.984167,5529900,-,29.740199,31.346268,30.674545,30.851532,4789772.0
09/29/2016,33.919998,33.919998,33.189999,33.290001,29.984167,5315200,-,29.702623,31.397493,30.697963,30.900168,4782682.0
09/28/2016,34.240002,34.330002,33.669998,34.009998,30.632664,4405800,-,29.664215,31.444970,30.729938,30.932593,4739708.0
09/27/2016,34.830002,34.970001,34.119999,34.180000,30.785784,4765700,-,29.624667,31.485368,30.720931,30.852431,4707870.0
09/26/2016,34.779999,34.959999,34.610001,34.820000,31.362226,3545700,-,29.586719,31.524310,30.715076,30.750653,4706494.0
09/23/2016,35.169998,35.220001,34.770000,34.799999,31.344208,3946700,-,29.546282,31.548510,30.673644,30.643469,4700274.0
09/22/2016,34.970001,35.270000,34.840000,35.220001,31.722506,4484000,-,29.505804,31.571286,30.660584,30.517373,4734108.0
09/21/2016,34.060001,34.860001,34.009998,34.849998,31.389240,5209300,-,29.464399,31.592922,30.637617,30.483146,4759766.0
09/20/2016,34.250000,34.419998,33.840000,33.910000,30.542591,6034500,-,29.424440,31.615510,30.625908,30.457027,4781190.0
09/19/2016,33.880001,34.209999,33.880001,34.160000,30.767763,2900700,-,29.390598,31.654496,30.649326,30.505664,4743996.0
09/16/2016,33.599998,33.959999,33.369999,33.830002,30.470535,7247800,-,29.356507,31.683801,30.658783,30.497559,4784488.0
09/15/2016,33.040001,33.740002,33.020000,33.650002,30.308416,4998600,-,29.326135,31.711732,30.698414,30.495758,4723640.0
09/14/2016,33.130001,33.459999,32.900002,33.119999,29.831043,5006400,-,29.294209,31.759507,30.740297,30.527282,4731902.0
09/13/2016,33.490002,33.560001,32.860001,33.049999,29.767996,5951600,-,29.266027,31.809332,30.790285,30.589430,4720092.0
09/12/2016,33.349998,33.770000,33.310001,33.630001,30.290396,6809100,-,29.238511,31.863989,30.861440,30.679500,4691580.0
09/09/2016,34.520000,34.549999,33.389999,33.400002,30.083241,5267200,-,29.208733,31.907305,30.920436,30.703819,4732096.0
09/08/2016,34.490002,34.990002,34.459999,34.840000,31.380241,3380200,-,29.179509,31.932626,30.983935,30.803796,4774490.0
09/07/2016,34.410000,34.660000,34.299999,34.560001,31.128046,2936800,-,29.145246,31.927723,31.000688,30.792087,4845598.0
09/06/2016,34.270000,34.450001,34.220001,34.450001,31.028967,3509100,-,29.112944,31.922687,31.044332,30.794789,4946150.0
09/02/2016,33.779999,34.209999,33.720001,34.070000,30.686705,3300100,-,29.080963,31.916061,31.104535,30.792988,5068832.0
09/01/2016,33.910000,34.020000,33.740002,33.810001,30.452528,4717400,-,29.048810,31.926279,31.183190,30.820008,5092154.0
08/31/2016,33.790001,34.020000,33.610001,34.000000,30.623657,3947500,-,29.022032,31.931896,31.282034,30.901071,5058030.0
08/30/2016,34.049999,34.099998,33.689999,33.810001,30.452528,3169400,-,28.993041,31.939982,31.383033,30.953311,5050378.0
08/29/2016,34.049999,34.200001,33.880001,34.049999,30.668688,3417900,-,28.965869,31.945778,31.501962,30.991140,5079904.0
08/26/2016,34.560001,34.840000,33.880001,33.900002,30.533588,3669700,-,28.938974,31.951000,31.640431,31.043381,5152184.0
08/25/2016,34.720001,34.730000,34.459999,34.509998,31.083012,2707000,-,28.912185,31.951069,31.777622,31.137053,5151754.0
08/24/2016,34.540001,34.790001,34.450001,34.709999,31.263151,3634900,-,28.881597,31.939792,31.868597,31.164074,5220548.0
08/23/2016,34.540001,34.840000,34.540001,34.590000,31.155067,4157000,-,28.846990,31.918842,31.938514,31.209288,5298556.0
08/22/2016,34.490002,34.540001,34.259998,34.430000,31.010956,2267300,-,28.815739,31.909873,32.036151,31.293875,5292228.0
08/19/2016,34.630001,34.650002,34.139999,34.369999,30.956907,4797100,-,28.786769,31.907357,32.159293,31.416082,5368868.0
08/18/2016,34.459999,34.810001,34.330002,34.709999,31.263151,6161600,-,28.755512,31.915562,32.281120,31.546372,5356566.0
08/17/2016,34.189999,34.660000,33.779999,34.580002,31.146063,6249000,-,28.722118,31.916036,32.345235,31.662997,5285672.0
08/16/2016,34.490002,34.599998,34.220001,34.230000,30.830818,5527400,-,28.687359,31.912960,32.405832,31.812755,5219384.0
08/15/2016,34.900002,35.080002,34.619999,34.630001,31.191095,4053000,-,28.657080,31.921545,32.496919,32.012783,5175818.0
08/12/2016,35.099998,35.470001,34.919998,34.939999,31.470308,8397600,-,28.624869,31.921853,32.574010,32.237481,5224866.0
08/11/2016,35.209999,35.419998,34.599998,34.810001,31.353218,10141900,-,28.591219,31.912292,32.629105,32.418191,5145366.0
08/10/2016,35.990002,36.099998,35.130001,35.529999,31.715296,7980100,-,28.560840,31.899538,32.685593,32.573120,5031122.0
08/09/2016,36.410000,36.480000,35.830002,35.849998,32.000938,4428300,-,28.531641,31.877044,32.740044,32.667739,4992924.0
08/08/2016,36.279999,36.320000,35.980000,36.110001,32.233025,5399400,-,28.505996,31.849908,32.765930,32.778426,4969338.0
08/05/2016,36.299999,36.400002,36.029999,36.139999,32.259804,5256300,-,28.476808,31.815274,32.778873,32.902503,4931454.0
08/04/2016,36.560001,36.810001,36.250000,36.330002,32.429409,4136900,-,28.448006,31.774927,32.777534,33.015868,4968886.0
08/03/2016,36.820000,36.919998,36.430000,36.570000,32.643642,4390200,-,28.416623,31.733151,32.749416,33.027472,4995186.0
08/02/2016,37.240002,37.299999,36.720001,36.779999,32.831093,5497700,-,28.385381,31.682450,32.752094,32.998908,4992666.0
08/01/2016,37.200001,37.700001,37.080002,37.459999,33.438080,6175900,-,28.355369,31.637640,32.726654,32.981056,4958212.0
07/29/2016,36.820000,37.400002,36.700001,37.279999,33.277409,4709500,-,28.319853,31.579083,32.679791,32.910538,4930940.0
07/28/2016,36.560001,36.939999,36.430000,36.860001,32.902504,3151900,-,28.286006,31.517848,32.638730,32.840020,4963626.0
07/27/2016,36.860001,37.020000,36.270000,36.590000,32.661491,4031400,-,28.255940,31.472859,32.561071,32.798066,4991030.0
07/26/2016,37.500000,37.549999,37.000000,37.090000,33.107807,2768700,-,28.226169,31.439475,32.484750,32.812348,5003524.0
07/25/2016,37.330002,37.500000,37.180000,37.500000,33.473793,4605200,-,28.194427,31.401092,32.373171,32.753434,5014106.0
07/22/2016,36.599998,37.459999,36.590000,37.410000,33.393456,5397000,-,28.157605,31.364672,32.234366,32.655244,5021834.0
07/21/2016,36.299999,36.509998,36.250000,36.459999,32.545448,5175400,-,28.121531,31.327717,32.124572,32.539201,4995574.0
07/20/2016,36.549999,36.599998,36.240002,36.250000,32.357998,3166500,-,28.090088,31.299546,32.033970,32.471360,4995360.0
07/19/2016,36.560001,36.650002,36.400002,36.580002,32.652573,2813900,-,28.057502,31.276008,31.967469,32.505280,5031288.0
07/18/2016,36.490002,36.849998,36.380001,36.669998,32.732899,4696900,-,28.020757,31.254185,31.871956,32.472252,5092530.0
07/15/2016,36.470001,36.599998,36.320000,36.490002,32.572227,3234700,-,27.985776,31.225449,31.781800,32.449044,5131860.0
07/14/2016,36.540001,36.669998,36.270000,36.389999,32.482964,5638400,-,27.949216,31.197804,31.680040,32.437440,5184324.0
07/13/2016,36.599998,36.770000,36.270000,36.750000,32.804314,5766900,-,27.913319,31.163451,31.581850,32.324076,5199042.0
07/12/2016,36.400002,36.680000,36.310001,36.430000,32.518669,6280500,-,27.877115,31.128157,31.452418,32.157153,5160046.0
07/11/2016,36.060001,36.430000,35.770000,36.400002,32.491890,4174800,-,27.840476,31.098575,31.361815,31.992908,5141474.0
07/08/2016,35.750000,36.139999,35.369999,36.110001,32.233025,4925300,-,27.803754,31.070766,31.281478,31.813489,5142736.0
07/07/2016,36.450001,36.529999,35.580002,35.700001,31.867043,4205400,-,27.765900,31.051497,31.238185,31.709944,5148430.0
07/06/2016,36.220001,36.680000,35.990002,36.630001,32.697201,5411700,-,27.738802,31.026632,31.209175,31.596580,5175890.0
07/05/2016,36.049999,36.330002,35.880001,36.209999,32.322289,4415900,-,27.709243,30.977204,31.123928,31.429657,5152930.0
07/01/2016,36.450001,36.459999,36.049999,36.410000,32.500816,4526000,-,27.684418,30.933858,31.070816,31.271660,5158038.0
06/30/2016,35.209999,36.369999,34.919998,36.360001,32.456192,8834900,-,27.656490,30.874027,31.006100,31.114557,5182192.0
06/29/2016,35.000000,35.250000,34.799999,35.119999,31.349319,7386900,-,27.626316,30.823403,30.932904,30.922640,5099170.0
06/28/2016,34.720001,34.889999,34.400002,34.880001,31.135084,6935600,-,27.600247,30.812078,30.901215,30.839624,5080466.0
06/27/2016,34.270000,34.709999,33.930000,34.590000,30.876226,7964400,-,27.573255,30.798491,30.873990,30.747683,5040852.0
06/24/2016,34.450001,35.009998,34.169998,34.389999,30.697693,9643200,-,27.547775,30.789020,30.862386,30.730722,5091738.0
06/23/2016,34.560001,34.950001,34.380001,34.950001,31.197575,4466200,-,27.523360,30.793204,30.852567,30.749467,4974116.0
06/22/2016,34.840000,34.880001,34.389999,34.430000,30.733404,3011200,-,27.498613,30.784205,30.804811,30.766427,4957070.0
06/21/2016,34.470001,34.939999,34.230000,34.759998,31.027969,3564900,-,27.473717,30.790152,30.785173,30.821770,5017958.0
06/20/2016,34.740002,34.830002,34.419998,34.439999,30.742325,4645700,-,27.449687,30.780654,30.739202,30.818199,5020902.0
06/17/2016,34.080002,34.650002,34.000000,34.650002,30.929781,7031900,-,27.425786,30.779699,30.731615,30.869972,5025782.0
06/16/2016,34.180000,34.419998,34.029999,34.209999,30.537020,3648200,-,27.400948,30.768803,30.710638,30.897644,4975118.0
06/15/2016,33.910000,34.529999,33.840000,34.189999,30.519163,6146700,-,27.381539,30.765055,30.694571,30.943168,5063472.0
06/14/2016,34.400002,34.439999,33.610001,33.849998,30.215672,7535300,-,27.364993,30.766794,30.701266,30.962806,5063018.0
06/13/2016,34.669998,34.840000,34.400002,34.400002,30.706619,3840600,-,27.351351,30.790702,30.740096,31.000297,5001692.0
06/10/2016,35.049999,35.200001,34.330002,34.599998,30.885141,6099300,-,27.334041,30.807445,30.764197,30.994050,5077570.0
06/09/2016,35.040001,35.200001,34.599998,35.139999,31.367172,4182000,-,27.311333,30.824156,30.802580,30.955667,5100154.0
06/08/2016,34.770000,35.070000,34.689999,35.049999,31.286833,2616900,-,27.295919,30.823619,30.811507,30.843195,5101312.0
06/07/2016,35.080002,35.099998,34.610001,34.720001,30.992264,2934600,-,27.282467,30.829289,30.804009,30.748576,5200008.0
06/06/2016,35.049999,35.250000,34.820000,35.020000,31.260052,3349100,-,27.273954,30.831473,30.813451,30.660205,5231968.0
06/03/2016,34.930000,35.310001,34.910000,34.959999,31.206501,6505400,-,27.265749,30.830956,30.828522,30.593258,5285210.0
06/02/2016,34.299999,34.730000,34.189999,34.720001,30.992264,4422600,-,27.255299,30.821071,30.833001,30.523632,5386408.0
06/01/2016,34.279999,34.490002,34.189999,34.410000,30.715546,4429700,-,27.245096,30.820425,30.842885,30.445973,5375872.0
05/31/2016,34.340000,34.410000,33.959999,34.270000,30.590582,6070200,-,27.234847,30.823190,30.845376,30.439725,5404086.0
05/27/2016,34.209999,34.360001,34.070000,34.330002,30.644144,3249000,-,27.223793,30.827747,30.867825,30.479894,5485188.0
05/26/2016,33.910000,34.299999,33.820000,34.169998,30.501316,3505200,-,27.212212,30.832471,30.887596,30.534344,5529238.0
05/25/2016,33.660000,34.029999,33.270000,33.880001,30.242451,7127900,-,27.197401,30.837752,30.917605,30.649494,5559132.0
05/24/2016,33.709999,33.990002,33.700001,33.990002,30.340637,5451900,-,27.184271,30.843257,30.968960,30.779819,5516992.0
05/23/2016,34.320000,34.389999,33.700001,33.730000,30.108559,4264200,-,27.171766,30.849451,30.983119,30.859443,5503016.0
05/20/2016,34.279999,34.310001,33.980000,34.270000,30.590582,3775000,-,27.158491,30.861702,30.988979,30.966697,5531922.0
05/19/2016,33.599998,34.259998,33.549999,34.180000,30.510244,4812300,-,27.141689,30.864313,30.967200,31.063785,5609836.0
05/18/2016,34.200001,34.320000,33.660000,33.849998,30.215672,6343800,-,27.125375,30.858624,30.917151,31.142370,5656760.0
05/17/2016,34.720001,34.830002,34.139999,34.340000,30.653069,4522100,-,27.113538,30.859887,30.902618,31.239797,5708400.0
05/16/2016,34.840000,35.020000,34.529999,34.720001,30.992264,4656100,-,27.097969,30.846918,30.909116,31.251026,5756050.0
05/13/2016,35.360001,35.389999,34.790001,34.939999,31.188644,3297800,-,27.078816,30.817258,30.882291,31.255756,5831700.0
05/12/2016,35.330002,35.580002,34.970001,35.459999,31.652815,4991600,-,27.056492,30.778717,30.842992,31.240849,5948202.0
05/11/2016,34.900002,35.410000,34.779999,35.340000,31.545706,4084000,-,27.031247,30.717447,30.805696,31.185715,5995954.0
05/10/2016,35.320000,35.410000,35.040001,35.200001,31.136875,5164700,-,27.004950,30.648589,30.765793,31.158100,6113120.0
05/09/2016,35.680000,35.779999,35.200001,35.250000,31.181101,4962900,-,26.981899,30.582953,30.760486,31.106795,6203952.0
05/06/2016,35.169998,35.950001,35.150002,35.680000,31.561462,5876000,-,26.960042,30.520680,30.729084,31.011261,6362716.0
05/05/2016,35.189999,35.810001,35.139999,35.380001,31.296091,6663400,-,26.942892,30.455222,30.685740,30.870614,6366622.0
05/04/2016,34.759998,35.509998,34.750000,35.259998,31.189947,5857900,-,26.927069,30.391002,30.640184,30.691932,6406134.0
05/03/2016,35.009998,35.189999,34.549999,34.779999,30.765350,6374300,-,26.914393,30.318998,30.598167,30.565438,6463202.0
05/02/2016,35.259998,35.380001,34.820000,35.090000,31.039570,3817100,-,26.904270,30.264331,30.590206,30.567207,6473886.0
04/29/2016,34.889999,35.189999,34.599998,35.090000,31.039570,5351900,-,26.893205,30.196219,30.608782,30.508825,6540824.0
04/28/2016,35.029999,35.520000,34.889999,35.160000,31.101482,4237900,-,26.878964,30.131823,30.633992,30.445135,6587520.0
04/27/2016,34.720001,35.599998,34.689999,35.349998,31.269554,5210000,-,26.864071,30.059819,30.664952,30.425676,6652310.0
04/26/2016,34.310001,34.730000,34.230000,34.619999,30.623817,5578400,-,26.848037,29.983215,30.668491,30.373486,6733192.0
04/25/2016,33.889999,34.230000,33.750000,34.169998,30.225763,4263700,-,26.835446,29.909619,30.715816,30.414177,6792098.0
04/22/2016,33.570000,34.160000,33.529999,34.090000,30.154999,4671300,-,26.823773,29.841330,30.759602,30.446907,6906292.0
04/21/2016,33.750000,33.830002,33.180000,33.360001,29.509262,5733700,-,26.812883,29.788787,30.813561,30.500865,7033726.0
04/20/2016,34.799999,34.900002,33.750000,33.830002,29.925009,4683800,-,26.805950,29.758181,30.873711,30.588437,7089770.0
04/19/2016,34.590000,34.970001,34.419998,34.799999,30.783039,6451700,-,26.793378,29.726618,30.925459,30.630897,7197306.0
04/18/2016,34.160000,34.529999,33.869999,34.430000,30.455755,4954900,-,26.776987,29.687355,30.928997,30.613205,7287180.0
04/15/2016,34.939999,34.939999,34.360001,34.369999,30.402674,10508700,-,26.760860,29.643250,30.947131,30.708739,7471054.0
04/14/2016,34.759998,35.119999,34.709999,34.939999,30.906883,3762100,-,26.743668,29.588994,30.971015,30.822849,7562828.0
04/13/2016,35.090000,35.090000,34.610001,34.759998,30.747660,3613900,-,26.725586,29.498900,30.963938,30.904229,7684898.0
04/12/2016,34.520000,35.130001,34.419998,35.080002,31.030724,6055600,-,26.709629,29.409538,30.952439,30.963495,7802546.0
04/11/2016,34.720001,35.049999,34.490002,34.540001,30.553062,3712100,-,26.691914,29.306981,30.933421,31.017455,7920458.0
04/08/2016,34.570000,35.040001,34.570000,34.700001,30.694584,4889700,-,26.679806,29.198910,30.941824,31.072297,7982248.0
04/07/2016,34.310001,34.599998,34.230000,34.349998,30.384981,4498700,-,26.667076,29.076446,30.943151,31.126256,8006602.0
04/06/2016,34.500000,34.610001,34.090000,34.310001,30.349609,8065900,-,26.658469,28.956495,30.935190,31.158985,8055228.0
04/05/2016,35.330002,35.340000,34.549999,34.599998,30.606121,6124000,-,26.650596,28.825338,30.931651,31.220020,8062652.0
04/04/2016,35.689999,35.770000,35.400002,35.509998,31.411091,4469000,-,26.644573,28.704292,30.901577,31.244790,8082224.0
04/01/2016,35.740002,35.950001,35.349998,35.660000,31.543770,7634500,-,26.634182,28.556461,30.806485,31.185524,8173644.0
03/31/2016,35.540001,35.950001,35.540001,35.860001,31.720688,7228500,-,26.622355,28.394763,30.692376,31.119181,8236056.0
03/30/2016,35.750000,35.759998,35.410000,35.430000,31.340324,4239900,-,26.608828,28.244593,30.535807,31.023647,8269252.0
03/29/2016,35.240002,35.770000,34.849998,35.689999,31.570316,7551700,-,26.597589,28.098878,30.373930,30.941382,8389144.0
03/28/2016,35.270000,35.490002,34.950001,35.160000,31.101482,4532600,-,26.586702,27.956446,30.188171,30.849386,8426952.0
03/24/2016,34.720001,35.360001,34.349998,35.310001,31.234179,6011200,-,26.577859,27.816909,30.036467,30.811351,8497466.0
03/23/2016,34.980000,35.500000,34.509998,34.720001,30.712273,11565300,-,26.563761,27.681726,29.889186,30.760045,8513780.0
03/22/2016,34.849998,35.200001,34.630001,35.000000,30.959961,3895800,-,26.552273,27.559083,29.757827,30.711394,8446264.0
03/21/2016,34.750000,35.080002,34.669998,34.880001,30.853811,5840400,-,26.540919,27.427282,29.589316,30.643283,8527664.0
03/18/2016,34.980000,35.110001,34.660000,34.840000,30.818432,10125300,-,26.530783,27.297954,29.448228,30.558364,8521050.0
03/17/2016,34.860001,35.000000,34.549999,34.910000,30.880341,5451500,-,26.520094,27.175465,29.289004,30.427447,8452834.0
03/16/2016,34.389999,34.849998,34.040001,34.779999,30.765350,4999900,-,26.510425,27.051213,29.135974,30.265571,8455572.0
03/15/2016,34.509998,34.750000,34.270000,34.500000,30.517672,5020900,-,26.502448,26.925932,28.972771,30.047967,8501938.0
03/14/2016,34.669998,34.869999,34.490002,34.650002,30.650364,4753100,-,26.495022,26.802101,28.818856,29.806479,8513598.0
03/11/2016,34.930000,34.980000,34.439999,34.730000,30.721125,5709500,-,26.487447,26.674214,28.633539,29.526955,8507278.0
03/10/2016,34.250000,34.849998,34.110001,34.730000,30.721125,7670700,-,26.479519,26.549467,28.438048,29.261583,8488558.0
03/09/2016,34.070000,34.360001,33.950001,34.169998,30.225763,7158500,-,26.471333,26.421391,28.278383,29.018327,8426794.0
03/08/2016,33.900002,34.320000,33.389999,34.230000,30.278843,8925800,-,26.467813,26.303047,28.166043,28.804260,8320230.0
03/07/2016,33.480000,34.049999,33.299999,33.919998,30.004623,6904600,-,26.464284,26.184343,28.069444,28.535350,8246238.0
03/04/2016,32.860001,33.630001,32.720001,33.360001,29.509262,8438600,-,26.461569,26.066392,28.010208,28.338091,8232646.0
03/03/2016,32.369999,33.099998,32.020000,33.080002,29.261587,9122900,-,26.462575,25.956772,27.947271,28.150562,8260370.0
03/02/2016,31.610001,32.349998,30.870001,32.320000,28.589308,7379200,-,26.464262,25.842820,27.868686,28.006377,8420384.0
03/01/2016,31.770000,31.959999,31.209999,31.770000,28.102793,9942300,-,26.469353,25.737058,27.759330,27.897575,8435466.0
02/29/2016,31.730000,32.139999,31.450001,31.490000,27.855120,9706300,-,26.472757,25.638223,27.668167,27.831233,8460458.0
02/26/2016,31.860001,32.139999,31.160000,31.730000,28.067410,12901100,-,26.475469,25.530501,27.570555,27.740122,8480314.0
02/25/2016,31.740000,31.980000,31.559999,31.980000,28.288557,6071300,-,26.478191,25.415204,27.424660,27.614513,8439866.0
02/24/2016,31.200001,31.850000,31.080000,31.750000,28.085102,8639000,-,26.478661,25.303894,27.238801,27.538440,8464520.0
02/23/2016,31.090000,31.620001,31.000000,31.190001,27.589743,8711300,-,26.482486,25.206114,27.053917,27.527826,8430824.0
02/22/2016,31.490000,31.730000,31.219999,31.690001,28.032032,6908500,-,26.488362,25.119817,26.864018,27.603538,8373256.0
02/19/2016,31.320000,31.360001,30.940001,31.240000,27.633970,7164000,-,26.490369,25.024149,26.690109,27.682325,8349550.0
02/18/2016,31.100000,31.639999,31.059999,31.450001,27.819736,7686700,-,26.496832,24.940297,26.509385,27.743979,8398562.0
02/17/2016,31.129999,31.280001,30.740000,31.090000,27.501289,7477400,-,26.505725,24.851853,26.291342,27.730994,8469752.0
02/16/2016,30.790001,31.139999,30.450001,31.020000,27.439371,9254100,-,26.513277,24.777312,26.126889,27.621084,8431536.0
02/12/2016,30.299999,30.620001,29.980000,30.459999,26.944012,8523700,-,26.520713,24.707513,25.957647,27.505101,8380906.0
02/11/2016,30.780001,31.080000,30.000000,30.309999,26.811321,9973400,-,26.529775,24.656556,25.832883,27.400988,8355668.0
02/10/2016,31.000000,31.420000,30.549999,31.120001,27.527826,11043000,-,26.539076,24.598793,25.698549,27.234807,8330256.0
02/09/2016,32.110001,32.400002,31.770000,31.940001,27.978958,8535900,-,26.543307,24.532130,25.545908,26.939162,8154372.0
02/08/2016,32.759998,33.119999,32.110001,32.360001,28.346867,10060600,-,26.548215,24.457847,25.375967,26.580009,8074344.0
02/05/2016,32.459999,32.950001,32.029999,32.900002,28.819902,10945400,-,26.547160,24.377607,25.177118,26.124497,8037702.0
02/04/2016,31.660000,32.419998,31.610001,32.250000,28.250511,14148600,-,26.543824,24.285979,24.955494,25.697892,7945806.0
02/03/2016,30.240000,31.730000,30.150000,31.610001,27.689882,15097400,-,26.543336,24.211520,24.777669,25.274791,7856798.0
02/02/2016,29.700001,30.160000,29.410000,30.139999,26.402187,9865600,-,26.547989,24.151077,24.626562,24.851690,7674082.0
02/01/2016,29.400000,30.110001,29.260000,30.000000,26.279545,9496300,-,26.556232,24.115687,24.531517,24.632694,7667074.0
01/29/2016,29.000000,29.670000,28.959999,29.570000,25.902876,11951200,-,26.566789,24.075216,24.433845,24.410193,7666772.0
01/28/2016,28.059999,28.940001,27.850000,28.709999,25.149519,6801600,-,26.580419,24.059098,24.351502,24.264779,7568854.0
01/27/2016,27.969999,28.420000,27.639999,28.049999,24.571377,6107400,-,26.596924,24.052616,24.318215,24.162290,7724804.0
01/26/2016,27.240000,28.000000,27.219999,27.840000,24.387419,6930000,-,26.614916,24.061551,24.305513,24.152654,7740112.0
01/25/2016,28.000000,28.100000,27.139999,27.160000,23.791752,8437100,-,26.634891,24.079596,24.301571,24.171925,7724678.0
01/22/2016,27.510000,28.090000,27.459999,28.030001,24.553854,7102600,-,26.658142,24.107277,24.329164,24.229740,7693380.0
01/21/2016,26.879999,27.530001,26.580000,27.420000,24.019503,9040000,-,26.677370,24.115512,24.306826,24.213096,7826146.0
01/20/2016,27.410000,27.450001,26.260000,26.780001,23.458874,10755100,-,26.700970,24.121954,24.307264,24.280548,7838608.0
01/19/2016,27.629999,27.930000,27.469999,27.639999,24.212221,8888300,-,26.727501,24.150875,24.312520,24.401433,7746996.0
01/15/2016,27.360001,27.969999,26.959999,27.459999,24.054541,10234500,-,26.748352,24.170968,24.266969,24.430340,7772738.0
01/14/2016,27.530001,28.100000,27.180000,27.910000,24.448734,9442100,-,26.767738,24.183989,24.222294,24.457496,7693866.0
01/13/2016,27.959999,28.160000,27.350000,27.540001,24.124622,8058300,-,26.788384,24.186700,24.123308,24.438225,7663416.0
01/12/2016,28.180000,28.180000,27.570000,27.940001,24.475019,6826900,-,26.810481,24.188094,24.032205,24.474140,7766660.0
01/11/2016,27.950001,28.360001,27.820000,28.059999,24.580133,8189500,-,26.825979,24.194092,23.944606,24.458372,7783242.0
01/08/2016,27.900000,27.980000,27.450001,27.820000,24.369896,7965800,-,26.841334,24.197468,23.875404,24.431216,7808980.0
01/07/2016,27.820000,28.190001,27.670000,27.840000,24.387419,5509700,-,26.859101,24.204876,23.820655,24.428588,7792034.0
01/06/2016,27.889999,28.280001,27.760000,28.190001,24.694016,6714500,-,26.878353,24.222678,23.763716,24.400556,7869164.0
01/05/2016,27.879999,28.190001,27.420000,28.160000,24.667730,5588400,-,26.896710,24.246307,23.701083,24.333981,7890060.0
01/04/2016,27.480000,28.000000,27.330000,27.969999,24.501293,7318200,-,26.914518,24.290392,23.637574,24.223607,7887374.0
12/31/2015,27.639999,27.850000,27.320000,27.770000,24.326097,5603900,-,26.933371,24.328274,23.601221,24.103598,7833028.0
12/30/2015,27.740000,27.950001,27.500000,27.690001,24.256020,4437100,-,26.955098,24.371740,23.582387,23.987092,7859116.0
12/29/2015,27.910000,28.000000,27.709999,27.950001,24.483774,4773500,-,26.973817,24.409674,23.589395,23.808391,7928250.0
12/28/2015,27.650000,27.820000,27.360001,27.760000,24.317337,4582500,-,26.990376,24.447907,23.561364,23.590271,8021890.0
12/24/2015,27.670000,27.860001,27.650000,27.750000,24.308578,1830300,-,27.006493,24.498133,23.555232,23.430841,8173152.0
12/23/2015,27.530001,27.860001,27.430000,27.790001,24.343616,5226200,-,27.023929,24.538656,23.553042,23.319592,8330702.0
12/22/2015,27.379999,27.620001,27.200001,27.520000,24.107101,6225000,-,27.037533,24.581945,23.552604,23.212722,8371490.0
12/21/2015,27.070000,27.510000,26.840000,27.430000,24.028265,9824800,-,27.053595,24.637589,23.559174,23.126875,8370216.0
12/18/2015,26.500000,27.040001,26.260000,26.900000,23.563992,17123600,-,27.069924,24.691171,23.584140,23.068185,8331272.0
12/17/2015,26.440001,26.790001,26.209999,26.600000,23.301195,8133300,-,27.089297,24.755078,23.639327,23.051541,8151062.0
12/16/2015,25.680000,26.590000,25.629999,26.440001,23.161041,11191900,-,27.112960,24.811243,23.705901,23.098845,8131314.0
12/15/2015,25.500000,26.049999,25.459999,25.650000,22.469009,10699100,-,27.135836,24.871597,23.760650,23.177683,8065638.0
12/14/2015,25.990000,26.010000,25.090000,25.459999,22.302570,10878700,-,27.163872,24.947352,23.892048,23.370399,8039796.0
12/11/2015,26.260000,26.540001,25.879999,25.940001,22.723045,7304000,-,27.191933,25.018116,24.018190,23.532457,7965132.0
12/10/2015,26.610001,26.750000,26.320000,26.480000,23.196081,6954200,-,27.222526,25.069726,24.132944,23.679623,7967896.0
12/09/2015,26.379999,27.059999,26.309999,26.570000,23.274918,5832900,-,27.250923,25.120540,24.237624,23.786493,7962444.0
12/08/2015,26.600000,26.700001,26.219999,26.540001,23.248638,5723200,-,27.281180,25.160246,24.332668,23.892487,7987750.0
12/07/2015,26.709999,26.900000,26.280001,26.760000,23.441357,9614600,-,27.312843,25.201344,24.418515,23.991473,8066996.0
12/04/2015,27.340000,27.450001,26.650000,26.709999,23.397556,11246200,-,27.339249,25.243786,24.463529,24.100095,8082512.0
12/03/2015,27.219999,27.480000,27.040001,27.139999,23.774229,5566600,-,27.364216,25.279653,24.538897,24.227112,8150492.0
12/02/2015,27.750000,27.830000,27.260000,27.340000,23.949423,6722600,-,27.387427,25.307119,24.611029,24.312958,8337008.0
12/01/2015,27.480000,27.879999,27.420000,27.850000,24.396175,7261800,-,27.411802,25.321376,24.648838,24.343618,8652204.0
11/30/2015,27.620001,27.730000,27.280001,27.309999,23.923145,8702800,-,27.430501,25.362400,24.658243,24.413697,8658540.0
11/27/2015,27.750000,27.840000,27.559999,27.620001,24.194704,2248800,-,27.453350,25.419644,24.671802,24.503923,8666368.0
11/25/2015,27.750000,27.820000,27.480000,27.700001,24.264780,4534500,-,27.478795,25.482895,24.700813,24.586265,8759038.0
11/24/2015,27.570000,27.870001,27.400000,27.780001,24.334858,8228500,-,27.503124,25.535906,24.725021,24.688755,8824944.0
11/23/2015,27.980000,28.070000,27.610001,27.670000,24.238501,6350600,-,27.528931,25.577637,24.745291,24.772850,8763910.0
11/20/2015,28.280001,28.490000,27.580000,28.000000,24.527576,9698200,-,27.553029,25.615575,24.797242,24.845557,8744074.0
11/19/2015,28.190001,28.590000,28.110001,28.160000,24.667730,5961600,-,27.577872,25.639760,24.864636,24.826964,8630292.0
11/18/2015,27.700001,28.180000,27.490000,28.120001,24.632690,9515200,-,27.608757,25.662008,24.974850,24.850682,8641244.0
11/17/2015,28.590000,28.809999,27.600000,27.690001,24.256020,9481200,-,27.638089,25.685650,25.062985,24.909100,8540550.0
11/16/2015,28.340000,28.660000,28.270000,28.650000,25.096964,7055300,-,27.672423,25.725491,25.175153,24.954058,8427782.0
11/13/2015,28.570000,28.879999,28.260000,28.340000,24.825409,14599100,-,27.698844,25.738635,25.227942,24.902789,8402644.0
11/12/2015,28.709999,28.980000,28.549999,28.559999,25.018122,6872800,-,27.726581,25.766568,25.306441,24.839681,8245970.0
11/11/2015,28.840000,28.980000,28.680000,28.870001,25.289684,6158300,-,27.757526,25.785448,25.396969,24.815362,8270542.0
11/10/2015,28.549999,29.010000,28.500000,28.740000,25.175806,6872200,-,27.786986,25.798897,25.449221,24.761286,8335262.0
11/09/2015,28.200001,29.209999,28.170000,28.809999,24.965567,13740900,-,27.818744,25.828488,25.515833,24.717731,8402928.0
11/06/2015,28.350000,28.500000,27.730000,28.090000,24.341648,9663100,-,27.851257,25.873376,25.612021,24.748928,8276284.0
11/05/2015,29.129999,29.209999,28.680000,28.740000,24.904909,6174500,-,27.887017,25.936288,25.730306,24.902308,8232922.0
11/04/2015,28.520000,29.100000,28.459999,29.100000,25.216869,10175400,-,27.919455,25.983082,25.823028,25.099017,8469752.0
11/03/2015,28.360001,28.580000,28.100000,28.510000,24.705599,6290900,-,27.953451,26.005612,25.867656,25.216870,8795556.0
11/02/2015,27.969999,28.430000,27.969999,28.370001,24.584280,7919600,-,27.986885,26.077190,25.941313,25.396247,9078300.0
10/30/2015,28.670000,29.100000,27.709999,27.920000,24.194328,13220500,-,28.021474,26.157434,26.024936,25.553095,9153104.0
10/29/2015,28.459999,28.639999,27.910000,28.590000,24.774925,7656000,-,28.057549,26.259341,26.107260,25.773202,9031308.0
10/28/2015,28.639999,28.969999,28.200001,28.559999,24.748926,9476400,-,28.089246,26.356222,26.133690,25.978576,9088500.0
10/27/2015,29.040001,29.120001,28.400000,28.549999,24.740263,7118500,-,28.119346,26.443572,26.183084,26.137156,9036450.0
10/26/2015,29.870001,30.000000,28.980000,29.170000,25.277529,9366200,-,28.149994,26.527801,26.209081,26.313935,9006454.0
10/23/2015,30.860001,30.910000,29.840000,29.860001,25.875456,7759300,-,28.177366,26.595566,26.210380,26.475114,8905946.0
10/22/2015,30.580000,31.049999,30.530001,31.010000,26.871998,5454100,-,28.202002,26.645653,26.194783,26.558304,8857712.0
10/21/2015,30.629999,30.850000,30.379999,30.459999,26.395391,4600900,-,28.220475,26.674770,26.110726,26.547039,8931802.0
10/20/2015,30.209999,30.709999,30.160000,30.580000,26.499378,6908300,-,28.241120,26.697647,26.048334,26.518443,8965256.0
10/19/2015,30.370001,30.459999,29.959999,30.180000,26.152760,7893800,-,28.262425,26.719989,25.956479,26.486379,8944518.0
10/16/2015,31.090000,31.139999,30.350000,30.459999,26.395391,9455500,-,28.289972,26.753726,25.971210,26.496778,8944358.0
10/15/2015,30.510000,31.150000,29.790001,30.959999,26.828669,12145600,-,28.314241,26.774887,25.990707,26.441317,8915726.0
10/14/2015,30.650000,30.700001,30.230000,30.389999,26.334730,9707800,-,28.340642,26.782919,26.017137,26.288803,8781814.0
10/13/2015,31.010000,31.180000,30.530001,30.590000,26.508043,7265600,-,28.371745,26.801174,26.046167,26.229011,8731684.0
10/12/2015,30.940001,31.370001,30.900000,31.030001,26.889328,6161300,-,28.400213,26.827977,26.041834,26.104226,8745040.0
10/09/2015,30.870001,31.020000,30.650000,30.820000,26.707354,7877600,-,28.425257,26.840976,26.004139,25.945646,8795046.0
10/08/2015,30.070000,30.980000,29.850000,30.879999,26.759346,8113100,-,28.448640,26.850062,25.955612,25.831261,8837488.0
10/07/2015,30.309999,30.520000,30.049999,30.129999,26.109426,7145900,-,28.470794,26.849354,25.906651,25.674413,8932050.0
10/06/2015,30.240000,30.430000,29.870001,30.209999,26.178747,7908100,-,28.498727,26.859242,25.891920,25.578225,9094440.0
10/05/2015,29.990000,30.750000,29.920000,30.299999,26.256741,9407000,-,28.525975,26.861393,25.895386,25.426578,9174478.0
10/02/2015,29.490000,29.820000,29.120001,29.820000,25.840790,7145500,-,28.548830,26.866790,25.870256,25.445642,9223836.0
10/01/2015,29.670000,29.750000,29.059999,29.200001,25.303528,7442200,-,28.569130,26.886170,25.889321,25.540097,9422776.0
09/30/2015,29.350000,29.760000,29.129999,29.700001,25.736809,6681600,-,28.592243,26.942727,25.922250,25.745471,9486078.0
09/29/2015,29.389999,29.559999,28.940001,29.150000,25.260197,7098200,-,28.614917,26.990619,25.933515,25.863323,9571334.0
09/28/2015,29.299999,29.840000,29.080000,29.200001,25.303528,9685500,-,28.641449,27.058513,26.003273,25.979442,9524398.0
09/25/2015,29.379999,29.719999,29.059999,29.500000,25.563498,10390400,-,28.666374,27.127257,26.098594,26.062632,9500638.0
09/24/2015,28.870001,29.240000,28.450001,29.070000,25.190872,14645200,-,28.691768,27.192517,26.194783,26.079963,9471024.0
09/23/2015,28.740000,29.490000,28.459999,29.020000,25.147545,14892400,-,28.716793,27.252529,26.297470,26.138889,9233320.0
09/22/2015,30.480000,30.580000,28.410000,28.459999,24.662270,22482400,-,28.741023,27.312035,26.357263,26.205614,9055396.0
09/21/2015,30.930000,31.200001,30.500000,30.520000,26.447388,7578600,-,28.768100,27.380044,26.538373,26.364195,8854856.0
09/18/2015,31.000000,31.549999,30.870001,30.910000,26.785341,9094200,-,28.788485,27.413209,26.645826,26.294870,8861504.0
09/17/2015,31.049999,31.940001,30.920000,31.570000,27.357267,6882300,-,28.809203,27.435325,26.771044,26.238544,8857928.0
09/16/2015,30.530001,31.120001,30.450001,31.059999,26.915327,7829800,-,28.825124,27.447718,26.884130,26.099029,8846536.0
09/15/2015,30.309999,30.590000,30.100000,30.490000,26.421385,5176800,-,28.842958,27.471868,26.994183,26.003707,8831146.0
09/14/2015,29.889999,30.430000,29.889999,30.160000,26.135424,5358800,-,28.861240,27.491650,27.120701,26.027104,8821058.0
09/11/2015,29.680000,29.830000,29.549999,29.700001,25.736809,4009100,-,28.878803,27.519040,27.247219,26.134557,8824798.0
09/10/2015,30.049999,30.110001,29.639999,29.750000,25.780134,6509200,-,28.898654,27.548910,27.379369,26.309602,8839118.0
09/09/2015,30.340000,30.510000,29.730000,29.790001,25.814798,4480500,-,28.922502,27.572593,27.506753,26.456051,8851096.0
09/08/2015,30.070000,30.330000,29.969999,30.290001,26.248079,3842800,-,28.944870,27.602104,27.592976,26.508911,8858850.0
09/04/2015,30.000000,30.100000,29.590000,29.719999,25.754139,5798400,-,28.965535,27.628271,27.661396,26.712551,8906066.0
09/03/2015,30.100000,30.350000,29.940001,30.260000,26.222082,6765400,-,28.987575,27.662943,27.765670,26.996782,8919572.0
09/02/2015,30.200001,30.340000,29.830000,29.959999,25.962109,8101400,-,29.006938,27.701130,27.827237,27.303544,8968524.0
09/01/2015,30.410000,30.639999,29.750000,29.959999,25.962109,9394300,-,29.026336,27.744859,27.890647,27.669232,8901264.0
08/31/2015,31.160000,31.200001,30.309999,30.760000,26.655357,10255500,-,29.045524,27.798886,27.954915,27.984660,8835232.0
08/28/2015,31.600000,31.860001,30.930000,31.400000,27.209957,7408700,-,29.063647,27.841280,28.014557,28.214298,8813866.0
08/27/2015,31.660000,31.790001,31.190001,31.719999,27.487259,7495000,-,29.084518,27.885111,28.031021,28.359881,8809696.0
08/26/2015,31.180000,31.830000,30.680000,31.440001,27.244617,18016000,-,29.104211,27.922023,28.014741,28.449136,8735424.0
08/25/2015,33.169998,33.459999,30.370001,30.400000,26.343399,26465600,-,29.125827,27.960699,27.988708,28.557456,8451578.0
08/24/2015,32.660000,33.540001,32.150002,32.639999,28.284485,20428100,-,29.150571,28.014137,28.001730,28.677041,8156168.0
08/21/2015,33.759998,33.950001,32.919998,33.000000,28.596451,11659800,-,29.165943,28.030299,27.901820,28.610241,7833952.0
08/20/2015,34.000000,34.439999,33.750000,33.799999,29.289694,7130700,-,29.175368,28.046229,27.798327,28.534557,7719994.0
08/19/2015,33.490002,34.279999,33.330002,34.180000,29.618996,10515600,-,29.181034,28.047092,27.674332,28.350931,7789360.0
08/18/2015,33.230000,33.619999,33.029999,33.599998,29.116386,6873900,-,29.185847,28.023004,27.599952,28.112061,7703752.0
08/17/2015,32.950001,33.680000,32.919998,33.410000,28.951740,5618700,-,29.193633,28.008969,27.550702,27.925169,7676504.0
08/14/2015,32.590000,33.160000,32.480000,33.080002,28.665779,4340800,-,29.196308,28.003718,27.535860,27.814815,7693054.0
08/13/2015,32.520000,32.889999,32.169998,32.750000,28.379810,5347600,-,29.202336,28.006933,27.539606,27.702162,7728992.0
08/12/2015,31.840000,32.790001,31.809999,32.689999,28.327816,9158600,-,29.207536,28.012950,27.561942,27.580346,7773674.0
08/11/2015,32.230000,32.540001,31.940001,32.090000,27.539249,6273600,-,29.215212,28.025327,27.555125,27.419961,7697456.0
08/10/2015,32.450001,32.580002,31.959999,32.180000,27.616486,5871400,-,29.223278,28.057938,27.584304,27.326418,7675044.0
08/07/2015,31.910000,32.650002,31.809999,32.439999,27.839615,7885800,-,29.230958,28.086258,27.606617,27.193399,7674000.0
08/06/2015,31.780001,32.040001,31.260000,31.990000,27.453430,8023900,-,29.238024,28.112176,27.619919,27.062097,7613612.0
08/05/2015,31.910000,32.189999,31.709999,31.730000,27.230301,5450000,-,29.246978,28.145816,27.641802,26.997733,7540778.0
08/04/2015,32.459999,32.529999,31.709999,31.750000,27.247465,7201300,-,29.254500,28.182890,27.679134,27.087842,7538984.0
08/03/2015,32.070000,32.580002,32.049999,32.450001,27.848198,7933400,-,29.260724,28.228374,27.722901,27.176235,7465258.0
07/31/2015,31.950001,32.480000,31.879999,32.090000,27.539249,8661600,-,29.263275,28.262873,27.701017,27.256905,7384630.0
07/30/2015,31.120001,31.780001,31.120001,31.650000,27.161650,9999700,-,29.270338,28.301320,27.699301,27.377051,7343250.0
07/29/2015,31.430000,31.740000,30.650000,31.139999,26.723967,12841200,-,29.277074,28.352296,27.702734,27.543539,7241154.0
07/28/2015,30.850000,31.370001,30.780001,31.000000,26.603825,15265400,-,29.289008,28.409795,27.714749,27.690290,7075006.0
07/27/2015,30.900000,31.330000,30.629999,30.629999,26.286295,11910000,-,29.301417,28.469868,27.749076,27.842189,6983514.0
07/24/2015,31.240000,31.469999,30.900000,30.910000,26.526588,11874900,-,29.319718,28.519815,27.812582,28.019834,6847820.0
07/23/2015,32.650002,32.660000,31.080000,31.240000,26.809788,17092500,-,29.332346,28.557232,27.860640,28.177740,6700566.0
07/22/2015,32.790001,33.000000,32.700001,32.779999,28.131397,10607300,-,29.343683,28.593276,27.926721,28.285872,6475474.0
07/21/2015,33.310001,33.360001,32.770000,32.779999,28.131397,10944400,-,29.348788,28.598296,27.927579,28.270425,6392458.0
07/20/2015,33.439999,33.439999,33.090000,33.389999,28.654890,4751400,-,29.353267,28.612669,27.954183,28.269567,6287530.0
07/17/2015,33.590000,33.779999,33.259998,33.490002,28.740713,8497500,-,29.354459,28.614872,27.960191,28.145130,6314296.0
07/16/2015,32.849998,33.700001,32.849998,33.590000,28.826529,8909700,-,29.353217,28.608726,27.993231,28.021551,6286150.0
07/15/2015,32.750000,32.880001,32.509998,32.849998,28.191477,2760000,-,29.351629,28.610728,28.018548,27.861928,6224268.0
07/14/2015,32.779999,32.950001,32.549999,32.770000,28.122816,5996200,-,29.351502,28.638864,28.067893,27.739207,6339502.0
07/13/2015,32.860001,32.939999,32.450001,32.700001,28.062744,12455400,-,29.351302,28.656640,28.112520,27.655963,6312626.0
07/10/2015,32.500000,32.900002,32.400002,32.750000,28.105654,7911000,-,29.352697,28.673917,28.164011,27.605330,6242772.0
07/09/2015,32.669998,32.849998,32.349998,32.500000,27.891104,8915400,-,29.354755,28.686935,28.228375,27.543540,6210134.0
07/08/2015,32.570000,32.889999,32.400002,32.599998,27.976929,6312700,-,29.358596,28.702543,28.300463,27.567570,6151230.0
07/07/2015,32.090000,32.900002,32.080002,32.770000,28.122816,7060300,-,29.362510,28.710483,28.322347,27.584733,6175042.0
07/06/2015,31.950001,32.209999,31.629999,31.940001,27.410522,4672400,-,29.363061,28.727238,28.336936,27.638799,6211766.0
07/02/2015,31.940001,32.330002,31.870001,32.049999,27.504921,5545800,-,29.366756,28.741744,28.400871,27.775251,6250550.0
07/01/2015,31.510000,31.740000,31.440001,31.730000,27.230301,4725100,-,29.370564,28.754703,28.466951,27.964911,6232850.0
06/30/2015,31.950001,32.119999,31.280001,31.420000,26.964266,7108100,-,29.373280,28.773153,28.539468,28.175168,6246548.0
06/29/2015,32.080002,32.419998,31.790001,31.799999,27.290373,4868200,-,29.375779,28.806278,28.638589,28.396580,6214300.0
06/26/2015,32.080002,32.220001,31.730000,32.110001,27.556414,6203600,-,29.378278,28.821486,28.732560,28.569076,6243246.0
06/25/2015,32.759998,32.759998,32.029999,32.029999,27.487757,6473700,-,29.378569,28.838176,28.806364,28.722692,6232894.0
06/24/2015,32.799999,32.939999,32.680000,32.779999,28.131397,9213000,-,29.379537,28.861001,28.888750,28.913210,6227966.0
06/23/2015,33.259998,33.340000,32.770000,32.799999,28.148563,4738400,-,29.378625,28.867381,28.938954,29.033357,6131872.0
06/22/2015,33.680000,33.740002,33.180000,33.400002,28.663479,6092700,-,29.379173,28.867807,28.985725,29.059961,6144096.0
06/19/2015,34.130001,34.240002,33.500000,33.529999,28.775042,9187200,-,29.376060,28.862185,29.028634,29.035073,6126662.0
06/18/2015,34.209999,34.529999,34.189999,34.259998,29.401518,7200200,-,29.371177,28.855523,29.068540,29.026491,6033994.0
06/17/2015,34.000000,34.310001,33.799999,34.180000,29.332869,3781400,-,29.361365,28.835481,29.071544,28.968992,6012230.0
06/16/2015,33.759998,34.090000,33.590000,34.000000,29.178385,3823700,-,29.354362,28.823614,29.090423,28.903768,6033074.0
06/15/2015,33.740002,33.990002,33.599998,33.810001,29.015339,11695100,-,29.346376,28.815347,29.111449,28.880597,6040976.0
06/12/2015,34.090000,34.310001,33.869999,33.900002,29.092571,4317300,-,29.338244,28.802688,29.141057,28.896044,5953368.0
06/11/2015,34.389999,34.419998,34.049999,34.250000,29.392937,5961900,-,29.327803,28.779472,29.125609,28.890036,6182266.0
06/10/2015,34.049999,34.290001,33.849998,34.180000,29.332869,10599000,-,29.318034,28.763173,29.075834,28.864290,6374114.0
06/09/2015,33.049999,33.290001,32.930000,33.110001,28.414600,6235200,-,29.306727,28.747395,29.039790,28.844551,6362520.0
06/08/2015,33.520000,33.529999,33.040001,33.110001,28.414600,5511500,-,29.299425,28.730596,29.038181,28.911490,6355964.0
06/05/2015,33.349998,33.529999,33.080002,33.430000,28.689220,6446200,-,29.291037,28.715327,29.059954,29.022196,6378246.0
06/04/2015,33.310001,34.029999,33.270000,33.590000,28.826529,6137700,-,29.281151,28.700008,29.063744,29.110589,6375224.0
06/03/2015,33.779999,33.840000,33.320000,33.419998,28.680634,7581700,-,29.269993,28.688235,29.044089,29.174096,6368556.0
06/02/2015,33.770000,33.900002,33.320000,33.730000,28.946676,5347700,-,29.259481,28.681930,29.056387,29.277079,6329018.0
06/01/2015,34.009998,34.220001,33.759998,33.990002,29.169800,5153000,-,29.247764,28.667584,29.088969,29.342301,6482222.0
05/29/2015,33.990002,34.020000,33.580002,33.830002,29.032495,5819200,-,29.233344,28.649625,29.081060,29.386070,6505292.0
05/28/2015,33.950001,34.090000,33.700001,33.950001,29.135479,4866400,-,29.220069,28.642405,29.075765,29.361183,6548266.0
05/27/2015,33.900002,34.099998,33.840000,33.950001,29.135479,4382200,-,29.207273,28.619691,29.056817,29.287379,6569002.0
05/26/2015,34.360001,34.380001,33.599998,33.889999,29.083984,5360300,-,29.194519,28.592896,29.033619,29.235029,6568618.0
05/22/2015,34.349998,34.549999,34.150002,34.400002,29.521660,3515000,-,29.179704,28.562029,28.998115,29.164872,6590620.0
05/21/2015,34.349998,34.630001,34.240002,34.459999,29.573153,3902000,-,29.161129,28.527510,28.970062,29.097712,6661466.0
05/20/2015,34.599998,34.689999,34.259998,34.330002,29.461596,6592600,-,29.142089,28.477336,28.898196,29.016900,6733560.0
05/19/2015,34.279999,34.750000,34.200001,34.619999,29.710464,4894900,-,29.124558,28.434496,28.832757,28.914083,6749010.0
05/18/2015,34.360001,34.580002,34.200001,34.490002,29.598904,4533800,-,29.106529,28.386167,28.754876,28.835695,6767800.0
05/15/2015,33.689999,34.720001,33.480000,34.500000,29.607483,10690800,-,29.087153,28.342961,28.705955,28.835637,6861328.0
05/14/2015,33.189999,33.570000,33.180000,33.540001,28.783625,5125300,-,29.067445,28.311487,28.628121,28.776050,6799822.0
05/13/2015,33.389999,33.619999,32.950001,33.090000,28.397440,4512200,-,29.053760,28.290539,28.608485,28.790347,6828704.0
05/12/2015,33.290001,33.770000,32.950001,33.650002,28.611986,5837900,-,29.043992,28.284116,28.620062,28.826256,6918842.0
05/11/2015,33.849998,34.160000,33.250000,33.380001,28.382406,6456500,-,29.031082,28.270171,28.611984,28.832208,6941254.0
05/08/2015,34.230000,34.529999,33.740002,33.930000,28.850065,5698000,-,29.020810,28.279354,28.601356,28.831358,6917308.0
05/07/2015,33.490002,34.020000,33.439999,33.830002,28.765032,6089700,-,29.007992,28.279865,28.577973,28.842411,6963416.0
05/06/2015,34.090000,34.160000,33.150002,33.439999,28.433422,7090200,-,28.995683,28.291088,28.561818,28.779491,7009800.0
05/05/2015,34.650002,34.860001,33.830002,34.020000,28.926592,5815600,-,28.986894,28.314046,28.560117,28.751432,7038752.0
05/04/2015,34.110001,34.980000,33.919998,34.810001,29.598314,8521700,-,28.975059,28.309965,28.550764,28.674056,7070134.0
05/01/2015,34.060001,34.220001,33.700001,34.119999,29.011618,4652400,-,28.959287,28.285817,28.509100,28.576274,7032832.0
04/30/2015,33.810001,34.040001,33.389999,34.020000,28.926592,8962700,-,28.950545,28.273913,28.477639,28.480192,7044638.0
04/29/2015,33.490002,33.970001,33.160000,33.820000,28.756535,6279100,-,28.941856,28.271872,28.427898,28.426623,7010414.0
04/28/2015,33.220001,33.759998,33.119999,33.720001,28.671505,5970200,-,28.934182,28.259458,28.418970,28.413868,7101680.0
04/27/2015,34.099998,34.169998,33.150002,33.369999,28.373903,7503300,-,28.930617,28.255886,28.412593,28.391760,7284012.0
04/24/2015,33.099998,34.349998,33.060001,34.060001,28.960602,8896500,-,28.930940,28.274082,28.372630,28.371354,7341402.0
04/23/2015,33.119999,33.330002,32.950001,33.090000,28.135828,6611600,-,28.927916,28.277484,28.307158,28.313534,7304612.0
04/22/2015,33.299999,33.410000,33.000000,33.110001,28.152832,4660800,-,28.929264,28.304693,28.296530,28.344144,7363916.0
04/21/2015,33.660000,33.939999,32.990002,33.110001,28.152832,5410000,-,28.930693,28.322797,28.300781,28.368803,7416008.0
04/20/2015,33.139999,34.029999,33.080002,33.660000,28.620489,5495700,-,28.930507,28.349666,28.311410,28.427472,7492056.0
04/17/2015,33.209999,33.500000,32.810001,32.990002,28.050798,6315500,-,28.930549,28.394150,28.291853,28.441927,7493590.0
04/16/2015,33.509998,33.520000,33.049999,33.389999,28.390905,5686000,-,28.938033,28.443116,28.302907,28.475087,7490022.0
04/15/2015,33.549999,34.020000,33.520000,33.669998,28.628984,6227300,-,28.947044,28.497754,28.316937,28.429173,7546682.0
04/14/2015,33.240002,33.509998,33.099998,33.459999,28.450430,4408300,-,28.954079,28.532798,28.285477,28.424072,7565182.0
04/13/2015,33.279999,33.419998,33.070000,33.130001,28.169838,5349600,-,28.961261,28.571244,28.252741,28.433426,7609918.0
04/10/2015,33.509998,33.689999,33.279999,33.380001,28.382406,5221000,-,28.970302,28.631989,28.221280,28.373906,7589650.0
04/09/2015,33.340000,33.549999,33.099998,33.450001,28.441929,4553800,-,28.978239,28.687976,28.191946,28.300782,7563052.0
04/08/2015,33.770000,33.779999,33.340000,33.400002,28.399416,6112000,-,28.986167,28.749684,28.123073,28.248915,7547792.0
04/07/2015,33.810001,34.000000,33.730000,33.799999,28.739527,4823600,-,28.996295,28.811062,28.069080,28.232760,7510364.0
04/06/2015,33.470001,34.080002,33.369999,33.830002,28.765032,4218800,-,29.006418,28.866143,27.996806,28.195347,7477286.0
04/02/2015,32.880001,33.580002,32.880001,33.380001,28.382406,7314700,-,29.015090,28.918692,27.930484,28.141780,7527990.0
04/01/2015,32.619999,33.049999,32.299999,32.849998,27.931765,15762200,-,29.023358,28.991366,27.913054,28.130726,7504774.0
03/31/2015,33.320000,33.720001,33.090000,33.610001,28.577976,15554300,-,29.033133,29.060580,27.903275,28.204700,7318878.0
03/30/2015,32.500000,33.730000,32.439999,33.570000,28.543964,10019300,-,29.038064,29.119061,27.878192,28.146881,7132640.0
03/27/2015,32.660000,32.880001,32.360001,32.430000,27.574640,5907400,-,29.040475,29.176368,27.846731,28.072056,7082648.0
03/26/2015,32.750000,32.959999,32.400002,32.520000,27.651167,6625600,-,29.050547,29.247162,27.910077,28.068655,7083038.0
03/25/2015,33.230000,33.410000,32.750000,32.840000,27.923260,6295100,-,29.066071,29.309516,27.971298,28.083109,7059644.0
03/24/2015,33.290001,33.520000,32.900002,33.209999,28.237860,5804300,-,29.079904,29.368450,28.041446,27.997231,7035240.0
03/23/2015,33.250000,33.669998,33.209999,33.360001,28.365400,5604800,-,29.093529,29.418732,28.108618,27.905400,7004156.0
03/20/2015,33.430000,33.820000,33.169998,33.200001,28.229361,13007900,-,29.106723,29.467475,28.126474,27.798265,6999446.0
03/19/2015,33.580002,34.020000,33.070000,33.250000,28.271872,6306500,-,29.119811,29.514219,28.134552,27.719189,6889728.0
03/18/2015,32.869999,33.990002,32.740002,33.720001,28.671505,7967900,-,29.132356,29.559270,28.141779,27.695382,6915516.0
03/17/2015,32.639999,33.279999,32.419998,32.930000,27.999783,5903200,-,29.140461,29.601048,28.149431,27.601851,6932046.0
03/16/2015,32.560001,33.080002,32.560001,32.689999,27.795713,4363000,-,29.152876,29.674295,28.156234,27.609503,6913440.0
03/13/2015,32.599998,32.599998,31.850000,32.389999,27.540628,6460400,-,29.163126,29.743365,28.191095,27.621407,6937892.0
03/12/2015,32.040001,32.990002,32.040001,32.689999,27.795713,7057300,-,29.174360,29.834729,28.278249,27.751500,6912602.0
03/11/2015,32.270000,32.389999,31.709999,31.830000,27.064472,7506700,-,29.181796,29.929924,28.344996,27.859486,6905058.0
03/10/2015,32.130001,32.610001,31.930000,32.130001,27.319557,7365100,-,29.187797,30.032664,28.466586,28.085660,6872858.0
03/09/2015,32.330002,32.450001,31.770000,32.099998,27.294050,5834400,-,29.192729,30.124235,28.553511,28.311836,6818954.0
03/06/2015,32.500000,32.619999,32.119999,32.270000,27.438597,9210200,-,29.196548,30.206035,28.663622,28.454683,6770020.0
03/05/2015,33.299999,33.299999,32.799999,32.970001,28.033796,7615500,-,29.199603,30.281067,28.833926,28.549914,6735924.0
03/04/2015,33.150002,33.150002,32.549999,32.619999,27.736195,6569400,-,29.200012,30.354308,28.957193,28.588176,6813080.0
03/03/2015,32.970001,33.139999,32.599998,33.020000,28.076303,9019100,-,29.203565,30.432153,29.126524,28.697012,6822352.0
03/02/2015,33.919998,33.919998,32.779999,32.830002,27.914757,6958500,-,29.206163,30.487184,29.241767,28.702964,6762226.0
02/27/2015,33.900002,34.049999,33.689999,33.919998,28.841557,5259200,-,29.210602,30.526905,29.364666,28.760783,6722794.0
02/26/2015,34.619999,34.619999,33.490002,33.959999,28.875572,8003400,-,29.212560,30.548595,29.482941,28.804998,6718068.0
02/25/2015,34.730000,34.919998,34.439999,34.490002,29.326220,8408900,-,29.213404,30.576516,29.598252,28.830506,6654636.0
02/24/2015,33.779999,34.959999,33.669998,34.790001,29.581314,8537800,-,29.215277,30.601323,29.708306,28.847512,6608580.0
02/23/2015,33.459999,33.779999,33.330002,33.779999,28.722523,7384700,-,29.217022,30.615466,29.802656,28.795186,6570430.0
02/20/2015,33.439999,33.549999,33.099998,33.389999,28.390905,6656600,-,29.224211,30.653864,29.941210,28.872561,6564212.0
02/19/2015,33.990002,34.009998,33.230000,33.419998,28.416412,5242700,-,29.230104,30.689961,30.091288,29.117938,6552610.0
02/18/2015,33.099998,34.020000,33.009998,33.900002,28.824556,7251500,-,29.236689,30.721503,30.271273,29.326211,6566352.0
02/17/2015,33.430000,33.580002,32.910000,33.090000,28.135828,10842400,-,29.239593,30.746567,30.399668,29.556035,6563544.0
02/13/2015,32.730000,34.009998,32.610001,33.509998,28.492945,15086800,-,29.246556,30.794339,30.567978,29.780569,6483606.0
02/12/2015,34.320000,34.619999,33.900002,34.439999,29.283703,10372800,-,29.247796,30.843059,30.713797,29.968549,6334066.0
02/11/2015,34.500000,34.540001,34.110001,34.259998,29.130655,7057000,-,29.249799,30.868211,30.805330,30.160885,6257376.0
02/10/2015,34.450001,35.099998,34.279999,35.000000,29.496279,9576800,-,29.253921,30.895244,30.887239,30.365997,6153828.0
02/09/2015,34.980000,35.070000,34.330002,34.480000,29.058050,7265400,-,29.255189,30.906874,30.955923,30.569100,6034762.0
02/06/2015,36.360001,36.439999,34.709999,35.000000,29.496279,9212400,-,29.257623,30.918672,31.040619,30.810127,6034914.0
02/05/2015,36.330002,36.919998,36.049999,36.599998,30.844675,5572400,-,29.257415,30.922886,31.105932,31.009858,5976936.0
02/04/2015,36.779999,36.799999,36.040001,36.189999,30.499142,6137100,-,29.250424,30.916987,31.092026,31.064638,5991706.0
02/03/2015,36.099998,36.990002,35.950001,36.930000,31.122797,8519000,-,29.245365,30.912773,31.093291,31.216334,5958238.0
02/02/2015,36.000000,36.419998,35.709999,36.049999,30.381168,7152300,-,29.237680,30.897941,31.075171,31.243302,5905142.0
01/30/2015,36.720001,37.000000,36.009998,36.040001,30.372744,6645100,-,29.234442,30.893558,31.139220,31.355387,5857284.0
01/29/2015,37.000000,37.240002,36.529999,37.029999,31.207058,4336200,-,29.230262,30.887996,31.183043,31.459045,5842452.0
01/28/2015,37.380001,37.770000,36.970001,37.000000,31.181778,3891100,-,29.218997,30.860691,31.228130,31.449775,5886542.0
01/27/2015,37.250000,37.700001,37.240002,37.410000,31.527309,3790800,-,29.207326,30.833049,31.296815,31.408480,5965820.0
01/26/2015,37.259998,37.419998,36.950001,37.340000,31.468319,4240600,-,29.193639,30.808103,31.330524,31.342745,6088024.0
01/23/2015,37.369999,37.650002,37.320000,37.369999,31.493591,3169700,-,29.181068,30.806418,31.352014,31.271110,6089542.0
01/22/2015,38.220001,38.250000,37.000000,37.250000,31.392471,6754000,-,29.169396,30.805062,31.346536,31.202005,6148024.0
01/21/2015,37.169998,38.020000,36.889999,37.990002,32.016106,6153900,-,29.154743,30.808571,31.336423,31.119415,6160300.0
01/20/2015,37.500000,37.580002,36.790001,37.250000,31.392471,6467400,-,29.136069,30.794091,31.320411,30.970248,6225488.0
01/16/2015,37.200001,37.529999,37.180000,37.380001,31.502022,6242400,-,29.117683,30.793421,31.332209,30.907041,6281662.0
01/15/2015,37.189999,37.389999,36.880001,37.270000,31.409323,7519700,-,29.097642,30.773008,31.298500,30.923053,6268032.0
01/14/2015,36.290001,36.980000,36.240002,36.919998,31.114355,5926900,-,29.077981,30.753279,31.223073,30.907041,6229978.0
01/13/2015,36.900002,37.230000,36.330002,36.509998,30.768833,5455900,-,29.060083,30.742625,31.163659,31.006486,6246104.0
01/12/2015,36.770000,36.910000,36.200001,36.630001,30.869959,5074900,-,29.042805,30.740721,31.138798,31.185149,6291894.0
01/09/2015,36.919998,37.000000,36.270000,36.490002,30.751972,4250100,-,29.023093,30.713058,31.123628,31.318304,6318330.0
01/08/2015,36.430000,37.139999,36.270000,36.549999,30.802542,5369300,-,29.002412,30.695443,31.100453,31.432917,6349752.0
01/07/2015,36.340000,36.549999,36.080002,36.270000,30.566568,7522000,-,28.983489,30.667791,31.092447,31.491067,6348712.0
01/06/2015,36.619999,37.130001,36.169998,36.220001,30.524435,7595900,-,28.965745,30.653718,31.073906,31.553431,6331846.0
01/05/2015,37.299999,37.560001,36.209999,36.500000,30.760401,8794400,-,28.946653,30.626278,31.047360,31.670573,6293038.0
01/02/2015,37.080002,37.650002,37.080002,37.570000,31.662142,4972900,-,28.921541,30.594120,31.013229,31.757377,6241532.0
12/31/2014,38.130001,38.250000,37.009998,37.080002,31.249205,5585600,-,28.890648,30.545932,30.956343,31.673946,6254748.0
12/30/2014,38.529999,38.700001,37.869999,38.099998,32.108807,5195900,-,28.862189,30.505836,30.940331,31.539105,6231296.0
12/29/2014,38.189999,38.930000,38.169998,38.630001,32.555462,6680100,-,28.828898,30.438352,30.861955,31.320832,6250374.0
12/26/2014,37.889999,38.650002,37.779999,38.209999,32.201504,5896700,-,28.791816,30.357086,30.758296,31.092447,6285846.0
12/24/2014,37.250000,38.250000,37.250000,37.849998,31.898108,4669900,-,28.755970,30.280226,30.652110,30.928953,6410812.0
12/23/2014,37.139999,37.570000,36.970001,37.240002,31.384041,3387700,-,28.720287,30.221301,30.539603,30.767988,6498430.0
12/22/2014,37.220001,37.450001,36.560001,37.009998,31.190205,7505400,-,28.685780,30.163799,30.455750,30.693826,6600548.0
12/19/2014,37.540001,37.900002,37.169998,37.610001,31.695860,11473300,-,28.652406,30.122208,30.423725,30.594382,6659772.0
12/18/2014,36.700001,37.529999,36.490002,37.529999,31.628439,7033000,-,28.616258,30.070003,30.353355,30.424146,6608882.0
12/17/2014,35.630001,36.900002,35.599998,36.580002,30.827833,6012800,-,28.580406,30.036364,30.290992,30.269080,6628138.0
12/16/2014,35.480000,36.230000,35.230000,35.480000,29.900793,4986900,-,28.550484,30.000851,30.257702,30.238740,6627850.0
12/15/2014,36.110001,36.169998,35.330002,35.509998,29.926079,5022900,-,28.525691,29.984380,30.267394,30.341557,6581840.0
12/12/2014,36.049999,36.459999,35.799999,35.919998,30.271605,4831800,-,28.499253,29.968908,30.263180,30.403078,6554968.0
12/11/2014,35.980000,36.700001,35.939999,36.270000,30.566568,6106100,-,28.472646,29.944018,30.239584,30.424146,6586380.0
12/10/2014,36.410000,36.790001,35.930000,35.939999,30.288462,6630300,-,28.443580,29.910554,30.225257,30.375267,6651978.0
12/09/2014,35.799999,36.580002,35.750000,36.360001,30.642422,7073800,-,28.416930,29.874629,30.280036,30.311218,6657326.0
12/08/2014,35.720001,35.939999,35.439999,35.830002,30.195759,6076500,-,28.388264,29.831958,30.319206,30.217673,6621182.0
12/05/2014,35.270000,35.689999,35.090000,35.590000,29.993504,5929800,-,28.361955,29.791368,30.387814,30.253068,6568692.0
12/04/2014,36.279999,36.580002,35.560001,35.689999,30.077776,7111100,-,28.336779,29.753151,30.452743,30.282564,6531326.0
12/03/2014,36.689999,36.849998,35.810001,36.220001,30.524435,6845500,-,28.310403,29.718430,30.516803,30.312903,6533752.0
12/02/2014,36.240002,36.830002,36.070000,36.700001,30.928961,7609800,-,28.280686,29.678287,30.514650,30.276665,6520424.0
12/01/2014,35.939999,36.549999,35.680000,36.240002,30.541285,6538300,-,28.249316,29.632895,30.489346,30.193232,6542472.0
11/28/2014,35.650002,36.200001,35.490002,36.169998,30.482294,1879600,-,28.218612,29.597262,30.491365,30.123283,6592804.0
11/26/2014,35.340000,35.720001,35.299999,35.689999,30.077776,3623500,-,28.186809,29.552278,30.500931,30.055021,6673862.0
11/25/2014,35.299999,35.349998,34.689999,35.180000,29.647970,7273000,-,28.155141,29.513713,30.471382,30.075247,6719856.0
11/24/2014,36.139999,36.250000,35.200001,35.250000,29.706966,6313500,-,28.126525,29.486085,30.482546,30.248854,6670508.0
11/21/2014,36.290001,36.380001,35.840000,36.250000,30.549717,6310900,-,28.097329,29.447413,30.468194,30.420739,6636484.0
11/20/2014,36.020000,36.080002,35.779999,35.939999,30.288462,4463700,-,28.064082,29.385702,30.433853,30.522559,6613358.0
11/19/2014,35.680000,36.070000,35.410000,36.049999,30.381168,5864200,-,28.032344,29.335736,30.377054,30.622923,6609422.0
11/18/2014,35.820000,36.139999,35.669998,35.790001,30.162048,4759400,-,27.997586,29.280405,30.315619,30.720702,6605874.0
11/17/2014,35.340000,35.869999,35.250000,35.709999,30.094631,5903500,-,27.964126,29.230793,30.270155,30.752635,6598984.0
11/14/2014,35.209999,35.549999,35.180000,35.410000,29.841799,6540700,-,27.931247,29.187879,30.227644,30.785460,6551312.0
11/13/2014,36.119999,36.380001,35.209999,35.360001,29.799671,7855000,-,27.899753,29.156207,30.172283,30.859447,6542288.0
11/12/2014,37.000000,37.000000,35.849998,35.930000,30.280033,9901000,-,27.868430,29.121030,30.106909,30.946842,6548452.0
11/11/2014,37.630001,37.889999,37.430000,37.549999,31.384041,4316500,-,27.831457,29.071399,30.010831,30.867517,6439278.0
11/10/2014,37.700001,37.750000,37.099998,37.599998,31.425823,6093800,-,27.788600,28.992500,29.889223,30.716239,6483784.0
11/07/2014,37.480000,37.900002,37.380001,37.770000,31.567911,7367800,-,27.745939,28.922628,29.743378,30.515649,6434352.0
11/06/2014,37.450001,37.669998,37.029999,37.439999,31.292101,9413300,-,27.702852,28.842893,29.620516,30.345148,6367138.0
11/05/2014,36.770000,37.700001,36.540001,37.520000,31.358957,9276100,-,27.661347,28.764830,29.510191,30.131185,6269764.0
11/04/2014,36.340000,36.599998,36.020000,36.470001,30.481384,5560900,-,27.618736,28.677741,29.439567,29.910537,6166278.0
11/03/2014,36.549999,36.840000,36.180000,36.400002,30.422874,5617000,-,27.579052,28.616895,29.368107,29.787675,6145704.0
10/31/2014,36.889999,36.889999,36.200001,36.590000,30.581671,6733200,-,27.537347,28.549865,29.300826,29.669828,6143588.0
10/30/2014,35.500000,36.790001,35.459999,36.700001,30.673620,7745400,-,27.495700,28.477318,29.229366,29.485119,6127184.0
10/29/2014,35.810001,35.950001,34.869999,35.279999,29.486790,6396700,-,27.450995,28.398586,29.147040,29.266977,6023528.0
10/28/2014,35.330002,35.740002,35.119999,35.740002,29.871260,5821200,-,27.412712,28.343089,29.117369,29.154145,5993964.0
10/27/2014,35.560001,35.889999,35.029999,35.200001,29.419924,5317300,-,27.372872,28.277563,29.048416,29.062207,5958288.0
10/24/2014,34.990002,35.980000,34.919998,35.730000,29.862900,6678700,-,27.336060,28.220729,29.002866,28.971106,5964168.0
10/23/2014,35.040001,35.310001,34.840000,34.880001,29.152473,5655500,-,27.296464,28.155537,28.918032,28.895885,5895574.0
10/22/2014,34.830002,35.400002,34.799999,34.880001,29.152473,6219100,-,27.259772,28.098202,28.864541,28.889198,5851902.0
10/21/2014,35.200001,35.349998,34.669998,35.000000,29.252764,5633700,-,27.223322,28.042705,28.824005,28.968598,5826934.0
10/20/2014,34.349998,35.009998,34.330002,34.990002,29.244408,4413000,-,27.185803,27.989175,28.787230,28.948539,5813382.0
10/17/2014,34.340000,34.759998,33.939999,34.380001,28.734581,6149800,-,27.147636,27.935978,28.757978,28.931824,5844476.0
10/16/2014,33.439999,34.450001,33.070000,34.090000,28.492195,8453700,-,27.114251,27.883708,28.759231,28.973613,5866316.0
10/15/2014,34.820000,35.009998,33.299999,33.930000,28.358473,12145000,-,27.082970,27.829995,28.746276,29.027104,5925464.0
10/14/2014,34.180000,34.889999,34.060001,34.639999,28.951883,9050800,-,27.052723,27.778128,28.735829,29.080594,5816242.0
10/13/2014,34.889999,35.150002,34.090000,34.110001,28.508913,8493600,-,27.018170,27.718201,28.701561,29.034625,5836818.0
10/10/2014,34.959999,35.380001,34.779999,34.830002,29.110682,10466600,-,26.985994,27.670113,28.664786,29.034625,5861632.0
10/09/2014,35.849998,35.980000,34.779999,34.799999,29.085604,8928800,-,26.951215,27.602375,28.582460,28.940180,5837022.0
10/08/2014,34.880001,35.860001,34.810001,35.830002,29.946476,7995800,-,26.915953,27.533980,28.517686,28.839885,5817978.0
10/07/2014,34.700001,35.419998,34.590000,34.759998,29.052172,5998400,-,26.876873,27.455982,28.401093,28.679412,5783918.0
10/06/2014,34.980000,35.029999,34.610001,34.790001,29.077261,2686400,-,26.842103,27.403816,28.332558,28.625922,5777618.0
10/03/2014,34.790001,34.910000,34.349998,34.880001,29.152473,3679300,-,26.810089,27.342871,28.276142,28.584131,5797670.0
10/02/2014,34.470001,34.970001,34.400002,34.730000,29.027102,6402400,-,26.776887,27.286381,28.231427,28.544849,5847386.0
10/01/2014,34.189999,35.349998,34.169998,34.570000,28.893372,9386000,-,26.744515,27.231571,28.182115,28.465449,5810712.0
09/30/2014,34.279999,34.580002,34.009998,34.090000,28.492195,6897700,-,26.712487,27.179766,28.127370,28.391063,5798580.0
09/29/2014,33.540001,34.169998,33.400002,34.110001,28.508913,5266600,-,26.683276,27.143434,28.074715,28.368497,5827884.0
09/26/2014,33.689999,33.779999,33.380001,33.700001,28.166235,3452000,-,26.654429,27.104450,28.045880,28.294947,5925352.0
09/25/2014,33.910000,34.040001,33.599998,33.599998,28.082651,4061500,-,26.628066,27.070003,28.016627,28.224740,6058138.0
09/24/2014,34.150002,34.169998,33.840000,33.910000,28.341749,7232400,-,26.603217,27.053614,27.981942,28.195488,6154008.0
09/23/2014,34.209999,34.389999,33.950001,34.119999,28.517269,6179100,-,26.576951,27.030554,27.915079,28.122775,6190824.0
09/22/2014,34.240002,34.910000,34.080002,34.290001,28.659355,8712200,-,26.547249,27.004646,27.861170,28.039195,6272046.0
09/19/2014,33.830002,34.419998,33.810001,34.410000,28.759645,9054900,-,26.516391,26.990628,27.781770,27.968152,6281368.0
09/18/2014,33.630001,33.990002,33.610001,33.779999,28.233101,5932500,-,26.483855,26.984206,27.691504,27.918005,6249798.0
09/17/2014,33.889999,34.000000,33.560001,33.680000,28.149521,5923200,-,26.451881,26.986659,27.616701,27.898781,6282798.0
09/16/2014,33.209999,33.889999,33.090000,33.820000,28.266535,4805600,-,26.420365,26.991777,27.544822,27.863677,6308914.0
09/15/2014,32.900002,33.389999,32.900002,33.230000,27.773411,4612300,-,26.388386,26.995217,27.461242,27.780933,6424064.0
09/12/2014,33.090000,33.160000,32.580002,32.860001,27.464165,5154600,-,26.358913,27.002063,27.401483,27.796813,6492144.0
09/11/2014,33.070000,33.500000,33.040001,33.250000,27.790129,4266900,-,26.332123,27.025358,27.358440,27.808514,6611248.0
09/10/2014,33.139999,33.150002,32.590000,33.040001,27.614614,5686800,-,26.304191,27.060507,27.283219,27.768396,6666364.0
09/09/2014,33.299999,33.299999,33.009998,33.119999,27.681473,4414900,-,26.278353,27.112078,27.221370,27.707383,6678000.0
09/08/2014,33.810001,33.950001,33.320000,33.439999,27.948927,3519900,-,26.251979,27.159167,27.166110,27.683145,6685326.0
09/05/2014,33.480000,33.889999,33.380001,33.810001,28.258179,6089500,-,26.224754,27.197927,27.097891,27.595387,6735974.0
09/04/2014,33.130001,33.549999,33.049999,33.549999,28.040861,8163200,-,26.197282,27.232323,26.991035,27.465003,6723816.0
09/03/2014,33.029999,33.349998,32.980000,33.259998,27.798479,4442300,-,26.171221,27.270899,26.879320,27.334620,6712886.0
09/02/2014,33.430000,33.459999,32.599998,32.830002,27.439096,6541800,-,26.145479,27.315482,26.777654,27.225967,6765244.0
08/29/2014,33.040001,33.419998,32.980000,33.419998,27.932207,3622200,-,26.122184,27.375199,26.703476,27.141552,6793970.0
08/28/2014,32.619999,33.169998,32.500000,33.000000,27.581177,4007100,-,26.095611,27.431840,26.612091,27.006153,6884924.0
08/27/2014,32.340000,32.779999,32.340000,32.770000,27.388950,4544600,-,26.073523,27.490204,26.519221,26.908366,6987020.0
08/26/2014,32.849998,33.040001,32.279999,32.310001,27.004478,4101800,-,26.050349,27.543143,26.433066,26.798041,7130642.0
08/25/2014,32.459999,32.919998,32.360001,32.830002,27.439096,4532200,-,26.029981,27.600792,26.385171,26.735357,7371118.0
08/22/2014,32.189999,32.619999,32.180000,32.389999,27.071346,5511200,-,26.009245,27.643293,26.335408,26.649075,7607926.0
08/21/2014,31.930000,32.490002,31.930000,32.250000,26.954338,5913000,-,25.987298,27.682390,26.283342,26.600395,8385856.0
08/20/2014,31.980000,32.020000,31.850000,31.990000,26.737032,2562600,-,25.967301,27.735082,26.252024,26.517067,8574836.0
08/19/2014,31.910000,32.000000,31.680000,31.959999,26.711950,4918500,-,25.948711,27.815461,26.229502,26.424020,8613690.0
08/18/2014,31.930000,32.099998,31.730000,31.820000,26.594940,4037400,-,25.929725,27.895018,26.209062,26.329341,8620638.0
08/15/2014,31.850000,32.200001,31.639999,31.799999,26.578224,5611300,-,25.911364,27.982377,26.213094,26.265400,8641732.0
08/14/2014,31.549999,31.920000,31.500000,31.830000,26.603302,3249000,-,25.891079,28.070898,26.212169,26.218028,8768228.0
08/13/2014,31.580000,31.719999,31.330000,31.450001,26.285702,3471900,-,25.870749,28.155772,26.204196,26.130077,8810024.0
08/12/2014,32.060001,32.160000,31.799999,31.870001,26.377636,4970700,-,25.851566,28.245674,26.253073,26.068091,8892182.0
08/11/2014,32.180000,32.330002,32.009998,32.110001,26.576275,4956100,-,25.831040,28.323971,26.293629,26.034984,8910540.0
08/08/2014,31.600000,32.150002,31.559999,32.119999,26.584549,5967700,-,25.810443,28.402103,26.325908,26.021742,8975966.0
08/07/2014,31.260000,31.799999,31.209999,31.559999,26.121063,7241800,-,25.792696,28.467323,26.394604,25.966289,9121282.0
08/06/2014,31.040001,31.250000,30.730000,31.180000,25.806555,11411100,-,25.776825,28.540654,26.510477,25.986980,9200972.0
08/05/2014,31.280001,31.559999,31.040001,31.129999,25.765162,6683900,-,25.763209,28.610177,26.637937,26.034984,9245744.0
08/04/2014,31.520000,31.530001,30.660000,31.360001,25.955530,10079600,-,25.750964,28.660168,26.769950,26.088783,9219892.0
08/01/2014,31.139999,32.080002,31.100000,31.540001,26.104511,9734300,-,25.736603,28.707180,26.894099,26.160789,9136516.0
07/31/2014,30.930000,31.490000,30.799999,31.080000,25.723783,9236100,-,25.724588,28.746245,26.994660,26.206310,9096478.0
07/30/2014,31.629999,31.660000,30.850000,31.010000,25.665846,7976600,-,25.716484,28.792760,27.139916,26.278316,9044714.0
07/29/2014,31.940001,32.049999,31.430000,31.469999,26.046570,6292800,-,25.709955,28.841758,27.334003,26.438055,9033166.0
07/28/2014,31.410000,32.130001,31.379999,31.950001,26.443848,5683400,-,25.700759,28.889762,27.541333,26.552273,9087842.0
07/25/2014,31.730000,31.990000,31.379999,31.450001,26.030020,3689000,-,25.687810,28.932801,27.720936,26.630074,9107450.0
07/24/2014,31.360001,31.940001,31.270000,31.809999,26.327978,6165100,-,25.675284,28.988254,27.913781,26.822920,9196400.0
07/23/2014,31.840000,31.969999,31.680000,31.760000,26.286594,4568700,-,25.660386,29.046356,28.096281,27.033974,9205676.0
07/22/2014,32.250000,32.299999,31.760000,31.780001,26.303144,8779400,-,25.646296,29.101511,28.280436,27.240890,9261854.0
07/21/2014,32.240002,32.320000,31.850000,32.230000,26.675592,8362900,-,25.631883,29.169463,28.466661,27.451117,9217154.0
07/18/2014,32.180000,32.349998,31.870001,32.090000,26.559723,10140000,-,25.617776,29.234561,28.654127,27.627410,9150688.0
07/17/2014,32.830002,33.099998,31.950001,31.950001,26.443848,10091300,-,25.603967,29.306570,28.864353,27.783011,9089536.0
07/16/2014,32.889999,32.950001,32.630001,32.939999,27.263237,8855000,-,25.590737,29.369083,29.067131,28.001515,9061200.0
07/15/2014,32.900002,33.060001,32.709999,32.849998,27.188749,9073200,-,25.573812,29.418489,29.205765,28.229951,9006864.0
07/14/2014,33.950001,33.950001,32.860001,32.889999,27.221851,10240200,-,25.558664,29.462822,29.340674,28.530392,9027734.0
07/11/2014,34.160000,34.369999,33.720001,33.779999,27.958479,9178300,-,25.544234,29.508954,29.457788,28.811798,9117420.0
07/10/2014,34.150002,34.470001,34.150002,34.360001,28.438522,7476400,-,25.526964,29.524600,29.511173,29.004643,9383836.0
07/09/2014,34.369999,34.480000,34.150002,34.259998,28.355753,7582500,-,25.506892,29.549516,29.568695,29.158589,9385538.0
07/08/2014,34.480000,34.520000,34.209999,34.320000,28.405413,7229000,-,25.486070,29.581503,29.688706,29.319983,9332558.0
07/07/2014,34.060001,34.509998,34.029999,34.360001,28.438522,10563100,-,25.467849,29.608394,29.802924,29.482205,9290120.0
07/03/2014,34.369999,34.369999,33.799999,33.970001,28.115736,8016300,-,25.450186,29.630520,29.929142,29.680844,9197566.0
07/02/2014,35.549999,35.590000,34.330002,34.590000,28.628889,11109800,-,25.431407,29.657298,30.073569,29.945695,9131016.0
07/01/2014,36.080002,36.259998,35.549999,35.700001,29.547590,7022700,-,25.409581,29.673648,30.184476,30.132747,8994766.0
06/30/2014,36.450001,36.709999,36.250000,36.480000,30.193167,6268600,-,25.382960,29.672444,30.246137,30.181579,8936630.0
06/27/2014,35.959999,36.330002,35.959999,36.290001,30.035910,4781200,-,25.352509,29.660299,30.251103,30.150955,8940886.0
06/26/2014,36.310001,36.410000,35.980000,36.110001,29.886930,6052300,-,25.323246,29.654251,30.273451,30.103779,8917404.0
06/25/2014,36.150002,36.369999,36.020000,36.220001,29.977978,5481600,-,25.297177,29.647246,30.271382,30.017702,8941510.0
06/24/2014,36.209999,36.330002,36.090000,36.209999,29.969694,7616700,-,25.268725,29.626769,30.261863,29.978801,8981362.0
06/23/2014,36.950001,37.070000,35.950001,36.279999,30.027630,7060200,-,25.240556,29.604324,30.227515,30.057429,8949382.0
06/20/2014,37.200001,37.230000,36.639999,36.759998,30.424911,7978100,-,25.211053,29.579572,30.139369,30.123643,8929008.0
06/19/2014,36.939999,37.270000,36.900002,37.169998,30.764256,8169900,-,25.179724,29.550156,30.033428,30.177441,8970902.0
06/18/2014,36.240002,36.919998,36.240002,36.849998,30.499403,9111900,-,25.146699,29.518056,29.898105,30.201443,9030076.0
06/17/2014,36.230000,36.500000,36.150002,36.290001,30.035910,11725700,-,25.116604,29.477304,29.775611,30.236205,9013278.0
06/16/2014,35.919998,36.490002,35.840000,36.110001,29.886930,16125600,-,25.088545,29.442213,29.679602,30.310695,9025488.0
06/13/2014,35.080002,35.840000,34.869999,35.720001,29.564146,16372600,-,25.062395,29.398779,29.607595,30.351251,8810434.0
06/12/2014,35.029999,35.340000,34.810001,35.070000,29.026161,44407700,-,25.037257,29.357370,29.559176,30.443122,8638014.0
06/11/2014,36.090000,36.939999,35.720001,35.750000,29.588966,15362000,-,25.015372,29.326392,29.548003,30.525061,7837340.0
06/10/2014,37.180000,37.400002,37.060001,37.160000,30.755980,4505300,-,24.991715,29.285307,29.530208,30.544925,7685766.0
06/09/2014,37.259998,37.450001,37.029999,37.080002,30.689772,5265900,-,24.961260,29.216452,29.444628,30.397601,7739676.0
06/06/2014,37.509998,37.730000,37.340000,37.410000,30.962891,5092100,-,24.927684,29.141208,29.395176,30.155094,7758434.0
06/05/2014,37.099998,37.560001,37.090000,37.459999,31.004276,11936100,-,24.893786,29.054266,29.343555,29.889415,7864832.0
06/04/2014,37.080002,37.290001,36.900002,37.270000,30.847021,5338800,-,24.858638,28.974537,29.301351,29.594767,7755722.0
06/03/2014,36.630001,37.250000,36.500000,37.189999,30.780811,7579800,-,24.825479,28.897953,29.237474,29.315016,7836546.0
06/02/2014,36.619999,36.720001,36.320000,36.599998,30.292482,5888600,-,24.793897,28.816458,29.185111,29.048509,7968648.0
05/30/2014,36.119999,36.849998,36.060001,36.830002,30.482862,8227400,-,24.764636,28.725367,29.140755,28.863940,7999230.0
05/29/2014,36.090000,36.599998,35.889999,36.060001,29.845551,13233500,-,24.734342,28.625381,29.093034,28.675231,8009252.0
05/28/2014,35.139999,36.080002,35.130001,35.990002,29.787609,11226300,-,24.708560,28.539618,29.037797,28.570944,7827888.0
05/27/2014,34.669998,35.950001,34.660000,35.380001,29.282732,13649700,-,24.683862,28.452881,29.032632,28.515491,7716648.0
05/23/2014,34.070000,34.430000,34.040001,34.150002,28.264708,5391300,-,24.662047,28.370005,29.066250,28.491655,7546414.0
05/22/2014,33.830002,34.369999,33.759998,34.200001,28.306095,5910800,-,24.643294,28.305357,29.140513,28.635258,7533796.0
05/21/2014,33.930000,33.959999,33.500000,33.900002,28.057796,7732400,-,24.621990,28.234467,29.202451,28.797695,7481816.0
05/20/2014,33.930000,34.209999,33.770000,33.889999,28.049517,6647900,-,24.603438,28.162963,29.272291,29.007936,7387508.0
05/19/2014,34.330002,34.509998,33.900002,33.970001,28.115736,7399200,-,24.584887,28.092281,29.342135,29.159931,7340932.0
05/16/2014,34.529999,34.590000,34.259998,34.369999,28.446793,9026600,-,24.566720,28.019290,29.410719,29.321713,7353504.0
05/15/2014,34.820000,34.919998,34.520000,34.549999,28.595770,6663800,-,24.546064,27.939514,29.467673,29.417571,7315466.0
05/14/2014,35.400002,35.490002,34.730000,34.799999,28.802687,8136500,-,24.528121,27.864470,29.524563,29.510838,7260654.0
05/13/2014,35.560001,35.759998,35.369999,35.630001,29.233076,6628900,-,24.510057,27.787258,29.561261,29.504649,7206040.0
05/12/2014,36.250000,36.400002,35.340000,35.400002,29.044369,7377600,-,24.489682,27.695366,29.547313,29.549774,7148084.0
05/09/2014,36.470001,36.720001,36.189999,36.200001,29.700739,6544400,-,24.469694,27.613484,29.537468,29.640845,7091660.0
05/08/2014,36.660000,36.689999,36.150002,36.480000,29.930471,5039600,-,24.445113,27.514536,29.491932,29.645768,7081966.0
05/07/2014,35.980000,36.840000,35.980000,36.759998,30.160198,7082400,-,24.423039,27.415096,29.443114,29.607206,7053818.0
05/06/2014,36.570000,36.590000,35.980000,36.040001,29.569471,8674500,-,24.400652,27.310077,29.393066,29.536647,7026378.0
05/05/2014,35.770000,36.380001,35.669998,36.240002,29.733555,6138200,-,24.380145,27.217365,29.337684,29.524340,7059526.0
05/02/2014,35.980000,36.290001,35.360001,35.840000,29.405375,10116700,-,24.357983,27.121863,29.265073,29.499726,7104430.0
05/01/2014,35.450001,36.200001,35.360001,35.990002,29.528440,14724500,-,24.335872,27.029807,29.180566,29.517776,7025880.0
04/30/2014,34.220001,35.360001,34.220001,35.029999,28.740795,22499100,-,24.313305,26.930859,29.078829,29.538287,6871740.0
04/29/2014,36.439999,36.549999,35.980000,36.180000,29.684324,7561500,-,24.294994,26.849141,29.015653,29.617873,6593584.0
04/28/2014,36.310001,36.599998,36.230000,36.509998,29.955086,4933500,-,24.269939,26.743466,28.908173,29.544853,6584838.0
04/25/2014,36.009998,36.299999,35.900002,36.259998,29.749960,5107100,-,24.243370,26.626796,28.776079,29.434090,6681346.0
04/24/2014,36.040001,36.230000,35.700001,36.009998,29.544859,5935400,-,24.216119,26.506680,28.634960,29.338096,6688282.0
04/23/2014,35.990002,36.439999,35.830002,35.900002,29.454603,4688800,-,24.190846,26.394277,28.488507,29.279022,6721740.0
04/22/2014,35.889999,36.099998,35.650002,35.889999,29.446400,4297300,-,24.164595,26.282542,28.366668,29.249485,6770568.0
04/21/2014,35.990002,36.410000,35.759998,35.939999,29.487415,4115900,-,24.135562,26.171621,28.245240,29.151029,6860292.0
04/17/2014,36.119999,36.320000,35.799999,36.060001,29.585875,6481400,-,24.107675,26.060691,28.106172,29.030421,7053238.0
04/16/2014,35.910000,36.250000,35.770000,36.240002,29.733555,3607100,-,24.079853,25.937563,27.913773,28.843356,7122226.0
04/15/2014,35.439999,36.000000,35.389999,36.000000,29.536654,7257600,-,24.051690,25.812293,27.701274,28.619371,7237756.0
04/14/2014,35.150002,35.330002,35.060001,35.290001,28.954121,7474200,-,24.026737,25.691935,27.502312,28.413434,7380260.0
04/11/2014,35.040001,35.320000,34.990002,35.160000,28.847458,6017700,-,24.005531,25.583715,27.327143,28.271494,7439022.0
04/10/2014,35.349998,35.650002,34.959999,35.090000,28.790020,6041500,-,23.985892,25.477466,27.141719,28.118068,7518158.0
04/09/2014,35.580002,35.750000,34.849998,35.290001,28.954121,10072800,-,23.965467,25.359376,26.953833,27.931824,7519436.0
04/08/2014,34.520000,35.549999,34.340000,35.540001,29.159233,11128600,-,23.942393,25.236543,26.744205,27.697992,7436738.0
04/07/2014,34.450001,35.029999,34.450001,34.689999,28.461838,8272000,-,23.917022,25.111232,26.510373,27.483851,7379666.0
04/04/2014,33.830002,34.880001,33.779999,34.470001,28.281340,12336200,-,23.893548,25.001005,26.313052,27.339450,7489620.0
04/03/2014,33.570000,33.869999,33.400002,33.779999,27.715223,5372900,-,23.874076,24.895200,26.122295,27.181922,7417876.0
04/02/2014,33.500000,33.759998,33.230000,33.509998,27.493700,7751600,-,23.859304,24.797632,25.959433,26.984191,7464472.0
04/01/2014,33.599998,33.669998,33.110001,33.490002,27.477283,4374000,-,23.843969,24.698649,25.826928,26.783177,7457586.0
03/31/2014,33.400002,33.939999,33.320000,33.560001,27.534723,7783300,-,23.828319,24.590740,25.700167,26.591190,7461324.0
03/28/2014,32.759998,33.330002,32.630001,33.290001,27.313200,7200800,-,23.812700,24.485092,25.555355,26.382792,7410658.0
03/27/2014,32.459999,32.910000,32.150002,32.820000,26.927576,6203800,-,23.796957,24.373483,25.437208,26.165369,7361258.0
03/26/2014,32.930000,33.000000,32.060001,32.439999,26.615799,10412000,-,23.786321,24.271534,25.328497,25.975842,7345690.0
03/25/2014,32.910000,33.029999,32.470001,32.930000,27.017830,6480600,-,23.777999,24.177283,25.245630,25.790418,7225512.0
03/24/2014,32.560001,32.970001,32.520000,32.930000,27.017830,9380000,-,23.767548,24.078076,25.140201,25.536895,7207738.0
03/21/2014,32.599998,32.869999,31.930000,32.549999,26.706055,14184900,-,23.757653,23.976595,25.036002,25.286654,7133066.0
03/20/2014,30.930000,31.440001,30.580000,31.370001,25.737911,7417700,-,23.748959,23.878753,24.948623,25.062668,6965772.0
03/19/2014,31.190001,31.530001,30.900000,31.059999,25.483562,8728500,-,23.745821,23.801247,24.901856,24.934675,6958328.0
03/18/2014,31.090000,31.260000,30.910000,31.150000,25.557413,4165300,-,23.744035,23.726555,24.856730,24.870679,6932092.0
03/17/2014,30.730000,31.059999,30.520000,31.020000,25.450747,5664300,-,23.740806,23.647626,24.811604,24.809143,7051904.0
03/14/2014,30.430000,30.870001,30.340000,30.639999,25.138968,5138000,-,23.738747,23.579761,24.759095,24.727918,7038256.0
03/13/2014,30.170000,30.680000,30.150000,30.510000,25.032305,4760400,-,23.738843,23.521703,24.708226,24.709047,7055312.0
03/12/2014,29.750000,30.190001,29.680000,30.180000,24.761564,3311800,-,23.741022,23.467240,24.643820,24.681151,7092990.0
03/11/2014,30.139999,30.139999,29.680000,29.840000,24.482599,3017000,-,23.754928,23.412833,24.601976,24.700842,7130570.0
03/10/2014,29.809999,29.959999,29.600000,29.879999,24.515419,4319100,-,23.770507,23.364655,24.571239,24.743506,7156510.0
03/07/2014,29.680000,29.830000,29.139999,29.820000,24.466188,8027800,-,23.785444,23.317445,24.540485,24.785350,7130298.0
03/06/2014,30.200001,30.389999,29.610001,29.809999,24.457983,7124700,-,23.802258,23.268783,24.514221,24.834578,7119104.0
03/05/2014,30.410000,30.500000,30.190001,30.280001,24.843603,3923200,-,23.819033,23.222235,24.462796,24.869037,7277448.0
03/04/2014,30.270000,30.500000,30.030001,30.400000,24.942059,5405800,-,23.834516,23.167324,24.394118,24.842782,7378284.0
03/03/2014,30.240000,30.340000,30.020000,30.030001,24.638489,3731100,-,23.848076,23.121972,24.322954,24.814066,7448196.0
02/28/2014,30.290001,30.580000,30.250000,30.410000,24.950260,4556400,-,23.864743,23.079444,24.268186,24.790272,7512644.0
02/27/2014,30.360001,30.480000,29.959999,30.170000,24.753349,6059700,-,23.879097,23.031493,24.197423,24.707406,7570304.0
02/26/2014,30.440001,30.650000,30.340000,30.420000,24.958467,3632200,-,23.894157,22.986181,24.104032,24.606489,7554298.0
02/25/2014,30.360001,30.740000,30.190001,30.360001,24.909243,5710400,-,23.910218,22.940013,23.996733,24.503111,7609448.0
02/24/2014,30.420000,30.950001,30.370001,30.389999,24.933857,10331900,-,23.925934,22.896617,23.895953,24.398972,7670300.0
02/21/2014,30.260000,30.709999,30.100000,30.420000,24.958467,8383400,-,23.941961,22.855813,23.796785,24.295619,7624400.0
02/20/2014,29.940001,30.280001,29.730000,30.230000,24.802574,6189200,-,23.957077,22.818901,23.698416,24.193865,7609178.0
02/19/2014,29.959999,30.330000,29.750000,29.959999,24.581053,7017500,-,23.971947,22.784619,23.600129,24.056555,7696690.0
02/18/2014,29.760000,30.180000,29.639999,30.049999,24.654896,8591300,-,23.990132,22.744539,23.498304,23.945455,7735902.0
02/14/2014,29.340000,29.799999,29.260000,29.740000,24.400557,7124200,-,24.010036,22.701196,23.369651,23.831842,7690054.0
02/13/2014,28.879999,29.590000,28.850000,29.400000,24.121593,9758900,-,24.032826,22.658231,23.262239,23.746099,7696172.0
02/12/2014,29.160000,29.170000,28.790001,28.940001,23.744183,5453900,-,24.060006,22.612564,23.142796,23.687440,7632032.0
02/11/2014,29.330000,29.620001,29.139999,29.469999,23.924685,7608300,-,24.090137,22.574609,23.047095,23.601576,7576914.0
02/10/2014,29.350000,29.549999,29.230000,29.400000,23.867859,7130200,-,24.117592,22.533530,22.946021,23.490355,7525978.0
02/07/2014,29.700001,29.700001,29.080000,29.440001,23.900328,8783500,-,24.144780,22.493750,22.855502,23.392935,7502388.0
02/06/2014,28.809999,29.879999,28.809999,29.490000,23.940924,13763200,-,24.171687,22.457867,22.757676,23.297951,7502048.0
02/05/2014,28.770000,29.080000,28.570000,28.860001,23.429470,9930800,-,24.197249,22.423121,22.651326,23.202966,7325912.0
02/04/2014,29.209999,29.250000,28.820000,28.910000,23.470058,9383600,-,24.224580,22.403475,22.572985,23.143703,7245588.0
02/03/2014,29.120001,29.400000,28.700001,28.969999,23.518768,14382800,-,24.251747,22.382205,22.486930,23.051154,7179004.0
01/31/2014,28.799999,29.309999,28.780001,29.000000,23.543123,10412300,-,24.277804,22.361909,22.391540,22.907459,7018988.0
01/30/2014,28.299999,29.080000,28.240000,28.990000,23.535002,9974500,-,24.302203,22.346322,22.317258,22.778378,6916780.0
01/29/2014,28.059999,28.260000,27.950001,28.190001,22.885542,6105400,-,24.326366,22.332196,22.252311,22.598152,6841406.0
01/28/2014,28.389999,28.420000,27.900000,28.100000,22.812473,5937900,-,24.353147,22.327487,22.223491,22.492613,6885090.0
01/27/2014,28.450001,28.450001,28.080000,28.200001,22.893658,8275000,-,24.381790,22.326838,22.184929,22.401688,6899212.0
01/24/2014,28.209999,29.160000,28.200001,28.270000,22.950487,13769700,-,24.409869,22.321317,22.143932,22.318069,7294304.0
01/23/2014,27.980000,28.400000,27.920000,28.320000,22.991081,8749000,-,24.437507,22.325580,22.104152,22.217402,7157130.0
01/22/2014,27.700001,28.170000,27.660000,28.129999,22.836832,7702700,-,24.463247,22.320841,22.056254,22.099687,7427734.0
01/21/2014,27.270000,27.780001,27.240000,27.770000,22.544569,7407300,-,24.488656,22.322719,22.020940,22.002267,7662570.0
01/17/2014,27.480000,27.549999,27.059999,27.200001,22.081825,4560900,-,24.514383,22.337669,21.998614,21.922707,7742534.0
01/16/2014,26.870001,27.440001,26.809999,27.410000,22.252312,5250000,-,24.540770,22.349670,22.028246,21.875621,7803926.0
01/15/2014,26.889999,27.080000,26.719999,26.770000,21.732737,4730800,-,24.565437,22.363721,22.041236,21.856137,7861382.0
01/14/2014,26.990000,27.240000,26.850000,26.889999,21.830158,5425400,-,24.593450,22.389448,22.082233,21.906471,7885998.0
01/13/2014,27.139999,27.180000,26.879999,26.980000,21.903221,4403100,-,24.619676,22.411139,22.115112,21.954370,7950980.0
01/10/2014,27.160000,27.590000,27.100000,27.170000,22.057472,5591900,-,24.646010,22.431529,22.152457,21.968171,8137848.0
01/09/2014,26.879999,27.100000,26.799999,27.030001,21.943815,5646400,-,24.669800,22.440805,22.186554,21.969795,8205958.0
01/08/2014,26.990000,27.090000,26.760000,26.870001,21.813925,5820200,-,24.693133,22.452676,22.234046,21.990903,8282460.0
01/07/2014,26.969999,27.000000,26.690001,26.930000,21.862633,7045500,-,24.716091,22.465378,22.298992,22.012822,8322944.0
01/06/2014,26.610001,26.860001,26.549999,26.790001,21.748974,7416700,-,24.740146,22.473573,22.360286,22.039613,8397372.0
01/03/2014,26.900000,26.969999,26.450001,26.620001,21.610968,10155900,-,24.764177,22.487735,22.401689,22.074521,8594496.0
01/02/2014,27.459999,27.580000,27.160000,27.170000,22.057472,4981900,-,24.788860,22.516218,22.445528,22.180871,8663514.0
12/31/2013,27.540001,27.680000,27.280001,27.389999,22.236073,5990800,-,24.810443,22.534005,22.455270,22.226334,8733548.0
12/30/2013,27.160000,27.549999,27.160000,27.480000,22.309143,6644300,-,24.830857,22.550950,22.435380,22.257995,8779554.0
12/27/2013,27.250000,27.450001,27.129999,27.150000,22.041235,5190800,-,24.850867,22.571090,22.412243,22.275855,8817282.0
12/26/2013,27.360001,27.450001,27.160000,27.190001,22.073711,4314000,-,24.868630,22.591932,22.403718,22.336743,8966286.0
12/24/2013,27.049999,27.350000,27.049999,27.290001,22.154892,3008500,-,24.885128,22.624489,22.393976,22.403312,8976304.0
12/23/2013,27.350000,27.559999,27.090000,27.139999,22.033117,7468100,-,24.900708,22.663451,22.391541,22.477189,9005440.0
12/20/2013,27.260000,27.690001,27.070000,27.260000,22.130541,15041900,-,24.918237,22.709987,22.400065,22.585163,8941932.0
12/19/2013,27.740000,27.770000,27.120001,27.219999,22.098059,8965000,-,24.934175,22.751524,22.415896,22.680959,8735338.0
12/18/2013,27.719999,27.959999,27.240000,27.930000,22.674467,8901400,-,24.949054,22.786644,22.431321,22.728857,8683996.0
12/17/2013,27.760000,27.850000,27.590000,27.730000,22.512098,6953500,-,24.961012,22.803653,22.422796,22.710185,8602668.0
12/16/2013,27.690001,28.020000,27.690001,27.780001,22.552687,7439400,-,24.972324,22.820377,22.435380,22.684206,8534538.0
12/13/2013,27.870001,28.040001,27.530001,27.700001,22.487743,5259400,-,24.983039,22.838697,22.449181,22.612765,8439122.0
12/12/2013,27.920000,28.160000,27.760000,27.900000,22.650112,6389700,-,24.992384,22.857353,22.457299,22.548630,8430666.0
12/11/2013,28.160000,28.280001,27.920000,28.010000,22.739408,8753000,-,25.001233,22.881433,22.463794,22.470694,8392084.0
12/10/2013,28.469999,28.480000,28.100000,28.200001,22.893658,8036900,-,25.008847,22.902602,22.457705,22.384640,8293026.0
12/09/2013,28.430000,28.500000,28.120001,28.469999,23.112856,7622300,-,25.014942,22.920687,22.471202,22.305892,8238148.0
12/06/2013,27.879999,28.469999,27.799999,28.440001,23.088497,10564800,-,25.018955,22.935994,22.453266,22.214967,8159632.0
12/05/2013,27.680000,27.809999,27.120001,27.809999,22.577044,8978100,-,25.023642,22.957408,22.445379,22.150833,8026238.0
12/04/2013,27.309999,27.750000,27.209999,27.700001,22.487743,6298900,-,25.029743,22.992584,22.481131,22.133784,7926660.0
12/03/2013,26.780001,27.420000,26.740000,27.410000,22.252312,7430100,-,25.036646,23.032918,22.490836,22.135408,7896270.0
12/02/2013,26.950001,27.090000,26.639999,26.900000,21.838274,6551900,-,25.045908,23.076355,22.525964,22.186553,7850352.0
11/29/2013,26.940001,27.219999,26.889999,26.910000,21.846395,2698000,-,25.057358,23.123416,22.585004,22.285597,7882244.0
11/27/2013,26.910000,27.049999,26.870001,26.940001,21.870752,5061500,-,25.069122,23.181715,22.638420,22.365969,7924998.0
11/26/2013,27.230000,27.230000,26.920000,26.950001,21.878868,5950700,-,25.082163,23.242418,22.691019,22.456893,7977108.0
11/25/2013,27.350000,27.370001,27.080000,27.230000,22.106180,8766500,-,25.096559,23.292039,22.723140,22.530770,7958070.0
11/22/2013,27.639999,27.740000,27.330000,27.350000,22.203606,4956400,-,25.107764,23.335187,22.744698,22.636513,7878548.0
11/21/2013,27.629999,27.930000,27.549999,27.650000,22.447151,5914600,-,25.117165,23.375584,22.756969,22.691565,7837640.0
11/20/2013,27.900000,28.170000,27.580000,27.600000,22.406559,6054400,-,25.126471,23.408701,22.748231,22.739926,7804608.0
11/19/2013,28.000000,28.110001,27.620001,27.719999,22.503979,6382000,-,25.134470,23.444235,22.750756,22.828477,7811880.0
11/18/2013,28.250000,28.330000,28.020000,28.040001,22.763767,5301900,-,25.141478,23.487617,22.777314,22.846265,7791884.0
11/15/2013,27.850000,28.290001,27.809999,28.120001,22.828711,6205800,-,25.146799,23.518094,22.786467,22.865374,7772384.0
11/14/2013,28.080000,28.250000,27.870001,27.900000,22.650112,8289600,-,25.152881,23.548237,22.799197,22.884411,7751336.0
11/13/2013,27.750000,28.160000,27.690001,28.059999,22.779999,6644000,-,25.161444,23.577776,22.832499,22.910871,7653818.0
11/12/2013,28.549999,28.719999,28.059999,28.170000,22.617638,28029600,-,25.168621,23.605360,22.847665,22.925145,7640336.0
11/11/2013,28.230000,28.889999,28.200001,28.850000,23.163607,6911000,-,25.176921,23.636192,22.901860,22.915510,7178236.0
11/08/2013,28.360001,28.379999,27.730000,28.340000,22.754128,22279200,-,25.181909,23.662527,22.948830,22.852884,7129580.0
11/07/2013,29.040001,29.139999,28.490000,28.559999,22.930763,19444500,-,25.188286,23.695927,23.029120,22.822373,6774686.0
11/06/2013,28.420000,29.090000,28.309999,29.010000,23.292067,11405500,-,25.191377,23.730452,23.092950,22.756536,6470762.0
11/05/2013,28.580000,28.910000,28.250000,28.250000,22.681862,7630500,-,25.191113,23.755342,23.121052,22.673034,6336510.0
11/04/2013,28.709999,28.740000,28.309999,28.590000,22.954855,8122800,-,25.195681,23.794684,23.163204,22.708362,6283118.0
11/01/2013,28.650000,28.780001,28.450001,28.670000,23.019083,5961600,-,25.198575,23.832741,23.182875,22.707559,6204836.0
10/31/2013,28.610001,28.830000,28.129999,28.540001,22.914709,8674500,-,25.199946,23.865660,23.205356,22.713982,6223748.0
10/30/2013,28.510000,28.900000,27.809999,28.549999,22.922735,13746500,-,25.200329,23.886856,23.230647,22.754127,6173276.0
10/29/2013,28.070000,28.350000,27.830000,28.049999,22.521290,8997400,-,25.200981,23.912067,23.277216,22.770185,6047486.0
10/28/2013,27.650000,28.180000,27.650000,28.070000,22.537344,9471500,-,25.202362,23.941132,23.341046,22.888211,5988742.0
10/25/2013,27.750000,27.959999,27.629999,27.959999,22.449026,7844400,-,25.203158,23.974693,23.404074,23.044776,5936356.0
10/24/2013,27.889999,28.139999,27.580000,27.740000,22.272387,10766900,-,25.204281,24.014999,23.475532,23.235866,5890102.0
10/23/2013,28.379999,28.500000,27.740000,27.969999,22.457054,17272900,-,25.206208,24.058355,23.569873,23.429365,5761190.0
10/22/2013,28.600000,28.799999,28.209999,28.690001,23.035141,13606800,-,25.208647,24.097697,23.663812,23.569070,5535762.0
10/21/2013,28.790001,28.950001,28.370001,28.580000,22.946821,8483600,-,25.209202,24.130777,23.737277,23.618047,5620784.0
10/18/2013,29.059999,29.080000,28.709999,28.750000,23.083315,8291100,-,25.211748,24.168802,23.811144,23.658192,5754082.0
10/17/2013,28.690001,29.400000,28.379999,29.040001,23.316156,8530700,-,25.212798,24.205528,23.866544,23.696730,6032996.0
10/16/2013,28.959999,29.260000,28.590000,28.750000,23.083315,12641000,-,25.211754,24.229490,23.938805,23.707168,5953884.0
10/15/2013,29.910000,29.950001,29.450001,29.520000,23.701551,4814900,-,25.211565,24.248729,24.029934,23.784247,5800074.0
10/14/2013,30.180000,30.200001,29.600000,30.020000,24.102997,4465300,-,25.205650,24.261644,24.062853,23.793881,5781402.0
10/11/2013,30.180000,30.590000,30.049999,30.340000,24.359926,4292700,-,25.199199,24.266371,24.070881,23.763371,5823226.0
10/10/2013,29.780001,30.200001,29.430000,30.150000,24.207375,4712200,-,25.191542,24.268822,24.064057,23.715198,5844502.0
10/09/2013,29.430000,29.990000,29.350000,29.709999,23.854101,6397900,-,25.185383,24.270984,24.058838,23.710380,5919088.0
10/08/2013,29.020000,29.580000,29.020000,29.299999,23.524908,4835000,-,25.181882,24.294044,24.075297,23.758554,5906626.0
10/07/2013,29.070000,29.440001,29.000000,29.080000,23.348272,3547000,-,25.180298,24.327343,24.132704,23.856508,5899372.0
10/04/2013,29.200001,29.340000,29.110001,29.230000,23.468700,2668600,-,25.180256,24.363540,24.179674,23.964096,5898584.0
10/03/2013,29.549999,29.559999,29.100000,29.170000,23.420534,4836600,-,25.181549,24.395102,24.223030,24.036358,5932642.0
10/02/2013,29.500000,29.889999,29.350000,29.709999,23.854101,4460600,-,25.180410,24.422381,24.258358,24.170442,5945916.0
10/01/2013,29.670000,29.799999,29.459999,29.639999,23.797895,3800100,-,25.176056,24.455615,24.273613,24.275621,5939952.0
09/30/2013,29.670000,29.870001,29.420000,29.639999,23.797895,5293000,-,25.172061,24.493312,24.291678,24.331824,5947624.0
09/27/2013,30.020000,30.150000,29.580000,29.740000,23.878193,3696500,-,25.168919,24.526716,24.325801,24.378392,5996130.0
09/26/2013,30.370001,30.450001,29.840000,30.090000,24.159199,3895100,-,25.165724,24.555175,24.353099,24.412916,6013008.0
09/25/2013,30.450001,30.660000,30.209999,30.309999,24.335838,3999200,-,25.160116,24.571656,24.377989,24.407296,5989112.0
09/24/2013,30.459999,30.639999,30.250000,30.520000,24.504450,4779400,-,25.153005,24.585239,24.388025,24.392040,5973784.0
09/23/2013,30.059999,30.690001,29.730000,30.420000,24.424154,5134200,-,25.144664,24.596723,24.395251,24.408900,5963188.0
09/20/2013,30.850000,30.900000,30.110001,30.129999,24.191317,8146500,-,25.137073,24.601704,24.416929,24.395251,5941052.0
09/19/2013,31.030001,31.180000,30.559999,30.840000,24.761375,4835700,-,25.128515,24.610706,24.440615,24.409703,5868032.0
09/18/2013,30.150000,31.190001,30.070000,31.020000,24.905893,7667000,-,25.118269,24.601471,24.401272,24.346274,5855192.0
09/17/2013,30.200001,30.480000,30.100000,30.340000,24.359926,4998800,-,25.110826,24.593161,24.365142,24.271605,5812556.0
09/16/2013,30.420000,30.670000,30.100000,30.219999,24.263575,4790400,-,25.105106,24.590047,24.345872,24.251532,5827428.0
09/13/2013,30.090000,30.209999,30.010000,30.170000,24.223431,2911000,-,25.099441,24.577573,24.343464,24.273210,5812620.0
09/12/2013,30.080000,30.240000,29.900000,30.020000,24.102997,4263000,-,25.093629,24.571307,24.355507,24.293283,5803112.0
09/11/2013,30.700001,30.760000,29.990000,30.120001,24.183285,6418000,-,25.086713,24.569675,24.372368,24.348683,5825464.0
09/10/2013,30.430000,30.760000,30.230000,30.730000,24.673052,5382200,-,25.076491,24.568027,24.384411,24.384010,5831998.0
09/09/2013,30.340000,30.420000,30.040001,30.250000,24.287661,4326900,-,25.064904,24.565487,24.385214,24.381601,5884928.0
09/06/2013,30.190001,30.629999,30.170000,30.309999,24.335838,5153400,-,25.055748,24.573993,24.413236,24.438607,5920474.0
09/05/2013,30.049999,30.170000,29.860001,30.049999,24.127087,3413700,-,25.047165,24.585669,24.442425,24.471526,5930390.0
09/04/2013,30.010000,30.200001,29.700001,30.090000,24.159199,5969900,-,25.039858,24.597227,24.461783,24.456270,6051542.0
09/03/2013,30.660000,30.750000,30.030001,30.090000,24.159199,4924600,-,25.032856,24.600830,24.456086,24.458679,6132994.0
08/30/2013,30.430000,30.690001,30.400000,30.490000,24.480356,4478200,-,25.025853,24.599346,24.465491,24.440212,6254098.0
08/29/2013,30.590000,30.730000,30.320000,30.420000,24.424154,4534500,-,25.019454,24.585080,24.458442,24.413717,6338884.0
08/28/2013,30.549999,30.830000,30.430000,30.709999,24.656996,4248300,-,25.014516,24.584338,24.461356,24.417731,6399232.0
08/27/2013,30.480000,30.790001,30.370001,30.559999,24.536560,4692900,-,25.009710,24.586411,24.444282,24.396053,6428580.0
08/26/2013,30.900000,30.959999,30.690001,30.700001,24.648962,4960900,-,25.007715,24.584216,24.467807,24.384812,6454426.0
08/23/2013,30.840000,31.000000,30.590000,30.959999,24.857718,4208700,-,25.004205,24.578183,24.494854,24.388827,6451112.0
08/22/2013,29.889999,30.870001,29.820000,30.719999,24.665028,6907200,-,25.001594,24.569247,24.509872,24.387864,6515362.0
08/21/2013,30.049999,30.080000,29.670000,29.860001,23.974531,6150900,-,25.000175,24.559236,24.528962,24.413325,6527566.0
08/20/2013,29.850000,30.340000,29.740000,30.120001,24.183285,7457000,-,25.005103,24.575753,24.569460,24.467295,6529176.0
08/19/2013,30.030001,30.280001,29.750000,29.860001,23.974531,6060200,-,25.012071,24.591116,24.636086,24.453493,6520624.0
08/16/2013,30.490000,30.600000,30.030001,30.160000,24.215405,6852200,-,25.028462,24.610177,24.721495,24.490771,6577052.0
08/15/2013,30.250000,30.520000,30.180000,30.469999,24.464300,5531700,-,25.042544,24.626646,24.784130,24.503166,6593326.0
08/14/2013,30.330000,30.500000,30.010000,30.440001,24.440210,4321300,-,25.055953,24.636707,24.825973,24.504980,6606702.0
08/13/2013,30.670000,30.850000,30.330000,30.420000,24.424154,6001500,-,25.070359,24.650110,24.853124,24.492511,6626988.0
08/12/2013,31.150000,31.200001,30.940001,31.059999,24.689110,17857900,-,25.086329,24.664153,24.882667,24.550802,6655882.0
08/09/2013,31.260000,31.410000,31.110001,31.260000,24.848091,15148500,-,25.103184,24.668605,24.902142,24.600880,6432848.0
08/08/2013,30.870001,31.450001,30.770000,31.350000,24.919630,22236800,-,25.119892,24.672420,24.893398,24.631880,6282062.0
08/07/2013,30.170000,30.900000,30.070000,30.840000,24.514238,4575100,-,25.138032,24.677189,24.879488,24.644599,6059026.0
08/06/2013,30.540001,30.620001,30.110001,30.250000,24.045256,4950500,-,25.156789,24.696267,24.868757,24.671625,6392780.0
08/05/2013,30.590000,30.950001,30.420000,30.629999,24.347311,3881300,-,25.175530,24.766216,24.891014,24.818679,6400128.0
08/02/2013,30.799999,30.910000,30.459999,30.620001,24.339361,6556500,-,25.193028,24.831238,24.883860,24.952219,6452828.0
08/01/2013,30.580000,30.830000,30.360001,30.799999,24.482441,5356500,-,25.208851,24.894511,24.848885,25.065093,6460730.0
07/31/2013,31.400000,31.430000,30.330000,30.590000,24.315516,8441500,-,25.225407,24.961440,24.820269,25.146967,6450040.0
07/30/2013,31.860001,32.090000,31.450001,31.459999,25.007067,5774800,-,25.242073,25.031390,24.805564,25.213737,6381238.0
07/29/2013,31.440001,31.920000,31.350000,31.690001,25.189890,4472300,-,25.254673,25.090052,24.760256,25.214532,6434654.0
07/26/2013,31.410000,31.660000,31.240000,31.650000,25.158092,3507600,-,25.265634,25.139335,24.728063,25.203404,6454184.0
07/25/2013,31.110001,31.549999,31.049999,31.510000,25.046814,4371500,-,25.276602,25.195613,24.705806,25.154916,6500154.0
07/24/2013,32.020000,32.049999,31.080000,31.180000,24.784502,5500300,-,25.288698,25.251096,24.699447,25.114377,6517312.0
07/23/2013,32.230000,32.419998,32.009998,32.099998,25.515793,4162400,-,25.300544,25.310712,24.695472,25.065889,6515114.0
07/22/2013,32.000000,32.330002,31.959999,32.310001,25.682714,4183700,-,25.308277,25.363811,24.636651,24.963349,6782132.0
07/19/2013,31.840000,32.049999,31.719999,32.040001,25.468103,7718300,-,25.314680,25.411207,24.556765,24.815500,7078932.0
07/18/2013,31.620001,31.959999,31.600000,31.830000,25.301174,4540400,-,25.322841,25.464628,24.471712,24.632677,7058866.0
07/17/2013,31.610001,31.650000,31.330000,31.430000,24.983221,2700300,-,25.332104,25.518237,24.426006,24.493572,7057710.0
07/16/2013,31.530001,31.570000,31.250000,31.469999,25.015017,3232800,-,25.342766,25.574107,24.414878,24.397391,7128628.0
07/15/2013,30.959999,31.650000,30.900000,31.549999,25.078608,4249600,-,25.353307,25.638166,24.385467,24.305980,7204386.0
07/12/2013,31.000000,31.080000,30.730000,31.040001,24.673216,4027400,-,25.364520,25.709306,24.348902,24.252722,7261966.0
07/11/2013,30.809999,31.020000,30.719999,31.000000,24.641420,4495500,-,25.375894,25.795016,24.335786,24.256696,7397322.0
07/10/2013,30.709999,30.740000,30.480000,30.570000,24.299620,4193700,-,25.387694,25.893339,24.311940,24.284517,7490172.0
07/09/2013,30.490000,30.900000,30.480000,30.809999,24.490393,5535200,-,25.401393,26.002753,24.336978,24.325056,7516606.0
07/08/2013,29.770000,30.450001,29.750000,30.450001,24.204233,5742400,-,25.414024,26.101260,24.360030,24.309953,7510960.0
07/05/2013,30.000000,30.059999,29.440001,29.740000,23.639872,4050000,-,25.428200,26.203284,24.396198,24.298029,7494516.0
07/03/2013,30.129999,30.190001,29.900000,30.080000,23.910126,2435600,-,25.446874,26.316122,24.466147,24.310746,7533918.0
07/02/2013,30.270000,30.620001,30.150000,30.219999,24.021408,5380600,-,25.462787,26.418984,24.519007,24.358440,7587580.0
07/01/2013,30.950001,31.030001,30.190001,30.320000,24.100903,6744700,-,25.475478,26.516469,24.573456,24.432364,7575082.0
06/28/2013,31.090000,31.250000,30.840000,30.879999,24.546030,8028700,-,25.490132,26.612522,24.624726,24.464954,7615766.0
06/27/2013,31.389999,31.490000,31.000000,31.090000,24.712955,6104200,-,25.503361,26.696205,24.643009,24.445082,7563808.0
06/26/2013,31.230000,31.500000,31.139999,31.350000,24.919630,5649200,-,25.517469,26.770403,24.659304,24.414876,7556934.0
06/25/2013,30.780001,31.299999,30.309999,31.080000,24.705009,9471300,-,25.530734,26.839365,24.671227,24.339362,7558020.0
06/24/2013,30.000000,30.950001,29.840000,30.620001,24.339361,10042500,-,25.543549,26.910097,24.709382,24.348901,7518382.0
06/21/2013,30.120001,30.580000,29.930000,30.299999,24.084993,10979800,-,25.559372,26.994131,24.869551,24.410108,7431014.0
06/20/2013,30.480000,30.610001,29.840000,29.900000,23.767048,8717500,-,25.577839,27.082622,25.045221,24.494366,7303550.0
06/19/2013,31.070000,31.260000,30.670000,30.680000,24.387058,7551900,-,25.598352,27.176841,25.232019,24.621548,7241780.0
06/18/2013,30.740000,31.150000,30.680000,31.150000,24.760654,5715700,-,25.615613,27.251884,25.404111,24.679574,7211202.0
06/17/2013,30.770000,30.930000,30.590000,30.730000,24.426798,5985200,-,25.632148,27.315042,25.556729,24.714549,7197562.0
06/14/2013,30.719999,31.000000,30.610001,30.629999,24.347311,4795200,-,25.651114,27.380307,25.732398,24.784498,7231870.0
06/13/2013,30.480000,30.709999,30.120001,30.709999,24.410898,7421200,-,25.669640,27.440542,25.897735,24.840935,7219010.0
06/12/2013,31.320000,31.459999,30.379999,30.400000,24.164490,7517400,-,25.687962,27.496038,26.075789,24.903732,7182960.0
06/11/2013,31.190001,31.680000,31.110001,31.200001,24.800398,6231400,-,25.708316,27.559457,26.258612,25.003092,7111920.0
06/10/2013,31.559999,31.559999,31.150000,31.389999,24.951427,7029400,-,25.726976,27.604957,26.406858,25.069863,7055358.0
06/07/2013,31.520000,31.709999,31.049999,31.360001,24.927580,8881600,-,25.745718,27.649328,26.567822,25.328995,7032962.0
06/06/2013,31.340000,31.590000,31.250000,31.500000,25.038862,7665900,-,25.763856,27.687084,26.724069,25.596076,6934466.0
06/05/2013,31.440001,31.620001,31.180000,31.410000,24.967323,6200500,-,25.781400,27.718516,26.879085,25.842489,6849378.0
06/04/2013,31.520000,31.660000,31.299999,31.590000,25.110399,5335600,-,25.800444,27.747282,27.029799,26.128647,6871682.0
06/03/2013,31.379999,32.009998,31.250000,31.610001,25.126295,7446200,-,25.819762,27.778544,27.163114,26.398908,6871504.0
05/31/2013,31.559999,31.950001,31.340000,31.340000,24.911680,6706200,-,25.839991,27.807125,27.317699,26.680298,6813402.0
05/30/2013,31.860001,32.369999,31.469999,31.500000,25.038862,7609200,-,25.861655,27.839840,27.503896,26.954534,6781784.0
05/29/2013,31.770000,32.180000,31.410000,31.650000,25.158092,11085000,-,25.881406,27.866544,27.699888,27.247846,6770068.0
05/28/2013,32.130001,32.750000,31.930000,32.040001,25.468103,21262800,-,25.899133,27.889761,27.919862,27.514133,6664216.0
05/24/2013,34.560001,34.689999,34.400002,34.650002,27.542749,5317900,-,25.914596,27.906620,28.134973,27.743854,6503578.0
05/23/2013,34.419998,34.930000,34.220001,34.720001,27.598389,6516300,-,25.919874,27.867644,28.228622,27.806650,6487756.0
05/22/2013,34.980000,35.459999,34.509998,34.599998,27.503000,6951600,-,25.926414,27.823143,28.313973,27.852062,6412408.0
05/21/2013,35.020000,35.279999,34.900002,35.009998,27.828901,4822000,-,25.931515,27.778501,28.402912,27.915681,6376768.0
05/20/2013,35.209999,35.380001,34.930000,34.990002,27.813011,5001400,-,25.936076,27.732699,28.464130,27.930950,6394968.0
05/17/2013,34.910000,35.290001,34.820000,35.150002,27.940195,8445600,-,25.943984,27.682802,28.518262,27.927320,6435560.0
05/16/2013,35.080002,35.200001,34.680000,34.790001,27.654039,5448800,-,25.952647,27.625476,28.566430,27.955099,6377036.0
05/15/2013,34.959999,35.540001,34.700001,35.189999,27.971983,5806100,-,25.962290,27.573716,28.620236,28.053257,6387880.0
05/14/2013,34.990002,35.259998,34.910000,35.000000,27.820957,5229400,-,25.968878,27.509766,28.642781,28.151929,6392764.0
05/13/2013,35.400002,35.490002,34.889999,34.930000,27.765318,5390400,-,25.974418,27.447260,28.670118,28.325590,6383208.0
05/10/2013,35.540001,35.750000,35.450001,35.750000,28.170706,17513300,-,25.981626,27.379090,28.693933,28.526092,6367324.0
05/09/2013,35.650002,35.840000,35.459999,35.599998,28.052507,19023700,-,25.988198,27.304073,28.712451,28.650595,6132198.0
05/08/2013,35.439999,35.779999,35.439999,35.709999,28.139194,6715000,-,25.995360,27.228268,28.735303,28.775885,5866672.0
05/07/2013,35.340000,35.570000,35.250000,35.509998,27.981592,4482600,-,26.001487,27.147735,28.752244,28.890143,5950216.0
05/06/2013,35.480000,35.580002,34.970001,35.250000,27.776709,6246200,-,26.007464,27.066414,28.760124,28.997309,5974040.0
05/03/2013,36.450001,36.689999,35.779999,35.810001,28.217987,7020700,-,26.014014,26.991398,28.767216,29.109205,5988932.0
05/02/2013,36.619999,36.619999,35.880001,36.340000,28.635618,7128600,-,26.017456,26.902985,28.740819,29.177760,5950944.0
05/01/2013,37.279999,37.439999,36.560001,36.750000,28.958698,10795200,-,26.018997,26.807638,28.676991,29.187216,5960092.0
04/30/2013,37.639999,37.799999,37.209999,37.509998,29.557573,9138000,-,26.015279,26.710557,28.588342,29.133633,5881880.0
04/29/2013,37.439999,37.779999,37.360001,37.779999,29.770334,5515400,-,26.008717,26.601972,28.477236,29.014645,5845410.0
04/26/2013,37.180000,37.430000,37.169998,37.330002,29.415733,5252900,-,25.999438,26.490550,28.342489,28.861774,5877232.0
04/25/2013,37.200001,37.410000,36.849998,37.189999,29.305410,4920200,-,25.992045,26.391814,28.230200,28.774307,5914246.0
04/24/2013,36.830002,37.220001,36.790001,37.160000,29.281773,6020100,-,25.985842,26.300865,28.105698,28.694720,6275580.0
04/23/2013,36.740002,36.869999,36.430000,36.869999,29.053259,5118700,-,25.979682,26.202174,27.972133,28.614346,6558434.0
04/22/2013,36.680000,36.790001,36.549999,36.669998,28.895662,4755700,-,25.974965,26.102784,27.839750,28.522939,6880036.0
04/19/2013,36.529999,36.750000,36.299999,36.680000,28.903538,8778900,-,25.972088,26.011041,27.728643,28.425228,7079042.0
04/18/2013,36.160000,36.549999,35.959999,36.459999,28.730177,5430800,-,25.968908,25.913095,27.611232,28.303877,7032374.0
04/17/2013,35.860001,36.189999,35.810001,36.070000,28.422867,5760500,-,25.965769,25.816603,27.502096,28.166767,7031480.0
04/16/2013,35.910000,36.009998,35.650002,36.000000,28.367699,5703500,-,25.963866,25.724706,27.399657,28.043052,7044088.0
04/15/2013,36.040001,36.290001,35.840000,35.840000,28.241627,7489400,-,25.959459,25.638253,27.297218,27.939826,7088018.0
04/12/2013,36.099998,36.250000,36.040001,36.220001,28.541058,5674100,-,25.955682,25.560675,27.200689,27.823203,7062680.0
04/11/2013,36.209999,36.250000,36.009998,36.180000,28.509542,4606600,-,25.951610,25.474164,27.053334,27.686093,7077246.0
04/10/2013,35.849998,36.250000,35.730000,36.139999,28.478027,5629000,-,25.947395,25.389523,26.896524,27.516675,7160450.0
04/09/2013,35.450001,35.869999,35.330002,35.709999,28.139194,6023000,-,25.944465,25.303187,26.736167,27.329921,7208356.0
04/08/2013,35.080002,35.430000,34.869999,35.430000,27.918549,5033700,-,25.945107,25.220994,26.606148,27.156561,7291804.0
04/05/2013,34.500000,35.240002,34.419998,35.139999,27.690031,7700600,-,25.946026,25.133605,26.476130,27.032059,7294566.0
04/04/2013,34.540001,34.799999,34.500000,34.720001,27.359074,4152200,-,25.948201,25.044587,26.345323,26.918588,7429930.0
04/03/2013,34.720001,34.810001,34.430000,34.500000,27.185720,5618700,-,25.953382,24.969317,26.230670,26.837424,7457258.0
04/02/2013,34.410000,34.709999,34.380001,34.689999,27.335440,3965400,-,25.957853,24.896274,26.110108,26.756261,7577092.0
04/01/2013,34.419998,34.540001,34.290001,34.360001,27.075397,3403300,-,25.962815,24.815433,25.978119,26.654609,7707090.0
03/28/2013,34.000000,34.560001,33.950001,34.480000,27.169958,5909600,-,25.968476,24.733748,25.842190,26.578174,7748960.0
03/27/2013,33.610001,34.070000,33.570000,34.029999,26.815359,3956800,-,25.973175,24.651412,25.704685,26.420575,7747690.0
03/26/2013,33.680000,33.880001,33.590000,33.770000,26.610485,3411500,-,25.985396,24.571054,25.577031,26.276373,7757960.0
03/25/2013,33.950001,34.119999,33.439999,33.509998,26.405602,7315700,-,25.993043,24.492778,25.452134,26.142414,7769672.0
03/22/2013,33.700001,33.939999,33.619999,33.849998,26.673521,5326700,-,26.001039,24.418135,25.327631,26.055735,7736340.0
03/21/2013,33.689999,33.779999,33.540001,33.700001,26.555323,4541100,-,26.007695,24.337824,25.195248,25.920201,7737000.0
03/20/2013,33.549999,33.740002,33.450001,33.689999,26.547438,5125300,-,26.012800,24.265611,25.057350,25.772058,7736352.0
03/19/2013,33.500000,33.750000,33.250000,33.470001,26.374088,7023400,-,26.018997,24.197585,24.923392,25.623916,7726432.0
03/18/2013,33.180000,33.500000,33.130001,33.400002,26.318924,5792400,-,26.025121,24.139225,24.809920,25.463954,7695102.0
03/15/2013,32.400002,33.439999,32.259998,33.389999,26.311043,13230900,-,26.032385,24.078714,24.700390,25.301628,7704910.0
03/14/2013,32.220001,32.500000,32.189999,32.480000,25.593971,4526800,-,26.039463,24.014641,24.594799,25.106206,7750110.0
03/13/2013,32.080002,32.240002,32.000000,32.200001,25.373335,2748900,-,26.049977,23.963670,24.539048,24.988795,7821278.0
03/12/2013,32.389999,32.459999,32.000000,32.070000,25.270895,5169600,-,26.061405,23.906573,24.508278,24.877688,7854198.0
03/11/2013,32.009998,32.459999,32.009998,32.410000,25.538813,5732000,-,26.074323,23.857414,24.462095,24.761853,7859390.0
03/08/2013,31.930000,32.180000,31.760000,32.130001,25.318180,7031000,-,26.086088,23.803206,24.389343,24.599527,7836240.0
03/07/2013,31.750000,31.940001,31.750000,31.820000,25.073896,5519400,-,26.101850,23.756356,24.338858,24.470296,7748130.0
03/06/2013,31.530001,31.920000,31.480000,31.809999,25.066019,5991000,-,26.120149,23.717956,24.285477,24.342641,7884280.0
03/05/2013,31.350000,31.680000,31.309999,31.440001,24.774467,6050300,-,26.139012,23.680798,24.227453,24.222867,7873640.0
03/04/2013,30.840000,31.410000,30.780001,31.340000,24.695663,4751600,-,26.159747,23.652106,24.180132,24.155886,7894980.0
03/01/2013,30.959999,31.059999,30.639999,30.910000,24.356823,4596200,-,26.182115,23.632739,24.147600,24.099151,8087398.0
02/28/2013,30.790001,31.090000,30.670000,30.990000,24.419863,5757000,-,26.206479,23.609455,24.147896,24.083392,8148572.0
02/27/2013,30.600000,30.830000,30.400000,30.790001,24.262264,5747400,-,26.229252,23.580726,24.137678,24.089301,8121296.0
02/26/2013,30.440001,30.980000,30.430000,30.600000,24.112543,10892200,-,26.250507,23.555459,24.138439,24.138868,8094476.0
02/25/2013,30.620001,30.950001,30.330000,30.350000,23.915546,5673800,-,26.271915,23.536596,24.140875,24.162337,7984684.0
02/22/2013,30.209999,30.719999,30.209999,30.490000,24.025869,6990800,-,26.294420,23.523068,24.146574,24.179159,8005840.0
02/21/2013,30.190001,30.280001,30.129999,30.200001,23.797352,5121300,-,26.317638,23.503304,24.122735,24.207420,7979352.0
02/20/2013,30.520000,30.620001,30.230000,30.290001,23.868275,7586000,-,26.343077,23.485630,24.094823,24.228313,7978708.0
02/19/2013,30.580000,30.750000,30.150000,30.590000,24.104666,6884600,-,26.369874,23.464988,24.081189,24.232039,7977642.0
02/15/2013,30.790001,30.879999,30.570000,30.620001,24.128309,7314500,-,26.395563,23.441014,24.052635,24.204378,8072040.0
02/14/2013,30.950001,31.129999,30.670000,30.709999,24.199228,7106500,-,26.420054,23.408042,24.010888,24.196050,8123952.0
02/13/2013,32.000000,32.000000,31.520000,31.590000,24.478962,7103600,-,26.443856,23.378301,23.950485,24.212400,8280340.0
02/12/2013,31.430000,31.959999,31.400000,31.950001,24.757931,22986900,-,26.465032,23.357069,23.879195,24.186054,8325590.0
02/11/2013,31.049999,31.530001,30.910000,31.420000,24.347229,20162800,-,26.483214,23.326228,23.781170,24.138010,8015252.0
02/08/2013,31.340000,31.340000,30.820000,31.080000,24.083765,21198800,-,26.502630,23.301897,23.698644,24.119413,7796910.0
02/07/2013,31.600000,32.599998,31.320000,31.370001,24.308485,14706000,-,26.522433,23.281439,23.628129,24.113989,7702572.0
02/06/2013,30.730000,31.000000,30.480000,30.980000,24.006279,6445500,-,26.541336,23.249669,23.545602,24.038049,7648038.0
02/05/2013,30.840000,30.950001,30.629999,30.850000,23.905539,5386100,-,26.561229,23.212319,23.492522,23.961334,7597952.0
02/04/2013,30.920000,30.990000,30.570000,30.750000,23.828053,6390900,-,26.581775,23.181323,23.454552,23.930338,7620212.0
02/01/2013,31.490000,31.490000,30.920000,31.030001,24.045029,7900000,-,26.604271,23.153891,23.435954,23.900892,7623932.0
01/31/2013,31.219999,31.469999,31.000000,31.440001,24.362734,6222500,-,26.624715,23.125375,23.398371,23.825726,7624324.0
01/30/2013,31.389999,31.450001,31.190001,31.250000,24.215498,6402400,-,26.642379,23.091435,23.335604,23.688569,7700290.0
01/29/2013,31.059999,31.530001,31.040001,31.330000,24.277494,8766800,-,26.662268,23.062299,23.277100,23.572335,7765266.0
01/28/2013,31.110001,31.209999,30.850000,31.180000,24.161253,8024300,-,26.682926,23.031923,23.189149,23.424330,7807100.0
01/25/2013,30.400000,31.010000,30.080000,31.010000,24.029524,10195400,-,26.703532,23.012705,23.121733,23.277875,7836730.0
01/24/2013,30.030001,30.420000,30.030001,30.389999,23.549088,5171800,-,26.725616,23.000849,23.061679,23.142268,7768940.0
01/23/2013,30.350000,30.379999,29.900000,29.990000,23.239128,14468800,-,26.750623,23.003782,23.033008,23.053155,8105150.0
01/22/2013,30.320000,30.510000,30.120001,30.450001,23.595581,5518600,-,26.779114,23.021749,23.028746,23.023709,8338400.0
01/18/2013,30.150000,30.440001,29.959999,30.370001,23.533592,11610400,-,26.805972,23.028778,23.009374,22.978765,8449888.0
01/17/2013,29.940001,30.290001,29.889999,30.059999,23.293369,10465300,-,26.834181,23.044816,22.999687,22.971017,8394894.0
01/16/2013,29.700001,29.790001,29.520000,29.670000,22.991163,5496800,-,26.863591,23.066573,23.021384,22.971017,8400134.0
01/15/2013,29.450001,29.780001,29.400000,29.750000,23.053162,5846100,-,26.894178,23.105951,23.031458,22.982640,8793038.0
01/14/2013,29.350000,29.490000,29.260000,29.420000,22.797441,4470300,-,26.923450,23.156429,23.027971,22.981865,9293558.0
01/11/2013,29.340000,29.450001,29.209999,29.290001,22.696705,3997100,-,26.954894,23.245534,23.038044,22.953968,9355656.0
01/10/2013,29.270000,29.389999,29.100000,29.260000,22.673454,5649100,-,26.986432,23.332237,23.061679,22.965591,9409842.0
01/09/2013,29.600000,29.709999,29.209999,29.240000,22.657957,5359700,-,27.017565,23.421690,23.089962,22.981090,9453118.0
01/08/2013,29.820000,29.870001,29.389999,29.610001,22.944670,4508700,-,27.049334,23.514956,23.108947,23.012860,9453284.0
01/07/2013,30.190001,30.240000,29.840000,29.870001,23.146141,4629300,-,27.078144,23.608429,23.107397,23.033783,9457990.0
01/04/2013,30.049999,30.280001,29.990000,30.270000,23.456102,5456900,-,27.106877,23.706708,23.091899,23.039982,9454516.0
01/03/2013,29.879999,30.200001,29.770000,30.059999,23.293369,6282800,-,27.134581,23.801378,23.064391,23.028358,9450168.0
01/02/2013,30.090000,30.290001,29.650000,29.820000,23.107395,15490900,-,27.162689,23.906462,23.023709,23.071752,9396766.0
12/31/2012,29.000000,29.790001,28.889999,29.740000,23.045412,8085200,-,27.192063,24.009628,23.003949,23.080276,9169514.0
12/28/2012,29.260000,29.450001,29.040001,29.059999,22.518478,4394900,-,27.222304,24.104590,23.022546,23.074077,9083198.0
12/27/2012,29.400000,29.549999,29.040001,29.440001,22.812935,5429200,-,27.257039,24.211158,23.057416,23.122120,9087568.0
12/26/2012,29.629999,29.750000,29.420000,29.459999,22.828436,4574500,-,27.290542,24.304980,23.073302,23.157766,9064134.0
12/24/2012,29.660000,29.750000,29.379999,29.650000,22.975666,2625500,-,27.320631,24.404282,23.084925,23.198835,9086626.0
12/21/2012,29.809999,29.950001,29.520000,29.879999,23.153891,12326900,-,27.348316,24.497744,23.072139,23.205034,9126780.0
12/20/2012,30.150000,30.290001,29.750000,29.950001,23.208134,5459000,-,27.375221,24.585205,23.021384,23.181012,8982732.0
12/19/2012,30.650000,30.660000,30.049999,30.120001,23.339865,7117300,-,27.402707,24.668687,22.978764,23.143817,8934514.0
12/18/2012,29.870001,30.620001,29.830000,30.620001,23.727312,14372500,-,27.430498,24.748924,22.934595,23.100423,8869782.0
12/17/2012,29.629999,29.980000,29.629999,29.930000,23.192636,7654900,-,27.455982,24.823697,22.879190,22.975665,8682406.0
12/14/2012,29.690001,29.790001,29.430000,29.660000,22.983414,4393200,-,27.484472,24.902919,22.852844,22.927621,8614052.0
12/13/2012,29.900000,30.030001,29.480000,29.680000,22.998911,4406400,-,27.514379,24.984496,22.841608,22.971016,8615942.0
12/12/2012,30.000000,30.129999,29.830000,29.900000,23.169392,5402600,-,27.543987,25.063784,22.829597,22.992713,8620360.0
12/11/2012,29.750000,30.209999,29.660000,29.990000,23.239128,6731600,-,27.573260,25.142404,22.831147,22.988838,8604798.0
12/10/2012,29.639999,29.799999,29.400000,29.730000,23.037655,5666400,-,27.602630,25.220695,22.841027,22.971015,8546062.0
12/07/2012,29.510000,29.629999,29.389999,29.570000,22.913673,5089100,-,27.632081,25.302254,22.873929,22.939245,8526024.0
12/06/2012,29.580000,29.740000,29.200001,29.469999,22.836184,7532700,-,27.662745,25.386446,22.935120,22.861755,8540372.0
12/05/2012,29.070000,29.670000,28.930000,29.559999,22.905926,11604500,-,27.692832,25.476147,22.990663,22.813712,8504838.0
12/04/2012,29.250000,29.410000,28.990000,29.010000,22.479733,9910100,-,27.723868,25.556990,23.062142,22.768767,8437908.0
12/03/2012,30.219999,30.219999,29.129999,29.309999,22.712198,14925900,-,27.757888,25.647422,23.157216,22.782715,8314016.0
11/30/2012,30.020000,30.230000,29.850000,30.219999,23.417356,9366100,-,27.789225,25.733967,23.269610,22.778066,8094632.0
11/29/2012,29.850000,30.090000,29.750000,29.959999,23.215881,7470000,-,27.816814,25.805952,23.377594,22.712201,7990964.0
11/28/2012,29.629999,29.879999,29.350000,29.850000,23.130646,9245700,-,27.846152,25.882424,23.579436,22.666482,8085632.0
11/27/2012,29.540001,30.059999,29.430000,29.760000,23.060902,16481900,-,27.876231,25.967302,23.774495,22.673456,8089546.0
11/26/2012,28.820000,29.670000,28.799999,29.320000,22.719950,11979300,-,27.907428,26.047940,23.978754,22.711039,7912272.0
11/23/2012,28.889999,28.969999,28.400000,28.570000,22.138779,3941200,-,27.940914,26.124733,24.208820,22.808614,7944682.0
11/21/2012,28.959999,29.150000,28.600000,28.850000,22.355745,6499100,-,27.976647,26.222594,24.482797,23.008484,7966682.0
11/20/2012,29.160000,29.230000,28.750000,28.980000,22.456484,6576900,-,28.010674,26.319314,24.768015,23.167615,7971290.0
11/19/2012,29.410000,29.430000,28.950001,29.190001,22.619213,7919600,-,28.043685,26.420876,25.054670,23.355517,7915766.0
11/16/2012,29.360001,29.400000,29.010000,29.250000,22.665709,10020800,-,28.075590,26.519944,25.351087,23.531716,7839422.0
11/15/2012,29.330000,29.650000,29.139999,29.370001,22.758698,9651200,-,28.107628,26.611989,25.631089,23.761153,7767442.0
11/14/2012,30.000000,30.090000,29.309999,29.370001,22.758698,10858500,-,28.139348,26.706896,25.882830,24.042987,7679374.0
11/13/2012,30.010000,30.389999,29.820000,29.940001,23.200388,9505800,-,28.170848,26.807288,26.137237,24.492389,7564962.0
11/12/2012,31.160000,31.299999,30.549999,30.770000,23.436726,6805900,-,28.199517,26.900673,26.352421,24.875534,7463692.0
11/09/2012,31.490000,31.580000,31.059999,31.110001,23.695700,21982300,-,28.228615,26.988723,26.570260,25.246470,7419434.0
11/08/2012,31.620001,31.969999,31.500000,31.690001,24.137478,26131300,-,28.256491,27.076164,26.767915,25.609027,7060190.0
11/07/2012,31.840000,31.850000,30.910000,31.440001,23.947056,11093000,-,28.279268,27.157815,26.937387,25.957111,6633860.0
11/06/2012,31.990000,32.169998,31.600000,31.950001,24.335508,8860700,-,28.305228,27.239924,27.109145,26.368415,6485920.0
11/05/2012,32.389999,32.660000,31.750000,32.009998,24.381203,10727300,-,28.327527,27.314720,27.259956,26.753822,6385424.0
11/02/2012,33.380001,33.529999,32.209999,32.770000,24.960077,25142000,-,28.350110,27.391802,27.414195,27.170459,6252096.0
11/01/2012,36.000000,36.840000,33.240002,33.580002,25.577036,30872100,-,28.370091,27.463247,27.523876,27.501025,5837716.0
10/31/2012,35.509998,35.820000,35.410000,35.779999,27.252720,7575200,-,28.386878,27.525704,27.598140,27.722673,5313862.0
10/26/2012,35.650002,35.730000,35.400002,35.490002,27.031839,6706400,-,28.395981,27.551754,27.583668,27.782084,5238392.0
10/25/2012,35.990002,36.000000,35.419998,35.639999,27.146084,7812900,-,28.407798,27.582068,27.587095,27.829307,5191184.0
10/24/2012,36.310001,36.310001,35.830002,35.869999,27.321268,5368000,-,28.420214,27.614668,27.587476,27.894050,5108912.0
10/23/2012,36.529999,36.599998,36.200001,36.259998,27.618320,4744000,-,28.434022,27.647725,27.577193,27.926803,5116946.0
10/22/2012,36.880001,37.009998,36.619999,36.840000,28.060099,4455600,-,28.447369,27.678801,27.552439,27.917663,5116638.0
10/19/2012,37.490002,37.500000,36.880001,37.009998,28.189575,5239500,-,28.457374,27.702489,27.515498,27.849874,5126188.0
10/18/2012,37.180000,37.490002,37.070000,37.480000,28.547567,3612700,-,28.467316,27.718478,27.453421,27.766091,5157484.0
10/17/2012,36.599998,37.150002,36.570000,37.110001,28.265743,4128300,-,28.475980,27.721597,27.376111,27.657932,5198552.0
10/16/2012,36.660000,36.790001,36.299999,36.490002,27.793512,3769400,-,28.488541,27.727496,27.314796,27.546728,5234560.0
10/15/2012,36.110001,36.560001,36.020000,36.560001,27.846834,4613400,-,28.508219,27.743592,27.275951,27.473607,5262418.0
10/12/2012,36.599998,36.630001,36.000000,36.110001,27.504070,4257500,-,28.528873,27.764782,27.235581,27.385252,5495264.0
10/11/2012,36.380001,36.889999,36.099998,36.490002,27.793512,5699100,-,28.550437,27.785164,27.229107,27.344882,5658602.0
10/10/2012,36.200001,36.360001,36.119999,36.299999,27.648792,4633200,-,28.571248,27.804115,27.194070,27.280901,5906934.0
10/09/2012,35.919998,36.250000,35.849998,36.139999,27.526926,5124500,-,28.592198,27.839035,27.139610,27.227584,5916416.0
10/08/2012,35.930000,36.040001,35.720001,35.950001,27.382206,3048100,-,28.613135,27.881952,27.114855,27.187215,5893918.0
10/05/2012,36.110001,36.160000,35.849998,35.910000,27.351742,3880700,-,28.634906,27.925961,27.105334,27.181121,5934536.0
10/04/2012,35.759998,36.090000,35.650002,36.060001,27.465981,5003700,-,28.652988,27.964718,27.114474,27.140751,5922690.0
10/03/2012,35.509998,35.709999,35.459999,35.650002,27.153702,4237200,-,28.669474,27.993976,27.119806,27.094290,5921894.0
10/02/2012,35.450001,35.610001,35.200001,35.529999,27.062302,4487700,-,28.690412,28.035041,27.125519,27.082865,5958626.0
10/01/2012,35.660000,35.790001,35.349998,35.400002,26.963284,4627300,-,28.713307,28.083494,27.147607,27.078295,5979046.0
09/28/2012,35.560001,35.689999,35.400002,35.580002,27.100378,4624500,-,28.735562,28.133927,27.188357,27.085911,6025694.0
09/27/2012,35.630001,35.860001,35.529999,35.650002,27.153702,3794800,-,28.758486,28.179214,27.226821,27.113332,6040154.0
09/26/2012,35.650002,35.889999,35.590000,35.599998,27.115622,4664500,-,28.780228,28.219678,27.261097,27.107238,6035500.0
09/25/2012,35.860001,35.889999,35.610001,35.610001,27.123234,5806500,-,28.804063,28.259099,27.308702,27.051635,6022784.0
09/24/2012,35.520000,35.919998,35.459999,35.869999,27.321268,5756000,-,28.825812,28.294762,27.363543,27.042496,5979656.0
09/21/2012,35.509998,35.540001,35.250000,35.380001,26.948044,8258000,-,28.848838,28.327215,27.400104,27.029547,6003652.0
09/20/2012,35.439999,35.490002,35.189999,35.450001,27.001366,3715500,-,28.874023,28.352556,27.456468,27.088196,5910684.0
09/19/2012,35.580002,35.680000,35.320000,35.500000,27.039450,3956700,-,28.898978,28.377432,27.518164,27.145323,5901840.0
09/18/2012,35.380001,35.570000,35.270000,35.470001,27.016602,4182700,-,28.922280,28.394933,27.592808,27.168173,5911012.0
09/17/2012,36.020000,36.020000,35.389999,35.500000,27.039450,12203400,-,28.948329,28.413342,27.676973,27.216920,5896320.0
09/14/2012,35.700001,35.990002,35.509998,35.939999,27.374584,9441400,-,28.975215,28.433849,27.752760,27.290802,5730680.0
09/13/2012,34.820000,35.599998,34.820000,35.570000,27.092764,7618200,-,28.995414,28.447353,27.811409,27.340311,5604454.0
09/12/2012,35.259998,35.330002,34.540001,34.869999,26.559591,13599800,-,29.016108,28.467695,27.895575,27.414956,5531844.0
09/11/2012,35.790001,35.840000,35.360001,35.490002,27.031839,5041200,-,29.036688,28.502909,28.016301,27.565769,5354878.0
09/10/2012,36.080002,36.090000,35.549999,35.700001,27.191780,6729500,-,29.054760,28.527626,28.123315,27.684589,5358692.0
09/07/2012,36.209999,36.250000,35.980000,36.150002,27.534538,3800700,-,29.074446,28.545838,28.225951,27.770660,5284484.0
09/06/2012,35.950001,36.380001,35.919998,36.200001,27.572628,4102400,-,29.094943,28.555992,28.298676,27.824740,5292006.0
09/05/2012,36.290001,36.320000,35.759998,35.799999,27.267952,6421800,-,29.116859,28.554264,28.355219,27.891006,5325806.0
09/04/2012,36.580002,36.580002,36.060001,36.110001,27.504070,5247800,-,29.139274,28.558629,28.419858,28.017444,5301264.0
08/31/2012,36.790001,36.790001,36.400002,36.470001,27.778273,5137900,-,29.161569,28.563081,28.474569,28.137027,5331166.0
08/30/2012,36.490002,36.669998,36.480000,36.590000,27.869673,4442300,-,29.184980,28.560847,28.530973,28.214718,5366678.0
08/29/2012,36.900002,36.970001,36.529999,36.549999,27.839212,4593000,-,29.208959,28.561293,28.563648,28.282508,5390990.0
08/28/2012,37.080002,37.209999,36.799999,36.849998,28.067720,4020100,-,29.234590,28.569862,28.608740,28.376194,5395576.0
08/27/2012,36.830002,37.299999,36.779999,37.049999,28.220047,4814800,-,29.256701,28.570555,28.675093,28.466833,5397774.0
08/24/2012,36.810001,36.860001,36.650002,36.830002,28.052488,3696000,-,29.278214,28.568653,28.747731,28.562041,5424246.0
08/23/2012,37.090000,37.189999,36.770000,36.860001,28.075336,3835900,-,29.301867,28.575511,28.824238,28.681243,5478392.0
08/22/2012,37.410000,37.549999,37.070000,37.070000,28.235283,4060900,-,29.323562,28.575601,28.884950,28.772611,5510050.0
08/21/2012,37.680000,37.790001,37.459999,37.459999,28.532335,4423000,-,29.341529,28.577451,28.919632,28.819433,5541136.0
08/20/2012,37.500000,37.689999,37.369999,37.680000,28.699903,4679400,-,29.360071,28.570956,28.953362,28.822272,5596548.0
08/17/2012,37.349998,37.500000,37.330002,37.490002,28.555183,3801700,-,29.376474,28.559156,28.992614,28.812111,5801732.0
08/16/2012,37.730000,37.849998,37.470001,37.480000,28.547567,4346000,-,29.391323,28.573242,29.039102,28.847229,6027570.0
08/15/2012,37.970001,38.029999,37.709999,37.779999,28.776075,3699300,-,29.409066,28.565090,29.079960,28.844788,6024756.0
08/14/2012,38.310001,38.490002,37.930000,38.040001,28.974106,5769700,-,29.426317,28.549662,29.100000,28.841286,6048000.0
08/13/2012,38.459999,38.529999,38.220001,38.299999,29.172131,4728600,-,29.441313,28.530274,29.105630,28.883353,6068950.0
08/10/2012,38.549999,38.939999,38.410000,38.919998,29.244505,4933100,-,29.449859,28.498359,29.092342,28.933421,6109280.0
08/09/2012,38.270000,38.700001,38.099998,38.580002,28.989025,6804300,-,29.456598,28.469205,29.077314,28.967233,6149728.0
08/08/2012,38.029999,38.290001,37.720001,38.200001,28.703497,5666100,-,29.466819,28.441403,29.038617,28.997289,6141230.0
08/07/2012,38.340000,38.380001,37.970001,38.009998,28.560730,5928700,-,29.479878,28.422768,29.015699,29.019831,6149886.0
08/06/2012,38.490002,38.619999,38.049999,38.060001,28.598289,5162300,-,29.491518,28.406087,28.983388,29.084451,6100872.0
08/03/2012,38.450001,38.549999,38.049999,38.470001,28.906361,16255700,-,29.502319,28.388054,28.950327,29.173117,6107798.0
08/02/2012,38.130001,38.279999,37.590000,37.959999,28.523157,12424400,-,29.512086,28.363107,28.908248,29.230976,5891220.0
08/01/2012,39.439999,39.750000,37.759998,38.250000,28.741062,18115700,-,29.523950,28.349732,28.884579,29.315133,5768104.0
07/31/2012,39.820000,39.820000,39.119999,39.119999,29.394775,5107300,-,29.536531,28.332751,28.853021,29.358714,5615232.0
07/30/2012,39.369999,39.680000,39.130001,39.490002,29.672806,3999600,-,29.544145,28.314266,28.799295,29.327908,5674598.0
07/27/2012,39.119999,39.439999,38.980000,39.369999,29.582630,5079000,-,29.549972,28.295481,28.729038,29.251263,5672836.0
07/26/2012,38.750000,39.090000,38.750000,38.980000,29.289577,3288400,-,29.554261,28.280603,28.655026,29.187394,5677704.0
07/25/2012,39.020000,39.220001,38.459999,38.500000,28.928919,4963900,-,29.561858,28.273240,28.592660,29.079945,5757246.0
07/24/2012,39.220001,39.290001,38.700001,38.869999,29.206934,6073800,-,29.568801,28.278048,28.520525,29.011566,5793392.0
07/23/2012,39.099998,39.310001,39.000000,39.240002,29.484951,5508700,-,29.571859,28.278499,28.434489,28.882325,5796692.0
07/20/2012,39.009998,39.279999,38.860001,39.240002,29.484951,6959700,-,29.571684,28.268291,28.346576,28.727536,5850464.0
07/19/2012,38.799999,39.139999,38.529999,39.080002,29.364727,5347500,-,29.572303,28.248857,28.255656,28.585521,5858850.0
07/18/2012,38.580002,38.889999,38.419998,38.830002,29.176874,3562100,-,29.574428,28.229446,28.182019,28.454025,5943038.0
07/17/2012,38.500000,38.750000,38.220001,38.709999,29.086706,4028700,-,29.582589,28.214238,28.136558,28.347327,5965228.0
07/16/2012,38.500000,38.680000,38.310001,38.470001,28.906361,3650100,-,29.593696,28.205894,28.087342,28.270683,5991790.0
07/13/2012,37.540001,38.599998,37.520000,38.520000,28.943939,6955800,-,29.603752,28.205472,28.048270,28.206814,6033414.0
07/12/2012,37.470001,37.610001,37.380001,37.549999,28.215084,3609600,-,29.614163,28.211144,28.020843,28.122658,6022858.0
07/11/2012,37.169998,37.650002,37.160000,37.590000,28.245136,3273300,-,29.626844,28.231691,28.014080,28.105375,6056642.0
07/10/2012,37.270000,37.470001,37.090000,37.150002,27.914522,4415300,-,29.639013,28.247321,28.018213,28.029484,6400378.0
07/09/2012,37.290001,37.380001,37.040001,37.180000,27.937059,3448100,-,29.652546,28.268224,28.032865,27.986654,6692406.0
07/06/2012,37.169998,37.360001,37.029999,37.349998,28.064796,3921400,-,29.669907,28.283765,28.041507,27.965615,6712250.0
07/05/2012,37.410000,37.549999,37.169998,37.330002,28.049776,3130100,-,29.688907,28.290353,28.101243,27.925792,6755432.0
07/03/2012,37.650002,37.799999,37.340000,37.410000,28.109886,3987700,-,29.705235,28.293967,28.105752,27.910012,6802730.0
07/02/2012,37.630001,37.840000,37.500000,37.689999,28.320272,4751500,-,29.721695,28.292658,28.100492,27.925790,6807564.0
06/29/2012,37.779999,37.840000,37.369999,37.619999,28.267666,5231900,-,29.735224,28.288035,28.084713,27.904001,6809802.0
06/28/2012,37.130001,37.430000,37.000000,37.400002,28.102379,3019100,-,29.746305,28.282380,28.050149,27.889725,6805624.0
06/27/2012,36.709999,37.369999,36.630001,37.320000,28.042257,4176800,-,29.758537,28.280626,28.034369,27.919029,6827670.0
06/26/2012,36.570000,36.630001,36.270000,36.580002,27.486221,5792400,-,29.771757,28.286325,28.012203,27.922786,6813070.0
06/25/2012,36.720001,36.900002,36.500000,36.580002,27.486221,5194700,-,29.787540,28.299276,28.026479,28.006943,6783094.0
06/22/2012,36.889999,37.070000,36.669998,36.900002,27.726679,6742900,-,29.805348,28.307464,28.038502,28.079077,6790344.0
06/21/2012,37.220001,37.389999,36.750000,36.820000,27.666559,6913500,-,29.821338,28.316796,28.036999,28.117398,6777654.0
06/20/2012,37.639999,37.669998,37.020000,37.119999,27.891979,5657900,-,29.836184,28.331646,28.036624,28.276695,6735222.0
06/19/2012,37.560001,37.790001,37.299999,37.619999,28.267666,4822300,-,29.850769,28.339457,28.034745,28.301491,6783204.0
06/18/2012,37.320000,37.500000,37.220001,37.400002,28.102379,4130000,-,29.865212,28.343029,28.015961,28.275194,6807792.0
06/15/2012,37.779999,37.930000,37.369999,37.430000,28.124912,6138400,-,29.880590,28.351990,28.034369,28.265425,6855884.0
06/14/2012,37.369999,37.820000,37.299999,37.790001,28.395414,6403300,-,29.894842,28.368239,28.064801,28.210573,6834950.0
06/13/2012,37.650002,37.750000,37.250000,37.369999,28.079824,5418800,-,29.908140,28.379673,28.086968,28.149709,6829238.0
06/12/2012,37.470001,37.700001,37.349998,37.700001,28.327793,5615200,-,29.919618,28.401586,28.129046,28.101620,6824038.0
06/11/2012,37.930000,37.959999,37.380001,37.540001,28.207565,7193600,-,29.930904,28.418539,28.171124,28.046016,6814074.0
06/08/2012,38.740002,38.810001,37.200001,37.410000,28.109886,14938600,-,29.945502,28.436558,28.222220,27.997927,6786484.0
06/07/2012,38.029999,38.990002,37.919998,38.939999,29.259529,15093600,-,29.957625,28.452512,28.265453,27.956601,6592118.0
06/06/2012,37.470001,37.490002,37.049999,37.450001,28.139942,4205300,-,29.961830,28.449045,28.228138,27.796552,6405954.0
06/05/2012,37.130001,37.480000,37.049999,37.270000,28.004694,4861500,-,29.972067,28.466332,28.240850,27.767999,6421410.0
06/04/2012,36.590000,37.270000,36.500000,37.270000,28.004694,6817200,-,29.983594,28.484241,28.261440,27.756728,6410070.0
06/01/2012,36.549999,36.849998,36.340000,36.700001,27.576385,6745100,-,29.997255,28.504383,28.294679,27.803313,6395316.0
05/31/2012,36.790001,37.150002,36.570000,36.980000,27.786779,6955500,-,30.011828,28.526989,28.360123,27.919030,6351754.0
05/30/2012,36.820000,37.099998,36.500000,36.730000,27.598934,6379400,-,30.025602,28.549107,28.432162,28.024226,6312790.0
05/29/2012,37.049999,37.110001,36.520000,36.959999,27.771746,6098900,-,30.034821,28.577066,28.514336,28.156472,6295186.0
05/25/2012,36.779999,37.150002,36.779999,36.900002,27.726679,3478000,-,30.044476,28.599932,28.577081,28.296233,6336166.0
05/24/2012,36.820000,36.990002,36.560001,36.860001,27.696627,5508600,-,30.049748,28.625038,28.638731,28.446513,6392246.0
05/23/2012,37.060001,37.230000,36.630001,36.810001,27.659044,5426800,-,30.058952,28.652978,28.689606,28.574305,6420298.0
05/22/2012,37.099998,37.250000,36.770000,37.070000,27.854408,6268600,-,30.063170,28.689110,28.726363,28.659724,6518834.0
05/21/2012,37.840000,37.840000,36.990002,37.119999,27.891979,10472100,-,30.073690,28.722291,28.745166,28.713700,6827970.0
05/18/2012,38.240002,38.590000,37.810001,37.889999,28.470551,8075600,-,30.083844,28.741376,28.752789,28.766152,6749932.0
05/17/2012,38.360001,38.580002,38.230000,38.240002,28.733549,3911500,-,30.096851,28.742218,28.733717,28.786045,6678542.0
05/16/2012,38.630001,38.880001,38.310001,38.380001,28.838741,5322400,-,30.108506,28.738244,28.696286,28.801217,6739600.0
05/15/2012,38.740002,38.889999,38.419998,38.490002,28.921398,7265500,-,30.122490,28.735577,28.655084,28.840097,6746706.0
05/14/2012,38.700001,39.040001,38.700001,38.820000,29.169355,6771200,-,30.135133,28.735111,28.625374,28.872200,6692978.0
05/11/2012,38.650002,39.049999,38.560001,38.900002,29.229475,6238800,-,30.148499,28.728204,28.573594,28.857929,6644470.0
05/10/2012,38.520000,39.220001,38.439999,38.939999,28.974552,8197300,-,30.161457,28.721429,28.506902,28.830949,6618596.0
05/09/2012,38.009998,38.669998,37.900002,38.320000,28.513231,7379000,-,30.174405,28.721235,28.467838,28.804907,6577910.0
05/08/2012,38.080002,38.240002,37.750000,38.160000,28.394173,9556900,-,30.189802,28.729378,28.462629,28.793001,6517096.0
05/07/2012,38.439999,38.520000,38.040001,38.189999,28.416494,4671600,-,30.203761,28.741978,28.457048,28.776631,6401786.0
05/04/2012,38.900002,39.220001,38.480000,38.529999,28.669483,5356800,-,30.218429,28.755910,28.458537,28.739427,6489528.0
05/03/2012,39.189999,39.360001,38.720001,38.820000,28.885269,5731300,-,30.230761,28.761077,28.452584,28.681388,6484368.0
05/02/2012,39.200001,39.369999,39.090000,39.279999,29.227541,6428000,-,30.241052,28.764300,28.455188,28.591355,6499360.0
05/01/2012,39.000000,39.349998,38.869999,39.299999,29.242430,5298800,-,30.248738,28.756822,28.442167,28.470070,6499976.0
04/30/2012,38.790001,39.040001,38.700001,39.009998,29.026642,20460100,-,30.257279,28.754236,28.438819,28.378547,6548314.0
04/27/2012,38.700001,38.939999,38.630001,38.919998,28.959679,19016700,-,30.266362,28.759376,28.446259,28.289258,6261698.0
04/26/2012,38.169998,38.730000,38.029999,38.590000,28.714130,4440300,-,30.275495,28.759776,28.453700,28.182854,5995630.0
04/25/2012,38.020000,38.160000,37.820000,38.160000,28.394173,6080500,-,30.286534,28.764197,28.463373,28.130768,6092244.0
04/24/2012,37.700001,38.049999,37.700001,37.939999,28.230467,5495000,-,30.298067,28.777983,28.497973,28.132256,6088758.0
04/23/2012,37.619999,37.770000,37.599998,37.689999,28.044455,4229400,-,30.312594,28.796303,28.536665,28.137466,6129926.0
04/20/2012,37.590000,37.880001,37.540001,37.750000,28.089100,4863400,-,30.328445,28.821417,28.579450,28.177647,6659450.0
04/19/2012,37.630001,38.000000,37.480000,37.610001,27.984932,5023000,-,30.341217,28.847978,28.625584,28.223779,6668950.0
04/18/2012,38.020000,38.020000,37.599998,37.650002,28.014692,4121400,-,30.354582,28.873989,28.661671,28.319021,6692088.0
04/17/2012,38.009998,38.119999,37.660000,38.070000,28.327200,3446800,-,30.369189,28.896918,28.705572,28.414264,6730978.0
04/16/2012,37.590000,38.000000,37.500000,37.810001,28.133757,4293600,-,30.380414,28.911548,28.739056,28.499090,6759326.0
04/13/2012,37.889999,38.270000,37.480000,37.490002,27.895639,5557200,-,30.392285,28.928876,28.778120,28.603261,6785642.0
04/12/2012,38.290001,38.290001,37.759998,37.889999,28.193266,6108400,-,30.404669,28.952430,28.832438,28.724546,6810636.0
04/11/2012,38.180000,38.279999,38.000000,38.180000,28.409056,4791900,-,30.414459,28.970617,28.877455,28.795978,6796188.0
04/10/2012,38.189999,38.270000,37.970001,38.009998,28.282560,8057000,-,30.422349,28.983610,28.930285,28.863689,7147436.0
04/09/2012,38.169998,38.369999,38.150002,38.230000,28.446268,6051700,-,30.428373,28.996645,28.991829,28.935865,7162540.0
04/05/2012,38.720001,38.770000,38.320000,38.369999,28.550423,6534600,-,30.434293,29.012844,29.011828,28.981254,7228340.0
04/04/2012,38.709999,38.919998,38.599998,38.889999,28.937353,5091700,-,30.440869,29.027253,29.009938,29.027388,7378586.0
04/03/2012,39.130001,39.169998,38.709999,38.930000,28.967119,6117700,-,30.445975,29.022364,28.989813,29.004321,7429126.0
04/02/2012,39.310001,39.349998,39.040001,39.209999,29.175461,5158800,-,30.450076,29.025805,28.976727,28.996880,7486840.0
03/30/2012,39.209999,39.230000,39.040001,39.209999,29.175461,5117000,-,30.452385,29.018202,28.962860,28.979022,7537398.0
03/29/2012,38.740002,39.150002,38.700001,39.119999,29.108494,5814100,-,30.453125,29.012648,28.945287,28.952979,7577130.0
03/28/2012,39.020000,39.130001,38.759998,38.849998,28.907585,5220300,-,30.457482,29.009604,28.934398,28.940330,7634180.0
03/27/2012,38.970001,39.250000,38.950001,39.090000,29.086164,5785400,-,30.462094,29.010138,28.937261,28.958933,7686194.0
03/26/2012,38.959999,39.060001,38.750000,38.980000,29.004322,4978100,-,30.466027,29.009882,28.928972,28.996881,7756840.0
03/23/2012,39.000000,39.130001,38.820000,38.840000,28.900154,4294500,-,30.469549,29.017700,28.929964,29.047793,7824456.0
03/22/2012,38.549999,39.070000,38.509998,38.990002,29.011765,6079500,-,30.473735,29.032284,28.940613,29.042402,7948830.0
03/21/2012,38.820000,38.869999,38.580002,38.580002,28.706686,4567000,-,30.476542,29.053707,28.936414,28.992488,7957528.0
03/20/2012,38.889999,39.029999,38.799999,38.830002,28.892710,5007300,-,30.481195,29.085328,28.953400,28.975306,8077280.0
03/19/2012,38.790001,39.209999,38.790001,38.970001,28.996881,5499200,-,30.484704,29.108694,28.951447,28.956573,8083790.0
03/16/2012,38.970001,39.000000,38.750000,38.860001,28.915028,8147900,-,30.488335,29.132317,28.957259,28.946697,8130688.0
03/15/2012,39.130001,39.259998,38.820000,38.950001,28.982002,6282000,-,30.492624,29.159625,28.975690,28.937594,8109724.0
03/14/2012,39.709999,39.779999,39.049999,39.099998,29.093616,6911200,-,30.497043,29.195544,28.975574,28.928466,8198604.0
03/13/2012,39.799999,39.889999,39.580002,39.599998,29.465641,10353600,-,30.500368,29.248251,28.967653,28.915590,8104512.0
03/12/2012,38.889999,39.950001,38.889999,39.810001,29.513451,21725400,-,30.501797,29.298493,28.948545,28.861063,7947142.0
03/09/2012,38.639999,38.910000,38.310001,38.910000,28.846239,6570200,-,30.503273,29.344560,28.930197,28.812134,7553898.0
03/08/2012,38.570000,38.630001,38.439999,38.459999,28.512623,4506100,-,30.509334,29.406751,28.952891,28.838823,7462780.0
03/07/2012,38.770000,38.770000,38.450001,38.490002,28.534866,6964400,-,30.516778,29.473273,28.998118,28.880340,7421490.0
03/06/2012,38.840000,38.939999,38.599998,38.720001,28.705381,5677700,-,30.524895,29.536863,29.035649,28.931495,7381552.0
03/05/2012,38.790001,39.040001,38.619999,38.980000,28.898125,4579100,-,30.530304,29.597482,29.058436,28.946321,7578828.0
03/02/2012,38.950001,39.029999,38.799999,38.880001,28.823997,4345800,-,30.534393,29.638882,29.066465,28.967821,7605394.0
03/01/2012,39.000000,39.160000,38.799999,38.970001,28.890720,4945100,-,30.540065,29.677668,29.075274,29.013786,7634046.0
02/29/2012,39.029999,39.279999,38.959999,39.070000,28.964857,6163000,-,30.544976,29.726679,29.084404,29.022682,7683852.0
02/28/2012,39.150002,39.270000,38.849998,39.009998,28.920372,4338300,-,30.549088,29.780206,29.091291,29.019716,7759160.0
02/27/2012,39.189999,39.270000,39.029999,39.150002,29.024162,3791400,-,30.554350,29.830087,29.098208,29.036026,7746334.0
02/24/2012,39.029999,39.450001,39.009998,39.270000,29.113127,9058700,-,30.557540,29.883305,29.093716,29.048259,7765664.0
02/23/2012,39.169998,39.180000,38.900002,39.020000,28.927788,5098800,-,30.560216,29.931087,29.100871,29.066959,7678498.0
02/22/2012,38.959999,39.320000,38.830002,39.180000,29.046415,6480900,-,30.560717,29.990184,29.118025,29.115897,7672502.0
02/21/2012,39.369999,39.500000,38.900002,38.919998,28.853647,6458800,-,30.560907,30.038714,29.100349,29.139804,7627806.0
02/17/2012,39.669998,39.720001,39.250000,39.270000,29.113127,7715700,-,30.561498,30.100172,29.114625,29.170551,7576796.0
02/16/2012,39.180000,39.680000,39.160000,39.500000,29.283646,6129300,-,30.563010,30.157610,29.098735,29.165109,7532770.0
02/15/2012,39.169998,39.220001,39.000000,39.090000,28.979679,5713300,-,30.565503,30.211785,29.079440,29.136761,7489818.0
02/14/2012,39.099998,39.220001,38.820000,39.029999,28.935196,9271000,-,30.567859,30.266186,29.078270,29.146127,7488694.0
02/13/2012,39.570000,39.689999,39.160000,39.230000,29.083475,5906200,-,30.571777,30.332011,29.078227,29.162867,7385876.0
02/10/2012,39.889999,40.020000,39.720001,39.840000,29.146488,7553400,-,30.574988,30.398676,29.077719,29.160390,7397370.0
02/09/2012,40.139999,40.310001,39.930000,40.049999,29.300125,30705600,-,30.575453,30.444034,29.090157,29.139174,7322994.0
02/08/2012,40.119999,40.240002,39.799999,40.209999,29.417170,5338400,-,30.574022,30.482662,29.106617,29.134784,6793148.0
02/07/2012,39.799999,40.150002,39.580002,40.029999,29.285484,6179900,-,30.570597,30.507829,29.139905,29.120152,6717754.0
02/06/2012,39.750000,39.860001,39.570000,39.860001,29.161119,6065900,-,30.567407,30.535044,29.190019,29.060894,6668548.0
02/03/2012,39.820000,39.880001,39.520000,39.720001,29.058706,4864200,-,30.564451,30.574403,29.235011,29.058699,6646594.0
02/02/2012,39.889999,39.900002,39.410000,39.639999,29.000170,5609400,-,30.561127,30.625907,29.290978,29.032361,6626062.0
02/01/2012,39.910000,40.029999,39.500000,39.740002,29.073332,6806900,-,30.558236,30.685019,29.354992,29.022119,6591064.0
01/31/2012,39.830002,39.900002,39.509998,39.779999,29.102598,5386000,-,30.556107,30.738571,29.440222,29.010413,6567014.0
01/30/2012,39.389999,39.730000,39.150002,39.720001,29.058706,22354300,-,30.552246,30.795781,29.571542,28.993587,6554954.0
01/27/2012,39.820000,39.820000,39.200001,39.549999,28.934330,8812200,-,30.547547,30.863819,29.717494,28.995049,6207346.0
01/26/2012,40.049999,40.349998,39.700001,39.990002,29.256227,9341700,-,30.543012,30.938441,29.861616,29.041139,6110728.0
01/25/2012,39.220001,40.049999,38.570000,40.009998,29.270849,14046900,-,30.537220,31.012624,29.996594,29.078450,5990168.0
01/24/2012,39.639999,39.740002,39.139999,39.220001,28.692905,7618700,-,30.533363,31.077004,30.124988,29.159657,5827572.0
01/23/2012,39.459999,39.959999,39.459999,39.830002,29.139168,9003400,-,30.533172,31.153601,30.276062,29.319143,5835662.0
01/20/2012,39.400002,39.650002,39.270000,39.360001,28.795326,7686700,-,30.531735,31.226479,30.405919,29.411324,5803760.0
01/19/2012,39.740002,39.860001,39.349998,39.500000,28.897747,7103600,-,30.531349,31.298858,30.514560,29.549594,5946034.0
01/18/2012,39.599998,39.770000,39.320000,39.580002,28.956276,8666600,-,30.531542,31.357476,30.607837,29.687864,6032426.0
01/17/2012,40.290001,40.400002,39.450001,39.549999,28.934330,7821000,-,30.531795,31.423167,30.727086,29.870030,6155074.0
01/13/2012,40.020000,40.049999,39.630001,39.740002,29.073332,9317700,-,30.532440,31.484090,30.862430,30.149497,6091200.0
01/12/2012,40.650002,40.750000,40.020000,40.180000,29.395233,8358900,-,30.533165,31.533122,30.979484,30.439938,6052424.0
01/11/2012,41.070000,41.169998,40.410000,40.500000,29.629337,10513200,-,30.529850,31.587141,31.093978,30.682093,6002014.0
01/10/2012,41.639999,41.750000,41.090000,41.119999,30.082918,6514400,-,30.523320,31.639080,31.187621,30.914737,5951170.0
01/09/2012,41.110001,41.540001,41.000000,41.400002,30.287767,10554600,-,30.515931,31.676887,31.277606,31.090319,5991332.0
01/06/2012,41.380001,41.380001,40.900002,41.090000,30.060968,5332800,-,30.508998,31.688760,31.336865,31.232980,5911226.0
01/05/2012,41.290001,41.509998,40.880001,41.250000,30.178030,7844100,-,30.502847,31.699385,31.430143,31.400514,5944450.0
01/04/2012,41.880001,41.970001,41.340000,41.389999,30.280449,7099700,-,30.496675,31.716491,31.520494,31.479526,5879258.0
01/03/2012,43.220001,43.700001,41.599998,42.070000,30.777931,10726000,-,30.487629,31.737187,31.606089,31.527811,5826084.0
12/30/2011,43.910000,43.910000,43.369999,43.369999,31.729006,2206600,-,30.474792,31.739402,31.652179,31.584143,5684106.0
12/29/2011,43.549999,43.830002,43.500000,43.709999,31.977743,2485100,-,30.457729,31.719992,31.677053,31.575363,5708492.0
12/28/2011,43.700001,43.840000,43.450001,43.490002,31.816780,2063200,-,30.438611,31.697632,31.699000,31.519030,5770570.0
12/27/2011,43.450001,43.790001,43.410000,43.680000,31.955780,2014300,-,30.425196,31.679215,31.678882,31.505862,5801234.0
12/23/2011,43.490002,43.750000,43.360001,43.520000,31.838739,2441600,-,30.416547,31.665248,31.642668,31.460505,5848980.0
12/22/2011,43.500000,43.669998,43.049999,43.349998,31.714371,4967500,-,30.409436,31.646825,31.584507,31.464893,5877406.0
12/21/2011,42.340000,43.439999,41.880001,43.380001,31.736313,15541500,-,30.402241,31.629299,31.531101,31.440750,5893872.0
12/20/2011,42.509998,42.610001,42.029999,42.330002,30.968145,5907400,-,30.396029,31.603380,31.500740,31.459771,5686528.0
12/19/2011,42.900002,42.980000,41.970001,42.049999,30.763298,5778400,-,30.389007,31.600200,31.534027,31.561462,5662376.0
12/16/2011,43.360001,43.549999,42.700001,42.840000,31.341253,7435400,-,30.382550,31.591284,31.593651,31.684368,5704398.0
12/15/2011,43.090000,43.480000,42.900002,43.250000,31.641207,9928400,-,30.370773,31.560830,31.614135,31.720216,5711324.0
12/14/2011,43.340000,43.480000,42.919998,42.939999,31.414412,3697000,-,30.358412,31.517002,31.630230,31.778743,5733616.0
12/13/2011,43.200001,43.790001,43.119999,43.310001,31.685102,4757900,-,30.345952,31.480891,31.682539,31.878971,5857676.0
12/12/2011,43.480000,43.540001,42.750000,43.060001,31.502205,4700400,-,30.332350,31.442982,31.731555,31.851901,5913352.0
12/09/2011,43.500000,43.639999,43.110001,43.580002,31.882622,4799000,-,30.321987,31.429121,31.804713,31.824832,5948566.0
12/08/2011,43.509998,43.599998,42.900002,43.020000,31.472940,4246100,-,30.308067,31.417629,31.835074,31.704121,5970376.0
12/07/2011,43.450001,43.849998,43.330002,43.639999,31.926525,3908300,-,30.295878,31.406522,31.887566,31.621452,5999328.0
12/06/2011,43.919998,44.000000,43.490002,43.720001,31.985054,5514400,-,30.281914,31.388513,31.930393,31.541709,6029914.0
12/05/2011,43.570000,44.000000,43.459999,43.730000,31.992359,3981700,-,30.269173,31.363838,31.951855,31.506591,6165674.0
12/02/2011,44.139999,44.209999,43.270000,43.330002,31.699732,5657100,-,30.255726,31.337570,31.943669,31.502933,6203116.0
12/01/2011,44.150002,44.450001,43.950001,44.049999,32.226475,4130100,-,30.243002,31.315999,31.970722,31.508054,6248524.0
11/30/2011,43.840000,44.340000,43.360001,44.310001,32.416691,6480900,-,30.227010,31.299655,31.958422,31.481717,6265670.0
11/29/2011,42.849998,43.119999,42.740002,42.939999,31.414412,3834600,-,30.210102,31.288617,31.913836,31.486106,6265794.0
11/28/2011,42.660000,42.919998,42.459999,42.689999,31.231514,4213300,-,30.199157,31.286634,31.947924,31.611208,6292394.0
11/25/2011,41.889999,42.240002,41.799999,41.930000,30.675507,1568700,-,30.191205,31.290044,31.997664,31.784593,6328948.0
11/23/2011,42.230000,42.369999,41.740002,41.889999,30.646250,3719600,-,30.188447,31.297055,32.062551,31.966028,6400366.0
11/22/2011,43.270000,43.349998,42.520000,42.549999,31.129093,4968200,-,30.185174,31.293806,32.074310,32.153679,6439292.0
11/21/2011,43.160000,43.459999,42.959999,43.240002,31.633881,3837600,-,30.179278,31.282201,32.047467,32.319077,6451386.0
11/18/2011,43.630001,43.970001,43.540001,43.680000,31.955780,3859500,-,30.171624,31.263248,32.017437,32.397120,6466184.0
11/17/2011,43.709999,43.959999,43.060001,43.400002,31.750942,5604400,-,30.160655,31.236989,31.985412,32.384406,6514816.0
11/16/2011,44.139999,44.240002,43.650002,43.689999,31.963097,4783000,-,30.152067,31.222925,31.942298,32.433390,6491964.0
11/15/2011,44.549999,44.740002,44.270000,44.369999,32.460590,4973900,-,30.140261,31.202160,31.882069,32.435128,6506764.0
11/14/2011,44.900002,45.020000,44.410000,44.650002,32.665428,3981300,-,30.126384,31.165660,31.802028,32.341566,6508068.0
11/11/2011,44.799999,45.220001,44.730000,45.060001,32.965366,3313700,-,30.111031,31.128534,31.713551,32.284639,6506926.0
11/10/2011,44.720001,44.950001,44.240002,44.410000,32.489849,5917100,-,30.092090,31.092351,31.628154,32.210734,6540738.0
11/09/2011,44.830002,45.450001,44.680000,44.980000,32.522766,8023200,-,30.077615,31.066112,31.549542,32.159074,6513184.0
11/08/2011,44.830002,45.349998,44.700001,45.340000,32.783070,7408300,-,30.064785,31.035166,31.465307,31.994941,6461740.0
11/07/2011,44.279999,44.849998,43.970001,44.830002,32.414307,14800400,-,30.051246,31.000604,31.348173,31.775857,6413380.0
11/04/2011,44.279999,44.349998,43.529999,44.020000,31.828640,11423200,-,30.040247,30.959824,31.267914,31.637755,6247056.0
11/03/2011,44.500000,44.799999,44.259998,44.590000,32.240788,14799000,-,30.031514,30.934951,31.192356,31.586418,6127938.0
11/02/2011,44.099998,44.560001,44.029999,44.230000,31.980480,4627300,-,30.021209,30.912681,31.071245,31.451207,5931402.0
11/01/2011,43.930000,44.259998,43.500000,43.599998,31.524961,7378900,-,30.010359,30.883759,30.944711,31.329010,5959588.0
10/31/2011,44.320000,44.820000,44.259998,44.389999,32.096165,5838400,-,30.002136,30.855271,30.848906,31.262490,5913614.0
10/28/2011,44.099998,44.669998,43.720001,44.570000,32.226318,7971000,-,29.990882,30.817094,30.733581,31.142463,5908578.0
10/27/2011,43.349998,44.450001,43.209999,44.220001,31.973248,8522500,-,29.977238,30.778772,30.662722,31.045575,5898320.0
10/26/2011,42.770000,42.900002,42.000000,42.709999,30.881435,6549300,-,29.965589,30.754044,30.629461,30.940010,5831420.0
10/25/2011,42.720001,42.990002,42.299999,42.310001,30.592226,6994000,-,29.957346,30.746235,30.631270,30.935673,5821164.0
10/24/2011,43.169998,43.270000,42.759998,42.919998,31.033289,4584500,-,29.951385,30.745223,30.652961,30.920488,5822168.0
10/21/2011,43.040001,43.349998,43.009998,43.310001,31.315273,4441000,-,29.944436,30.713409,30.638861,30.898073,5852584.0
10/20/2011,42.630001,42.939999,42.410000,42.720001,30.888670,3627100,-,29.936391,30.681161,30.607048,30.798293,5948166.0
10/19/2011,42.720001,43.240002,42.419998,42.540001,30.758518,3425900,-,29.930618,30.639007,30.593672,30.691283,6081626.0
10/18/2011,42.730000,42.900002,42.209999,42.680000,30.859755,5589000,-,29.924660,30.614586,30.626209,30.560411,6403224.0
10/17/2011,42.849998,43.290001,42.650002,42.730000,30.895903,3596400,-,29.916351,30.567444,30.676461,30.435323,6532130.0
10/14/2011,43.009998,43.310001,42.820000,43.230000,31.257429,4401600,-,29.906817,30.548696,30.697429,30.324698,6725348.0
10/13/2011,42.560001,42.810001,42.180000,42.759998,30.917604,3862900,-,29.894919,30.522003,30.704660,30.279869,6869858.0
10/12/2011,42.080002,42.900002,42.020000,42.650002,30.838062,5790800,-,29.885033,30.525086,30.710082,30.318912,6939850.0
10/11/2011,42.520000,42.540001,41.869999,42.099998,30.440380,5174300,-,29.876902,30.529618,30.692367,30.326866,6967032.0
10/10/2011,42.360001,42.610001,42.169998,42.610001,30.809139,4699800,-,29.870133,30.553521,30.697791,30.385434,6987956.0
10/07/2011,41.500000,42.150002,41.419998,41.930000,30.317467,7879500,-,29.861904,30.566338,30.691646,30.379650,6997278.0
10/06/2011,40.770000,41.400002,40.619999,41.240002,29.818573,7781700,-,29.856028,30.596838,30.707914,30.415802,6942426.0
10/05/2011,41.029999,41.130001,39.930000,40.730000,29.449802,11043000,-,29.850697,30.636888,30.769373,30.496060,6965414.0
10/04/2011,41.080002,41.130001,40.150002,40.950001,29.608871,9900000,-,29.847385,30.679176,30.843124,30.692007,6881312.0
10/03/2011,42.509998,42.799999,41.169998,41.200001,29.789650,7541700,-,29.842337,30.718853,30.894461,30.917599,6824238.0
09/30/2011,43.180000,43.369999,42.610001,42.610001,30.809139,6461100,-,29.835932,30.746779,30.945436,31.070161,6763384.0
09/29/2011,43.139999,43.410000,42.840000,43.299999,31.308037,5889500,-,29.824013,30.757597,30.962789,31.129451,6764656.0
09/28/2011,42.950001,43.230000,42.740002,42.759998,30.917604,5693700,-,29.809947,30.754156,30.956282,31.101253,6719962.0
09/27/2011,43.299999,43.330002,42.750000,42.910000,31.026056,5437600,-,29.797276,30.754670,30.959174,31.057869,6668766.0
09/26/2011,42.759998,42.910000,42.160000,42.529999,30.751295,12302400,-,29.781522,30.749447,30.960620,31.010149,6635676.0
09/23/2011,42.040001,42.889999,41.930000,42.430000,30.678995,5853800,-,29.765645,30.753430,30.941821,31.003642,6487830.0
09/22/2011,42.950001,42.950001,41.939999,42.349998,30.621149,7927500,-,29.750130,30.756719,30.937120,31.000026,6459224.0
09/21/2011,44.169998,44.680000,43.410000,43.439999,31.409271,4987400,-,29.734381,30.760022,30.962427,31.042686,6372168.0
09/20/2011,43.490002,44.660000,43.400002,44.070000,31.864788,6487100,-,29.715806,30.750274,30.918682,30.994241,6373970.0
09/19/2011,43.000000,43.470001,42.889999,43.310001,31.315273,5164600,-,29.695893,30.726992,30.830471,30.871324,6315588.0
09/16/2011,43.200001,43.750000,43.040001,43.430000,31.402037,6041000,-,29.676988,30.723406,30.774073,30.820710,6315326.0
09/15/2011,42.450001,43.070000,42.320000,42.910000,31.026056,5139600,-,29.657265,30.719656,30.719483,30.796128,6309162.0
09/14/2011,42.320000,42.570000,41.820000,42.160000,30.483765,5665900,-,29.639179,30.712006,30.705022,30.811312,6273696.0
09/13/2011,42.509998,42.540001,42.009998,42.250000,30.548857,5572900,-,29.623769,30.715488,30.705383,30.860479,6231176.0
09/12/2011,41.959999,42.459999,41.799999,42.439999,30.686224,4577500,-,29.608626,30.723234,30.705022,30.911091,6200478.0
09/09/2011,42.770000,42.820000,41.910000,42.380001,30.642843,6291100,-,29.593457,30.720954,30.642840,30.880000,6173842.0
09/08/2011,42.630001,43.369999,42.410000,42.939999,31.047747,4461800,-,29.578018,30.718257,30.595841,30.874215,6116028.0
09/07/2011,42.709999,42.959999,42.320000,42.770000,30.924824,5523000,-,29.561599,30.704750,30.482504,30.882167,6134728.0
09/06/2011,42.009998,42.400002,41.590000,42.369999,30.635611,5039100,-,29.546212,30.689277,30.413134,30.843123,6099684.0
09/02/2011,42.570000,42.930000,42.439999,42.610001,30.809139,3924200,-,29.532340,30.676306,30.306487,30.789618,6185540.0
09/01/2011,43.180000,43.480000,42.860001,43.090000,31.156216,5004300,-,29.517531,30.649873,30.263955,30.727436,6207354.0
08/31/2011,43.180000,43.259998,42.900002,43.119999,31.177893,4539400,-,29.500361,30.619353,30.202284,30.642838,6168808.0
08/30/2011,42.860001,43.009998,42.509998,42.840000,30.975441,5451000,-,29.484300,30.593109,30.196977,30.598732,6167276.0
08/29/2011,42.340000,42.970001,42.330002,42.950001,31.054977,4990300,-,29.468834,30.572770,30.201437,30.550288,6170532.0
08/26/2011,42.180000,42.240002,41.299999,42.009998,30.375307,6484200,-,29.454885,30.547415,30.230465,30.498952,6149710.0
08/25/2011,43.099998,43.169998,42.139999,42.299999,30.584991,5467300,-,29.444438,30.532656,30.284199,30.405680,6110998.0
08/24/2011,42.150002,43.259998,42.080002,43.049999,31.127275,4972200,-,29.434318,30.507423,30.347074,30.317468,6108338.0
08/23/2011,41.810001,42.380001,41.410000,42.230000,30.534382,6036600,-,29.420765,30.484475,30.381764,30.082840,6117502.0
08/22/2011,42.279999,42.380001,41.389999,41.630001,30.100559,5080200,-,29.409592,30.470388,30.433254,29.983145,6095476.0
08/19/2011,41.889999,42.279999,41.450001,41.750000,30.187317,5586600,-,29.400588,30.465835,30.507861,29.823356,6106224.0
08/18/2011,41.820000,42.169998,41.369999,41.919998,30.310232,7458100,-,29.389707,30.456263,30.557793,29.800473,6140288.0
08/17/2011,42.389999,43.080002,42.380001,42.509998,30.736837,5177500,-,29.379139,30.444803,30.609785,29.761731,6070298.0
08/16/2011,41.750000,42.450001,41.599998,42.169998,30.490997,6036500,-,29.366026,30.421529,30.629743,29.795223,6056672.0
08/15/2011,41.049999,42.320000,40.970001,42.240002,30.541622,7044200,-,29.353867,30.404456,30.652358,29.852586,6020418.0
08/12/2011,41.340000,41.570000,40.560001,40.720001,29.442583,6105300,-,29.342005,30.385514,30.663522,29.961978,5963574.0
08/11/2011,40.220001,41.619999,39.880001,41.080002,29.702873,9220100,-,29.335466,30.391122,30.738916,30.162718,5952382.0
08/10/2011,40.799999,41.380001,40.189999,40.330002,28.780994,10300100,-,29.328210,30.392524,30.795942,30.376680,5879400.0
08/09/2011,40.330002,41.400002,39.509998,41.389999,29.537437,19505800,-,29.326354,30.414218,30.896208,30.680689,5772178.0
08/08/2011,41.360001,41.840000,39.750000,39.939999,28.502668,12034300,-,29.323018,30.418643,30.965431,30.883362,5425752.0
08/05/2011,42.230000,42.459999,41.000000,41.980000,29.958487,13257300,-,29.330081,30.443620,31.075331,31.192367,5240840.0
08/04/2011,43.220001,43.540001,41.910000,41.930000,29.922806,11627100,-,29.332476,30.440623,31.134207,31.315112,5073114.0
08/03/2011,43.419998,43.599998,42.880001,43.540001,31.071760,7362500,-,29.333194,30.443335,31.198791,31.457840,4936252.0
08/02/2011,44.080002,44.169998,43.509998,43.529999,31.064632,7149900,-,29.329095,30.421926,31.177382,31.464263,4921962.0
08/01/2011,44.480000,44.580002,43.770000,44.330002,31.635536,6220500,-,29.322076,30.403799,31.157043,31.452130,4922900.0
07/29/2011,44.320000,44.560001,44.000000,44.070000,31.449989,5165900,-,29.311756,30.366833,31.122075,31.365066,4860748.0
07/28/2011,44.619999,44.799999,44.349998,44.619999,31.842485,5136900,-,29.302947,30.332150,31.078186,31.315113,4816134.0
07/27/2011,44.599998,45.270000,44.029999,44.590000,31.821085,8931100,-,29.291626,30.294470,31.011461,31.215205,4796098.0
07/26/2011,44.349998,44.360001,43.950001,44.230000,31.564175,6837900,-,29.280997,30.255506,30.939027,31.111727,4770256.0
07/25/2011,43.730000,44.700001,43.720001,44.270000,31.592710,7046300,-,29.271652,30.219967,30.868378,31.047500,4737184.0
07/22/2011,44.060001,44.070000,43.610001,43.700001,31.185946,4499000,-,29.261202,30.187568,30.788094,30.958296,4701108.0
07/21/2011,43.799999,44.200001,43.750000,43.930000,31.350082,6524700,-,29.252545,30.157096,30.703171,30.953301,4714940.0
07/20/2011,43.450001,43.860001,43.299999,43.630001,31.135988,3654800,-,29.243274,30.123059,30.617177,30.939742,4759712.0
07/19/2011,43.060001,43.480000,42.849998,43.360001,30.943306,3133900,-,29.234386,30.080900,30.553664,30.890501,4769448.0
07/18/2011,43.320000,43.400002,42.869999,43.110001,30.764896,3783100,-,29.227561,30.043723,30.504423,30.861955,4808566.0
07/15/2011,43.320000,43.500000,43.000000,43.369999,30.950457,4910100,-,29.220082,30.007859,30.455539,30.879083,4851908.0
07/14/2011,43.160000,43.549999,43.099998,43.220001,30.843403,4423500,-,29.212499,29.977163,30.389884,30.841259,4931622.0
07/13/2011,43.439999,43.610001,43.020000,43.139999,30.786310,3574700,-,29.206208,29.955938,30.313882,30.807718,4960652.0
07/12/2011,43.080002,43.700001,43.009998,43.330002,30.921900,5077500,-,29.200375,29.929230,30.273561,30.766327,5032256.0
07/11/2011,43.230000,43.349998,42.950001,43.020000,30.700676,3568000,-,29.193485,29.905166,30.218967,30.689255,5140918.0
07/08/2011,43.509998,43.660000,43.139999,43.630001,31.135988,5151500,-,29.185227,29.885667,30.177577,30.617891,5416610.0
07/07/2011,43.139999,43.799999,43.040001,43.740002,31.214495,5732800,-,29.177060,29.847737,30.106213,30.453042,5423974.0
07/06/2011,42.860001,43.130001,42.650002,42.939999,30.643578,3366300,-,29.166542,29.803727,30.032351,30.294613,5369454.0
07/05/2011,43.240002,43.299999,42.889999,42.959999,30.657852,3539900,-,29.160220,29.765497,29.978828,30.216827,5338100.0
07/01/2011,42.840000,43.400002,42.580002,43.349998,30.936176,4038000,-,29.151660,29.725290,29.927804,30.146890,5324480.0
06/30/2011,42.889999,42.889999,42.520000,42.840000,30.572214,3245700,-,29.141812,29.677967,29.860721,30.031995,5335734.0
06/29/2011,42.630001,42.830002,42.430000,42.750000,30.507992,3400400,-,29.134299,29.634398,29.818260,29.938510,5312884.0
06/28/2011,42.369999,42.700001,42.340000,42.560001,30.372400,5396800,-,29.126901,29.592678,29.781508,29.820045,5300394.0
06/27/2011,42.189999,42.369999,42.090000,42.250000,30.151182,3770800,-,29.121728,29.558181,29.756174,29.780794,5267874.0
06/24/2011,41.490002,42.200001,41.490002,42.020000,29.987036,9331900,-,29.118142,29.521765,29.736548,29.748680,5276046.0
06/23/2011,41.250000,41.340000,40.910000,41.320000,29.487492,5014900,-,29.114208,29.484403,29.724774,29.737262,5144172.0
06/22/2011,41.779999,41.900002,41.509998,41.520000,29.630207,3077000,-,29.110950,29.455200,29.740830,29.759385,5122030.0
06/21/2011,42.060001,42.270000,41.720001,41.849998,29.865717,4462800,-,29.106292,29.424553,29.762240,29.770090,5155416.0
06/20/2011,41.650002,42.000000,41.430000,41.980000,29.958487,5613800,-,29.102071,29.397229,29.769019,29.740830,5116852.0
06/17/2011,41.740002,42.020000,41.630001,41.740002,29.787226,3949200,-,29.095668,29.371150,29.779010,29.708717,5081644.0
06/16/2011,41.139999,41.619999,41.110001,41.529999,29.637358,4548600,-,29.089915,29.352444,29.779010,29.689448,5059562.0
06/15/2011,41.880001,41.990002,41.000000,41.090000,29.323347,5334300,-,29.081680,29.334056,29.782935,29.698011,5037450.0
06/14/2011,42.009998,42.119999,41.570000,42.009998,29.979891,5430400,-,29.074328,29.326318,29.814692,29.742971,4978220.0
06/13/2011,41.889999,42.009998,41.639999,41.799999,29.830036,4935300,-,29.064519,29.306859,29.809340,29.731554,4939452.0
06/10/2011,41.750000,42.009998,41.500000,41.860001,29.872860,5617600,-,29.053121,29.291524,29.807200,29.724417,4930332.0
06/09/2011,41.680000,42.209999,41.500000,41.630001,29.708723,7289800,-,29.041338,29.278434,29.812195,29.712285,4897742.0
06/08/2011,41.490002,41.970001,41.430000,41.669998,29.737253,3958600,-,29.030444,29.258901,29.809875,29.722275,4814312.0
06/07/2011,41.730000,42.090000,41.439999,41.439999,29.573120,4496200,-,29.021125,29.230623,29.805424,29.754390,4807360.0
06/06/2011,41.380001,41.799999,41.150002,41.529999,29.637358,4223800,-,29.012147,29.211265,29.778172,29.797208,4784128.0
06/03/2011,41.360001,41.869999,41.250000,41.470001,29.594532,4202000,-,29.003362,29.196542,29.750526,29.849303,4771638.0
06/02/2011,41.650002,41.709999,41.369999,41.650002,29.722990,5545700,-,28.996820,29.181266,29.719384,29.868573,4751492.0
06/01/2011,41.860001,42.009998,41.669998,41.720001,29.772947,5571000,-,28.990357,29.165677,29.704018,29.867859,4750486.0
05/31/2011,42.000000,42.049999,41.730000,41.849998,29.865717,4939000,-,28.983129,29.139644,29.704478,29.886413,4710262.0
05/27/2011,41.650002,41.959999,41.580002,41.700001,29.758673,2184500,-,28.975986,29.106541,29.683737,29.887127,4750570.0
05/26/2011,41.680000,41.860001,41.480000,41.689999,29.751537,2788700,-,28.968967,29.077694,29.681739,29.889982,4926176.0
05/25/2011,42.060001,42.060001,41.590000,41.770000,29.808624,4871000,-,28.962722,29.045747,29.680450,29.912105,5147470.0
05/24/2011,42.119999,42.349998,42.009998,42.119999,30.058397,4784000,-,28.958262,29.032250,29.651993,29.897475,5308788.0
05/23/2011,41.900002,42.419998,41.810001,42.040001,30.001308,6648000,-,28.951773,29.035604,29.599772,29.856459,5638956.0
05/20/2011,41.750000,42.360001,41.570000,42.259998,30.158306,7196800,-,28.944890,29.043906,29.536310,29.759135,5600578.0
05/19/2011,41.799999,41.930000,41.580002,41.740002,29.787226,3112900,-,28.937188,29.046249,29.460770,29.651748,5610274.0
05/18/2011,41.959999,42.049999,41.500000,41.639999,29.715853,2935200,-,28.932326,29.060382,29.399909,29.570195,5748570.0
05/17/2011,41.830002,42.029999,41.680000,41.980000,29.958487,4135100,-,28.927719,29.057338,29.333806,29.540177,5766682.0
05/16/2011,41.730000,42.840000,41.730000,41.860001,29.872860,7639000,-,28.921933,29.047610,29.256982,29.522542,5793864.0
05/13/2011,42.080002,42.380001,41.580002,41.740002,29.787226,5184300,-,28.914538,29.029868,29.195714,29.480347,5718136.0
05/12/2011,41.619999,42.099998,41.549999,42.000000,29.972765,5242500,-,28.907911,29.017504,29.122872,29.473495,5679444.0
05/11/2011,42.090000,42.209999,41.820000,42.090000,29.662327,5190600,-,28.901918,28.996496,29.030182,29.448794,5636522.0
05/10/2011,41.340000,42.490002,41.259998,42.070000,29.648230,8763300,-,28.895780,28.982542,28.948433,29.406510,5617296.0
05/09/2011,41.430000,41.480000,41.029999,41.189999,29.028069,4141600,-,28.886488,28.978173,28.870913,29.343085,5510544.0
05/06/2011,41.490002,41.720001,41.160000,41.270000,29.084444,5089800,-,28.880568,28.979582,28.844485,29.313486,5471722.0
05/05/2011,41.720001,41.740002,40.959999,41.110001,28.971691,5950200,-,28.877014,28.978596,28.822991,29.269792,5434786.0
05/04/2011,42.240002,42.290001,41.599998,41.740002,29.415676,8895800,-,28.874533,28.981838,28.817001,29.229622,5400394.0
05/03/2011,41.630001,42.680000,41.630001,42.259998,29.782135,5875000,-,28.872003,28.982261,28.782116,29.127435,5323740.0
05/02/2011,42.200001,42.400002,41.599998,41.790001,29.450907,7154900,-,28.865029,28.972676,28.739832,28.991421,5295098.0
04/29/2011,42.240002,42.349998,41.820000,42.169998,29.718706,10510600,-,28.858556,28.966756,28.717633,28.911081,5234080.0
04/28/2011,41.650002,42.340000,40.689999,42.180000,29.725756,17352600,-,28.851695,28.952944,28.684864,28.772249,5121788.0
04/27/2011,41.580002,41.639999,40.880001,41.490002,29.239487,5519700,-,28.843644,28.939131,28.659493,28.611570,4884154.0
04/26/2011,40.970001,41.490002,40.840000,41.169998,29.013975,3006800,-,28.836532,28.938849,28.634123,28.490356,4863040.0
04/25/2011,40.639999,40.950001,40.540001,40.770000,28.732084,1798600,-,28.830173,28.951393,28.599591,28.398741,4923578.0
04/21/2011,40.720001,40.740002,40.490002,40.650002,28.647507,2858900,-,28.824376,28.979230,28.593248,28.375484,4969222.0
04/20/2011,40.669998,40.910000,40.389999,40.540001,28.569990,4600700,-,28.818561,29.006113,28.605933,28.376190,4983834.0
04/19/2011,40.330002,40.400002,40.049999,40.290001,28.393805,2103200,-,28.810282,29.033711,28.618971,28.404380,4979268.0
04/18/2011,40.389999,40.639999,40.060001,40.330002,28.421995,2775900,-,28.798404,29.067896,28.646456,28.436798,5207064.0
04/15/2011,40.200001,40.759998,40.130001,40.650002,28.647507,3770800,-,28.784857,29.094694,28.648922,28.488243,5414542.0
04/14/2011,39.680000,40.330002,39.650002,40.200001,28.330383,4179400,-,28.770760,29.122413,28.627075,28.524186,5639694.0
04/13/2011,40.020000,40.320000,39.900002,39.900002,28.118963,2738200,-,28.757977,29.147841,28.626371,28.597479,5623192.0
04/12/2011,39.779999,39.939999,39.529999,39.770000,28.027349,3907800,-,28.746591,29.179168,28.628132,28.707417,5640888.0
04/11/2011,40.529999,40.529999,39.830002,39.869999,28.097826,4746300,-,28.738072,29.210518,28.683454,28.777890,5636958.0
04/08/2011,40.830002,40.830002,40.259998,40.439999,28.499519,2534600,-,28.727810,29.232104,28.789868,28.800440,5643328.0
04/07/2011,40.820000,40.889999,40.500000,40.660000,28.654558,3853400,-,28.716489,29.254010,28.885712,28.811011,5718180.0
04/06/2011,40.790001,41.200001,40.730000,40.939999,28.851892,2845100,-,28.705683,29.280056,28.966756,28.835677,5770256.0
04/05/2011,41.009998,41.040001,40.709999,40.750000,28.717983,3443000,-,28.696334,29.304522,29.048857,28.833562,5813456.0
04/04/2011,41.160000,41.270000,40.950001,41.060001,28.936453,2372800,-,28.691049,29.334451,29.091141,28.856114,5907046.0
04/01/2011,41.270000,41.380001,41.080002,41.160000,29.006929,3492000,-,28.686334,29.357365,29.117921,28.809601,5959566.0
03/31/2011,41.380001,41.439999,41.049999,41.240002,29.063313,4479300,-,28.680146,29.380819,29.116864,28.729965,6022608.0
03/30/2011,40.980000,41.660000,40.919998,41.459999,29.218346,3988100,-,28.674661,29.395766,29.122149,28.655263,5988872.0
03/29/2011,40.180000,40.860001,40.130001,40.770000,28.732084,3118300,-,28.667451,29.409005,29.107349,28.548848,5987918.0
03/28/2011,40.570000,40.790001,40.160000,40.189999,28.323326,3611000,-,28.660398,29.431272,29.118977,28.589017,5987200.0
03/25/2011,41.130001,41.180000,40.560001,40.590000,28.605225,3334600,-,28.654167,29.454753,29.174299,28.779296,5979182.0
03/24/2011,40.919998,41.180000,40.570000,41.009998,28.901215,3599300,-,28.647035,29.475520,29.198965,28.960413,6001264.0
03/23/2011,40.980000,41.060001,40.630001,40.910000,28.830748,3194700,-,28.633503,29.482152,29.205661,29.097836,6012594.0
03/22/2011,40.490002,41.270000,40.400002,41.070000,28.943499,5495400,-,28.620017,29.493535,29.220812,29.264153,6013760.0
03/21/2011,40.299999,40.560001,40.099998,40.400002,28.471323,3559800,-,28.603354,29.507536,29.245478,29.326169,5962642.0
03/18/2011,40.480000,40.590000,39.700001,40.029999,28.210571,6954400,-,28.588712,29.532234,29.287057,29.426242,5976882.0
03/17/2011,40.290001,40.410000,39.130001,40.180000,28.316292,10964800,-,28.578022,29.562704,29.334275,29.503762,5942658.0
03/16/2011,41.150002,41.169998,39.060001,39.950001,28.154194,13853400,-,28.565140,29.587717,29.369864,29.589034,5799820.0
03/15/2011,41.520000,41.779999,40.480000,41.340000,29.133780,12936900,-,28.552152,29.608593,29.413910,29.665851,5588864.0
03/14/2011,41.000000,42.970001,40.799999,42.889999,30.226114,21292400,-,28.537490,29.605701,29.418491,29.648937,5372036.0
03/11/2011,43.099998,43.580002,42.900002,43.160000,30.416397,4729100,-,28.518419,29.578734,29.389244,29.569302,4992446.0
03/10/2011,43.330002,43.549999,42.669998,42.959999,30.275444,7681600,-,28.495512,29.549214,29.374621,29.437517,4968566.0
03/09/2011,41.970001,43.459999,41.970001,43.270000,30.493912,10027700,-,28.474395,29.527943,29.360431,29.313485,4870292.0
03/08/2011,41.959999,42.310001,41.930000,41.950001,29.563660,3840800,-,28.454087,29.499798,29.333230,29.177472,4724438.0
03/07/2011,41.259998,41.990002,41.259998,41.820000,29.472055,5494200,-,28.440093,29.491788,29.360199,29.164787,4716406.0
03/04/2011,41.509998,41.689999,40.880001,41.130001,28.985777,3852600,-,28.426149,29.485194,29.374693,29.147873,4683956.0
03/03/2011,41.220001,41.480000,41.189999,41.389999,29.169012,3249700,-,28.418982,29.480527,29.427075,29.164787,4694424.0
03/02/2011,41.139999,41.250000,40.919998,41.040001,28.922361,3096400,-,28.411577,29.472892,29.448714,29.150693,4706684.0
03/01/2011,41.770000,41.830002,41.000000,41.099998,28.964638,4229300,-,28.407306,29.466430,29.486863,29.161970,4823738.0
02/28/2011,41.410000,41.950001,41.340000,41.759998,29.429768,3425700,-,28.403943,29.457313,29.518372,29.188045,4832008.0
02/25/2011,41.279999,41.349998,41.130001,41.290001,29.098539,2200500,-,28.399579,29.437223,29.505740,29.209187,4861454.0
02/24/2011,41.410000,41.410000,41.000000,41.200001,29.035128,3243000,-,28.397176,29.425149,29.530554,29.311726,4914604.0
02/23/2011,41.779999,41.939999,41.340000,41.340000,29.133780,4230600,-,28.395073,29.412116,29.576640,29.407378,4987664.0
02/22/2011,41.330002,41.820000,41.279999,41.770000,29.436817,5063100,-,28.392209,29.386945,29.623712,29.488988,5018246.0
02/18/2011,41.490002,41.610001,41.330002,41.580002,29.302908,4442900,-,28.384276,29.349727,29.662593,29.555611,5008584.0
02/17/2011,41.270000,41.669998,41.200001,41.369999,29.154922,4104000,-,28.378085,29.315187,29.701556,29.601513,5009030.0
02/16/2011,41.230000,41.590000,41.029999,41.189999,29.028069,4896000,-,28.378769,29.281517,29.752791,29.689363,5012392.0
02/15/2011,41.419998,41.490002,41.040001,41.200001,29.035128,5470900,-,28.378345,29.254841,29.791920,29.746735,4983994.0
02/14/2011,41.959999,42.049999,41.410000,41.470001,29.225391,4464000,-,28.381102,29.231783,29.834177,29.811756,5054540.0
02/11/2011,42.549999,42.720001,42.020000,42.060001,29.641184,6033700,-,28.381099,29.197957,29.865181,29.848700,5041712.0
02/10/2011,43.040001,43.299999,42.919998,43.270000,30.123932,4080800,-,28.377910,29.154284,29.857990,29.802294,5017536.0
02/09/2011,42.889999,43.160000,42.709999,43.080002,29.991646,3589500,-,28.372710,29.099982,29.833971,29.749383,5027992.0
02/08/2011,43.130001,43.180000,42.930000,43.020000,29.949884,4372400,-,28.366394,29.048186,29.796030,29.745903,5014318.0
02/07/2011,42.820000,43.259998,42.750000,43.240002,30.103048,13493000,-,28.362869,28.999592,29.768531,29.758435,4953856.0
02/04/2011,43.080002,43.250000,42.619999,42.750000,29.761923,13149800,-,28.359684,28.950581,29.745556,29.769575,4763588.0
02/03/2011,42.400002,43.220001,42.310001,43.139999,30.033430,15028400,-,28.357199,28.906442,29.742771,29.801599,4571794.0
02/02/2011,42.580002,42.990002,42.419998,42.520000,29.601788,3354300,-,28.353188,28.861051,29.727802,29.816219,4328288.0
02/01/2011,42.790001,42.799999,42.290001,42.639999,29.685337,3623000,-,28.353079,28.825963,29.726062,29.837106,4343448.0
01/31/2011,42.200001,42.680000,42.049999,42.509998,29.594826,3711300,-,28.350743,28.789483,29.701695,29.856599,4358136.0
01/28/2011,42.509998,42.820000,41.880001,41.910000,29.177122,5064800,-,28.348992,28.754535,29.671411,29.881662,4374722.0
01/27/2011,42.939999,43.130001,42.419998,42.509998,29.594826,6277200,-,28.351979,28.725434,29.656443,29.913687,4385392.0
01/26/2011,43.000000,43.459999,42.709999,43.029999,29.956846,6457200,-,28.353279,28.692853,29.623722,29.918560,4346960.0
01/25/2011,43.259998,43.529999,43.009998,43.200001,30.075209,5005100,-,28.352870,28.651360,29.586476,29.846157,4340530.0
01/24/2011,43.250000,43.529999,43.099998,43.400002,30.214443,8122500,-,28.351936,28.615158,29.537047,29.778626,4311858.0
01/21/2011,43.480000,43.500000,43.150002,43.209999,30.082167,4998800,-,28.349233,28.576589,29.484484,29.721537,4246046.0
01/20/2011,42.720001,43.459999,42.500000,43.349998,30.179625,6644100,-,28.347762,28.546166,29.437492,29.683942,4283968.0
01/19/2011,42.910000,43.040001,42.599998,42.820000,29.810656,2792500,-,28.346809,28.510906,29.366133,29.639386,4327434.0
01/18/2011,42.740002,43.090000,42.500000,42.919998,29.880268,3940400,-,28.348874,28.480689,29.314962,29.615018,4449292.0
01/14/2011,42.490002,42.869999,42.200001,42.869999,29.845457,3082400,-,28.348311,28.449080,29.250913,29.546792,4666502.0
01/13/2011,42.560001,42.639999,42.070000,42.369999,29.497372,3210100,-,28.347520,28.412392,29.184079,29.461161,4684810.0
01/12/2011,42.209999,43.020000,42.000000,42.580002,29.643557,4438700,-,28.346894,28.386378,29.130473,29.399200,4712350.0
01/11/2011,42.369999,42.369999,41.889999,41.990002,29.232813,4165800,-,28.346040,28.355791,29.073038,29.328885,4738208.0
01/10/2011,42.500000,42.529999,42.099998,42.230000,29.399900,3253000,-,28.347105,28.332319,29.030571,29.326795,4759442.0
01/07/2011,42.669998,42.779999,42.250000,42.580002,29.643557,2939500,-,28.344888,28.307704,28.954338,29.295467,4780416.0
01/06/2011,42.660000,42.889999,42.369999,42.669998,29.706217,4271800,-,28.341788,28.277529,28.850955,29.247431,4825432.0
01/05/2011,42.500000,42.730000,42.369999,42.709999,29.734060,5243200,-,28.339280,28.248438,28.744439,29.191041,4851172.0
01/04/2011,42.000000,42.540001,41.799999,42.470001,29.566980,3822900,-,28.339147,28.221952,28.631310,29.092880,4904768.0
01/03/2011,41.980000,42.009998,41.630001,41.939999,29.198004,3305600,-,28.339882,28.208019,28.537673,29.014907,5008424.0
12/31/2010,41.490002,41.790001,41.299999,41.639999,28.989147,2095500,-,28.343468,28.222362,28.471883,28.955035,5060546.0
12/30/2010,41.419998,41.680000,41.299999,41.480000,28.877762,2312900,-,28.348266,28.251331,28.399132,28.906998,5088794.0
12/29/2010,41.990002,42.000000,41.419998,41.570000,28.940405,3535100,-,28.355901,28.275103,28.328121,28.861747,5148746.0
12/28/2010,41.759998,41.990002,41.610001,41.959999,29.211922,2767900,-,28.363189,28.301334,28.251541,28.817192,5241642.0
12/27/2010,41.860001,42.150002,41.619999,41.779999,29.086620,2735000,-,28.365968,28.310312,28.161038,28.734346,5270142.0
12/23/2010,41.840000,42.299999,41.779999,41.889999,29.163197,3439200,-,28.368569,28.320009,28.082716,28.613209,5274552.0
12/22/2010,41.349998,41.980000,41.320000,41.860001,29.142315,3871700,-,28.373368,28.330511,28.007180,28.454479,5281158.0
12/21/2010,41.389999,41.680000,41.270000,41.299999,28.752445,4376000,-,28.378875,28.339232,27.927814,28.297838,5257424.0
12/20/2010,41.180000,41.490002,41.150002,41.349998,28.787251,3862700,-,28.385863,28.358087,27.878386,28.169740,5214764.0
12/17/2010,40.869999,41.110001,40.630001,41.080002,28.599289,8949100,-,28.393883,28.376245,27.831393,28.060439,5195926.0
12/16/2010,40.910000,41.009998,40.220001,40.950001,28.508778,4642800,-,28.403412,28.394314,27.794495,27.988731,5058770.0
12/15/2010,40.889999,41.259998,40.720001,40.830002,28.425245,4898000,-,28.410780,28.413230,27.761427,27.891266,5036126.0
12/14/2010,40.840000,41.250000,40.790001,40.930000,28.494854,4858000,-,28.417727,28.434642,27.726269,27.794495,5044486.0
12/13/2010,40.680000,41.220001,40.310001,40.770000,28.383465,6896000,-,28.423890,28.451913,27.699814,27.685891,5008320.0
12/10/2010,39.840000,40.180000,39.610001,40.040001,27.875256,5759700,-,28.431013,28.475810,27.674752,27.587729,4947808.0
12/09/2010,39.630001,39.700001,39.310001,39.610001,27.575897,4580000,-,28.436787,28.503685,27.694244,27.552223,4900306.0
12/08/2010,39.570000,39.779999,39.439999,39.610001,27.575897,4465200,-,28.445769,28.540847,27.729749,27.559881,4856560.0
12/07/2010,40.040001,40.200001,39.360001,39.459999,27.471466,4272100,-,28.455421,28.581033,27.779004,27.557791,4820082.0
12/06/2010,40.099998,40.099998,39.770000,39.779999,27.694242,3476100,-,28.466030,28.623995,27.826263,27.587032,4780198.0
12/03/2010,39.529999,40.139999,39.389999,40.049999,27.882214,8998200,-,28.477370,28.660989,27.856541,27.602348,4772774.0
12/02/2010,39.400002,39.689999,39.259998,39.549999,27.534126,3822600,-,28.488407,28.684326,27.877420,27.600259,4671266.0
12/01/2010,39.709999,39.730000,39.279999,39.439999,27.457537,4824900,-,28.499776,28.723698,27.901268,27.631587,4675536.0
11/30/2010,39.139999,39.490002,39.070000,39.369999,27.408810,4603600,-,28.509952,28.756765,27.938225,27.658042,4654876.0
11/29/2010,39.380001,39.490002,39.049999,39.360001,27.401848,2905800,-,28.521077,28.796169,27.973494,27.713737,4619690.0
11/26/2010,39.490002,39.740002,39.310001,39.529999,27.520189,1349300,-,28.529219,28.827051,28.006361,27.761774,4690196.0
11/24/2010,39.779999,39.820000,39.410000,39.720001,27.652477,3979600,-,28.538177,28.855978,28.038811,27.836266,4711486.0
11/23/2010,39.639999,39.740002,39.400002,39.580002,27.555004,3560100,-,28.546658,28.884322,28.062927,27.899618,4685312.0
11/22/2010,39.959999,40.000000,39.490002,39.880001,27.763874,2853100,-,28.555362,28.913790,28.097760,28.000218,4697630.0
11/19/2010,39.930000,40.090000,39.320000,40.000000,27.847401,4112300,-,28.561497,28.945267,28.130055,28.065495,4729990.0
11/18/2010,40.389999,40.400002,39.880001,40.020000,27.861328,4357400,-,28.568805,28.976999,28.181201,28.110734,4727150.0
11/17/2010,39.759998,40.189999,39.689999,40.000000,27.847401,4540600,-,28.577732,29.003778,28.283893,28.154580,4704802.0
11/16/2010,40.080002,40.150002,39.720001,39.820000,27.722090,5598300,-,28.589910,29.023549,28.413401,28.170948,4685734.0
11/15/2010,40.200001,40.430000,40.119999,40.169998,27.965761,4355600,-,28.604138,29.043076,28.530616,28.218408,4642288.0
11/12/2010,40.340000,40.380001,39.950001,40.049999,27.882214,6135700,-,28.616220,29.064192,28.644926,28.233250,4635138.0
11/11/2010,40.470001,40.720001,40.299999,40.599998,28.265112,3571500,-,28.627925,29.080105,28.733856,28.250949,4589054.0
11/10/2010,41.169998,41.169998,40.380001,40.630001,28.285999,4831900,-,28.638842,29.087535,28.799173,28.241355,4596418.0
11/09/2010,41.459999,41.820000,41.400002,41.549999,28.560997,6894900,-,28.650714,29.081624,28.869289,28.226236,4599716.0
11/08/2010,41.200001,41.410000,41.110001,41.340000,28.416645,8817400,-,28.662271,29.067464,28.920156,28.195303,4523544.0
11/05/2010,41.169998,41.279999,40.950001,41.169998,28.299791,8885400,-,28.672861,29.059490,28.984083,28.194615,4415862.0
11/04/2010,41.029999,41.169998,40.900002,41.169998,28.299791,14800900,-,28.685757,29.044505,29.053853,28.251669,4307512.0
11/03/2010,41.110001,41.160000,40.520000,40.750000,28.011082,3997800,-,28.703424,29.028833,29.113999,28.413205,4100178.0
11/02/2010,41.209999,41.360001,40.869999,41.020000,28.196684,4587100,-,28.723858,29.019209,29.186176,28.655853,4151740.0
11/01/2010,41.090000,41.500000,40.700001,40.900002,28.114183,5731600,-,28.746082,29.012748,29.251133,28.842824,4147766.0
10/29/2010,40.980000,40.980000,40.570000,40.820000,28.059202,5227500,-,28.766498,29.006011,29.313342,29.056602,4107284.0
10/28/2010,41.130001,41.250000,40.709999,40.980000,28.169176,4301700,-,28.788779,29.002437,29.389299,29.216764,4083418.0
10/27/2010,40.919998,40.959999,40.389999,40.930000,28.134811,5190300,-,28.812432,29.004774,29.444290,29.356992,4080126.0
10/26/2010,41.259998,41.459999,41.029999,41.099998,28.251667,5558800,-,28.834302,29.010686,29.509249,29.512342,4061050.0
10/25/2010,42.080002,42.320000,41.250000,41.330002,28.409765,7923000,-,28.854892,29.012198,29.575926,29.645008,4003300.0
10/22/2010,43.520000,43.520000,41.860001,42.000000,28.870323,9005700,-,28.872837,29.012748,29.636416,29.773551,3910872.0
10/21/2010,44.380001,44.490002,43.330002,43.520000,29.915155,5911700,-,28.889241,29.002437,29.670098,29.856037,3813528.0
10/20/2010,43.799999,44.490002,43.790001,44.279999,30.437567,3507900,-,28.899890,28.974185,29.626792,29.814794,3785484.0
10/19/2010,43.650002,44.230000,43.590000,43.740002,30.066385,5310500,-,28.906967,28.943767,29.580050,29.716498,3797058.0
10/18/2010,43.310001,44.080002,43.200001,44.009998,30.251968,8179900,-,28.918550,28.917649,29.532276,29.659443,3749982.0
10/15/2010,43.230000,43.320000,42.880001,43.150002,29.660822,4192900,-,28.929172,28.885105,29.488628,29.570083,3669356.0
10/14/2010,43.209999,43.380001,42.770000,43.020000,29.571453,2955500,-,28.944505,28.864248,29.452883,29.561833,3708390.0
10/13/2010,43.340000,43.380001,43.000000,43.189999,29.688313,3769500,-,28.960020,28.849115,29.422638,29.531589,3726570.0
10/12/2010,43.209999,43.220001,42.799999,43.029999,29.578329,2685000,-,28.975249,28.831238,29.391706,29.506156,3725394.0
10/11/2010,43.150002,43.380001,42.959999,43.200001,29.695190,2243000,-,28.991392,28.815696,29.364211,29.506844,3764356.0
10/08/2010,43.040001,43.220001,42.779999,43.200001,29.695190,2920800,-,29.006520,28.789671,29.346338,29.499282,3804546.0
10/07/2010,42.970001,43.080002,42.730000,42.919998,29.502720,2091300,-,29.020688,28.765004,29.333278,29.484159,3890650.0
10/06/2010,42.840000,42.959999,42.490002,42.849998,29.454605,3510600,-,29.036911,28.750432,29.318155,29.438791,3979564.0
10/05/2010,42.990002,43.000000,42.480000,42.910000,29.495842,5316000,-,29.054401,28.730034,29.287222,29.443603,4026550.0
10/04/2010,42.919998,43.230000,42.450001,42.709999,29.358362,3049700,-,29.071056,28.695913,29.247353,29.405109,4020114.0
10/01/2010,42.900002,43.070000,42.549999,43.029999,29.578329,3870400,-,29.090750,28.665629,29.230512,29.407173,4100872.0
09/30/2010,43.000000,43.090000,42.380001,42.580002,29.269007,3384600,-,29.111962,28.641534,29.185489,29.343933,4168254.0
09/29/2010,42.889999,42.950001,42.549999,42.820000,29.433983,2392700,-,29.135813,28.625662,29.153869,29.313688,4191320.0
09/28/2010,43.160000,43.299999,42.770000,43.040001,29.585207,2641300,-,29.159600,28.615180,29.081693,29.277256,4245754.0
09/27/2010,43.060001,43.320000,42.980000,43.090000,29.619574,2277900,-,29.180744,28.591219,28.995082,29.221578,4253354.0
09/24/2010,42.630001,43.200001,42.610001,42.980000,29.543962,3104900,-,29.199298,28.561955,28.915002,29.193395,4343584.0
09/23/2010,42.750000,42.750000,42.200001,42.259998,29.049040,3922800,-,29.217104,28.538005,28.815331,29.182397,4372768.0
09/22/2010,42.369999,43.150002,42.369999,42.919998,29.502720,4036100,-,29.238013,28.519338,28.738687,29.197519,4389696.0
09/21/2010,42.669998,42.720001,42.230000,42.349998,29.110903,3791900,-,29.253805,28.485623,28.640046,29.130842,4381140.0
09/20/2010,42.180000,42.779999,42.130001,42.740002,29.379002,2844300,-,29.273909,28.458251,28.578181,29.089598,4385062.0
09/17/2010,42.410000,42.410000,41.889999,42.110001,28.945936,6431100,-,29.292506,28.422124,28.498100,29.053852,4394328.0
09/16/2010,42.230000,42.270000,41.889999,42.139999,28.966551,2413800,-,29.310155,28.392893,28.444827,29.027044,4384850.0
09/15/2010,42.169998,42.439999,42.000000,42.290001,29.069664,2670900,-,29.324918,28.351846,28.410801,28.994051,4479866.0
09/14/2010,42.689999,42.720001,42.180000,42.230000,29.028427,4176000,-,29.337443,28.290816,28.378838,28.886131,4543250.0
09/13/2010,43.070000,43.130001,42.650002,42.680000,29.337744,4471100,-,29.352262,28.224502,28.343781,28.768587,4528332.0
09/10/2010,42.660000,42.959999,42.400002,42.820000,29.433983,3970300,-,29.362685,28.154309,28.298756,28.636609,4555938.0
09/09/2010,42.169998,42.599998,42.169998,42.480000,29.200258,3240000,-,29.372527,28.081106,28.244796,28.448264,4585302.0
09/08/2010,41.869999,42.250000,41.820000,41.950001,28.835949,3587200,-,29.381584,28.013935,28.209911,28.279854,4617468.0
09/07/2010,41.990002,42.270000,41.709999,41.750000,28.698469,3426000,-,29.391071,27.963688,28.213945,28.149251,4611668.0
09/03/2010,41.980000,42.290001,41.750000,42.220001,29.021542,3998100,-,29.402868,27.910626,28.217048,28.066764,4668494.0
09/02/2010,41.860001,41.900002,41.279999,41.720001,28.677856,3831500,-,29.413646,27.854903,28.197208,27.942348,4691378.0
09/01/2010,41.099998,41.720001,40.810001,41.660000,28.636620,3939700,-,29.427302,27.811212,28.194213,27.862609,4727510.0
08/31/2010,40.400002,40.860001,40.049999,40.720001,27.990459,4996800,-,29.438515,27.778121,28.203123,27.827551,4756746.0
08/30/2010,40.630001,40.919998,40.450001,40.520000,27.852991,3086300,-,29.451169,27.771529,28.243323,27.871544,4736650.0
08/27/2010,40.270000,40.900002,39.930000,40.759998,28.017963,3433300,-,29.467591,27.774339,28.290735,27.918974,4768820.0
08/26/2010,40.209999,40.389999,39.950001,40.080002,27.550535,3467900,-,29.483851,27.769369,28.309535,27.960904,4811836.0
08/25/2010,39.930000,40.160000,39.520000,40.029999,27.516159,4434200,-,29.501769,27.777685,28.355101,28.041328,4833688.0
08/24/2010,40.270000,40.470001,40.020000,40.049999,27.529911,6575900,-,29.517173,27.782887,28.417997,28.139968,4828254.0
08/23/2010,40.650002,41.119999,40.509998,40.549999,27.873604,4388400,-,29.533982,27.778718,28.463237,28.278640,4785254.0
08/20/2010,40.290001,40.520000,40.139999,40.410000,27.777376,3707500,-,29.547140,27.762788,28.459048,28.367332,4790196.0
08/19/2010,41.009998,41.009998,40.340000,40.560001,27.880476,4034200,-,29.559239,27.750819,28.462387,28.452069,4849412.0
08/18/2010,41.430000,41.450001,40.759998,41.150002,28.286036,4137100,-,29.571937,27.717103,28.487042,28.525817,4900804.0
08/17/2010,41.450001,41.820000,41.320000,41.360001,28.430393,4236500,-,29.584343,27.674054,28.496511,28.578695,4975520.0
08/16/2010,41.189999,41.360001,40.930000,41.209999,28.327286,2671300,-,29.599172,27.617664,28.520484,28.615101,4991288.0
08/13/2010,41.180000,41.720001,41.180000,41.369999,28.437262,3301600,-,29.614123,27.561979,28.523478,28.662497,5077040.0
08/12/2010,41.259998,41.590000,41.060001,41.250000,28.354774,4138500,-,29.630098,27.514683,28.509435,28.658167,5130198.0
08/11/2010,42.320000,42.320000,41.939999,41.990002,28.502565,4509500,-,29.647532,27.462385,28.509019,28.668874,5174418.0
08/10/2010,42.049999,42.939999,41.910000,42.599998,28.916632,4086600,-,29.668389,27.403466,28.489674,28.696026,5172888.0
08/09/2010,42.330002,42.500000,42.119999,42.369999,28.760515,2956700,-,29.690352,27.349163,28.434691,28.647833,5172800.0
08/06/2010,41.910000,42.270000,41.590000,42.169998,28.624750,4148600,-,29.710508,27.302190,28.383781,28.550765,5218398.0
08/05/2010,42.160000,42.369999,41.869999,42.160000,28.617958,6144600,-,29.730491,27.246393,28.331175,28.472705,5246242.0
08/04/2010,42.509998,42.630001,42.060001,42.450001,28.814817,3864500,-,29.754342,27.195077,28.274496,28.448268,5264288.0
08/03/2010,42.230000,42.680000,42.189999,42.419998,28.794449,3710700,-,29.774390,27.147425,28.179465,28.414327,5251990.0
08/02/2010,42.000000,42.470001,41.650002,42.430000,28.801247,4633100,-,29.794475,27.106833,28.040652,28.425867,5285446.0
07/30/2010,41.660000,42.020000,41.259998,41.830002,28.393963,4252500,-,29.812494,27.064477,27.886226,28.384460,5302136.0
07/29/2010,42.680000,42.740002,41.570000,41.930000,28.461840,7226000,-,29.832354,27.047642,27.757934,28.360702,5314602.0
07/28/2010,41.790001,42.419998,41.639999,42.389999,28.774090,6537000,-,29.852497,27.032166,27.623532,28.349164,5254716.0
07/27/2010,41.230000,41.919998,40.830002,41.889999,28.434698,5859900,-,29.870521,27.018047,27.476912,28.283321,5225844.0
07/26/2010,41.279999,41.299999,40.619999,40.939999,27.789837,4994200,-,29.888768,27.015196,27.371359,28.221550,5234636.0
07/23/2010,41.740002,41.740002,40.450001,41.020000,27.844147,7087600,-,29.908962,27.030536,27.284134,28.216797,5258948.0
07/22/2010,42.020000,42.480000,41.470001,41.799999,28.373590,7239500,-,29.929180,27.046012,27.203697,28.189645,5266230.0
07/21/2010,42.709999,42.720001,41.549999,41.950001,28.475410,4537900,-,29.945145,27.050832,27.109684,28.100725,5194774.0
07/20/2010,41.299999,42.590000,41.299999,42.590000,28.909849,5114400,-,29.959945,27.052542,27.035017,27.944603,5223126.0
07/19/2010,41.680000,41.910000,41.279999,41.820000,28.387173,3021300,-,29.974244,27.031351,26.972567,27.655437,5356172.0
07/16/2010,41.570000,41.980000,41.439999,41.480000,28.156387,6789400,-,29.994858,27.024903,26.952883,27.387992,5544286.0
07/15/2010,41.480000,41.889999,41.090000,41.759998,28.346455,4564100,-,30.018199,27.047610,26.933537,27.155165,5545032.0
07/14/2010,41.040001,41.419998,40.759998,41.419998,28.115665,4769200,-,30.040982,27.059543,26.914531,26.897901,5548224.0
07/13/2010,40.959999,41.389999,40.720001,40.980000,27.816982,3608300,-,30.063740,27.088964,26.897560,26.670504,5503862.0
07/12/2010,40.639999,40.910000,40.360001,40.869999,27.742315,3988000,-,30.088942,27.117117,26.872785,26.521169,5538546.0
07/09/2010,40.349998,40.650002,39.860001,40.619999,27.572622,3307600,-,30.115696,27.142340,26.839524,26.351471,5538672.0
07/08/2010,40.110001,40.500000,39.930000,40.490002,27.484388,5957200,-,30.145624,27.172565,26.819839,26.217749,5650258.0
07/07/2010,38.340000,39.820000,38.209999,39.650002,26.914196,7164600,-,30.175077,27.197448,26.755353,26.118643,5638428.0
07/06/2010,38.020000,38.750000,37.959999,38.330002,26.018185,5840100,-,30.208789,27.244060,26.716321,26.125430,5615162.0
07/02/2010,38.220001,38.220001,37.660000,37.880001,25.712725,3430100,-,30.248422,27.313017,26.695958,26.289698,5646318.0
07/01/2010,38.090000,38.180000,37.630001,38.049999,25.828115,5851400,-,30.288534,27.384060,26.687473,26.517773,5686384.0
06/30/2010,37.970001,38.400002,37.840000,37.970001,25.773817,5438500,-,30.323647,27.452125,26.699691,26.711909,5689126.0
06/29/2010,38.529999,38.529999,37.860001,38.070000,25.841690,4848300,-,30.356149,27.528249,26.697994,26.931160,5649932.0
06/28/2010,38.580002,38.990002,38.130001,38.779999,26.323635,3297200,-,30.385461,27.595775,26.683740,27.124617,5630926.0
06/25/2010,38.869999,38.869999,38.110001,38.369999,26.045338,6267300,-,30.413314,27.654198,26.677631,27.224400,5708846.0
06/24/2010,39.070000,39.450001,38.610001,38.650002,26.235399,5142300,-,30.442460,27.728780,26.695959,27.327577,5666562.0
06/23/2010,39.660000,39.750000,38.910000,39.029999,26.493332,5638100,-,30.470950,27.801170,26.675934,27.421929,5629062.0
06/22/2010,40.750000,40.970001,39.619999,39.750000,26.982067,5401500,-,30.497364,27.868804,26.653874,27.392062,5592668.0
06/21/2010,41.599998,41.619999,40.540001,40.750000,27.660860,3992000,-,30.522056,27.926930,26.626383,27.307213,5546488.0
06/18/2010,40.939999,41.330002,40.779999,41.240002,27.993479,4694800,-,30.543091,27.967191,26.581583,27.102217,5528492.0
06/17/2010,41.060001,41.060001,40.139999,40.910000,27.769476,5584100,-,30.565019,28.003078,26.516079,26.857173,5488028.0
06/16/2010,40.759998,41.279999,40.470001,41.200001,27.966328,4560500,-,30.590032,28.047468,26.505218,26.687474,5441418.0
06/15/2010,40.279999,40.930000,40.279999,40.919998,27.776258,4162500,-,30.615666,28.092614,26.491302,26.464828,5422938.0
06/14/2010,40.169998,40.430000,39.959999,40.250000,27.321466,4425900,-,30.642512,28.132444,26.505896,26.242863,5392304.0
06/11/2010,39.820000,40.369999,39.450001,39.889999,27.077106,4635500,-,30.671731,28.179760,26.554430,26.130862,5369790.0
06/10/2010,39.330002,40.049999,39.200001,40.040001,27.178919,6668300,-,30.702990,28.225662,26.628418,26.064340,5331370.0
06/09/2010,38.750000,38.970001,38.259998,38.590000,26.194664,6603800,-,30.734789,28.271538,26.700370,25.929939,5253882.0
06/08/2010,37.980000,38.590000,37.650002,38.500000,26.133570,7872900,-,30.771345,28.336563,26.821365,25.915685,5183528.0
06/07/2010,37.770000,38.419998,37.639999,37.730000,25.610909,5024900,-,30.802507,28.393022,26.942733,25.945552,5088652.0
06/04/2010,38.049999,38.310001,37.500000,37.630001,25.543032,6958900,-,30.836052,28.461274,27.054701,26.060948,5112570.0
06/03/2010,38.040001,38.509998,37.810001,38.410000,26.072485,5959500,-,30.869577,28.534505,27.180789,26.174985,5091244.0
06/02/2010,37.400002,37.939999,37.240002,37.919998,25.739876,6349500,-,30.900618,28.607203,27.341751,26.322962,5085870.0
06/01/2010,38.450001,38.540001,37.619999,37.650002,25.556604,4433000,-,30.935648,28.686688,27.501912,26.517776,5039602.0
05/28/2010,38.910000,39.060001,38.509998,38.599998,26.201458,4082200,-,30.972807,28.773860,27.703417,26.768929,5061032.0
05/27/2010,38.650002,38.910000,38.410000,38.910000,26.411882,5236600,-,31.005561,28.848806,27.854578,26.977997,5065364.0
05/26/2010,39.540001,39.540001,38.009998,38.060001,25.834906,5540800,-,31.036920,28.928661,27.984155,27.192495,5032890.0
05/25/2010,38.240002,38.400002,37.470001,38.380001,26.052126,7046900,-,31.071196,29.019922,28.146603,27.470801,5021276.0
05/24/2010,39.320000,39.669998,38.880001,38.939999,26.432247,3249600,-,31.103155,29.094235,28.280424,27.727045,4944140.0
05/21/2010,38.270000,39.580002,38.270000,39.430000,26.764860,5383500,-,31.131818,29.157726,28.421051,27.939914,4977092.0
05/20/2010,40.110001,40.119999,39.310001,39.310001,26.683407,5467600,-,31.159856,29.224890,28.556110,28.048454,4938352.0
05/19/2010,40.639999,40.790001,40.250000,40.590000,27.552258,4875800,-,31.191510,29.296097,28.685184,28.186594,4912768.0
05/18/2010,41.480000,41.529999,40.750000,40.790001,27.688011,4231700,-,31.220441,29.348050,28.769140,28.360540,4892776.0
05/17/2010,41.779999,41.910000,40.919998,41.349998,28.068136,5093400,-,31.246878,29.402115,28.863740,28.486048,4862864.0
05/14/2010,42.000000,42.430000,41.369999,41.680000,28.292139,6299500,-,31.274494,29.450856,28.921232,28.637905,4843142.0
05/13/2010,42.150002,42.700001,42.049999,42.070000,28.556864,6209800,-,31.299499,29.484659,28.968865,28.731158,4798436.0
05/12/2010,42.459999,42.560001,42.029999,42.160000,28.617958,7451700,-,31.325352,29.509815,29.029744,28.775814,4753146.0
05/11/2010,42.400002,43.189999,42.270000,42.680000,28.614567,3666700,-,31.353202,29.532006,29.091590,28.822406,4711028.0
05/10/2010,42.779999,43.000000,41.980000,42.599998,28.560936,5955500,-,31.386612,29.555874,29.154613,28.833804,4754244.0
05/07/2010,41.599998,42.070000,40.939999,41.540001,27.850262,11766700,-,31.418960,29.565260,29.220987,28.902189,4731560.0
05/06/2010,43.349998,43.349998,28.200001,41.860001,28.064808,12427000,-,31.450259,29.595699,29.312167,29.063767,4581364.0
05/05/2010,43.000000,43.779999,42.939999,43.689999,29.291721,6826700,-,31.482819,29.624528,29.398319,29.183775,4435418.0
05/04/2010,43.910000,44.000000,42.959999,43.169998,28.943087,4723700,-,31.505096,29.630561,29.433182,29.177740,4374822.0
05/03/2010,43.880001,44.209999,43.650002,44.130001,29.586710,2551100,-,31.527072,29.650943,29.497210,29.241433,4344878.0
04/30/2010,43.389999,43.889999,43.310001,43.590000,29.224672,5342500,-,31.547485,29.661000,29.506261,29.204559,4370834.0
04/29/2010,43.500000,43.750000,43.130001,43.259998,29.003424,3994300,-,31.568832,29.672665,29.529392,29.206571,4346968.0
04/28/2010,43.139999,43.549999,42.799999,43.380001,29.083876,8886900,-,31.586163,29.682454,29.547830,29.283673,4324144.0
04/27/2010,43.540001,43.669998,42.840000,42.849998,28.728544,5365700,-,31.601309,29.693449,29.567273,29.360774,4227940.0
04/26/2010,44.000000,44.470001,43.560001,43.619999,29.244789,6001300,-,31.614374,29.699484,29.603141,29.475422,4226382.0
04/23/2010,43.400002,43.990002,42.779999,43.950001,29.466036,7397900,-,31.625182,29.700825,29.588727,29.539784,4234096.0
04/22/2010,43.639999,43.849998,43.169998,43.650002,29.264891,5433400,-,31.634138,29.698478,29.566602,29.560567,4174340.0
04/21/2010,43.919998,44.139999,43.520000,43.599998,29.231373,5988500,-,31.642609,29.699094,29.563585,29.612863,4155238.0
04/20/2010,43.980000,44.150002,43.709999,44.119999,29.580011,3478800,-,31.655234,29.694286,29.587386,29.688624,4096544.0
04/19/2010,43.610001,43.810001,43.349998,43.580002,29.217976,3898000,-,31.667381,29.688865,29.594091,29.752987,4243050.0
04/16/2010,43.990002,43.990002,43.310001,43.619999,29.244789,7193200,-,31.688437,29.697442,29.628954,29.807963,4346050.0
04/15/2010,44.279999,44.520000,43.849998,44.410000,29.774443,4153100,-,31.708225,29.718203,29.664152,29.852212,4361460.0
04/14/2010,44.500000,44.529999,44.230000,44.529999,29.854893,3267300,-,31.722998,29.734069,29.695662,29.811986,4353392.0
04/13/2010,44.630001,44.650002,43.950001,44.560001,29.875019,3818400,-,31.738082,29.744615,29.722815,29.773771,4374212.0
04/12/2010,44.389999,45.000000,44.389999,44.580002,29.888412,3092500,-,31.754038,29.751579,29.717451,29.730861,4413342.0
04/09/2010,44.410000,44.410000,43.950001,44.259998,29.673866,3092200,-,31.767171,29.762780,29.703372,29.637669,4430912.0
04/08/2010,44.840000,44.840000,44.279999,44.430000,29.787849,2671600,-,31.779140,29.782511,29.725832,29.572636,4491142.0
04/07/2010,45.000000,45.040001,44.549999,44.730000,29.988983,3253600,-,31.789016,29.804203,29.748627,29.514307,4594074.0
04/06/2010,44.220001,45.099998,44.110001,45.080002,30.223642,3636500,-,31.800966,29.815115,29.756672,29.486148,4639756.0
04/05/2010,44.439999,44.619999,44.099998,44.400002,29.767735,2630800,-,31.813428,29.828224,29.765053,29.435194,4707932.0
04/01/2010,43.990002,44.779999,43.849998,44.279999,29.687281,3300200,-,31.821588,29.869531,29.801927,29.449944,4800574.0
03/31/2010,43.799999,44.000000,43.560001,43.810001,29.372183,2714500,-,31.831772,29.917746,29.816677,29.476091,4921708.0
03/30/2010,43.959999,44.189999,43.810001,43.959999,29.472738,2793900,-,31.844375,29.983129,29.838801,29.579338,4962030.0
03/29/2010,43.500000,43.930000,43.310001,43.919998,29.445921,3086100,-,31.860980,30.037624,29.851540,29.671860,5033148.0
03/26/2010,43.259998,43.380001,42.970001,43.189999,28.956490,3129100,-,31.876261,30.099014,29.869641,29.704041,5083662.0
03/25/2010,43.610001,43.840000,43.049999,43.290001,29.023537,6220800,-,31.894638,30.177879,29.873329,29.769075,5093416.0
03/24/2010,44.439999,44.439999,43.500000,43.560001,29.204565,5892600,-,31.904736,30.247585,29.890762,29.879028,5061338.0
03/23/2010,44.259998,44.509998,44.029999,44.310001,29.707394,5690800,-,31.912536,30.310888,29.905846,29.982946,5045378.0
03/22/2010,44.549999,44.970001,44.230000,44.320000,29.714098,4036100,-,31.921096,30.356714,29.900147,30.027196,5033368.0
03/19/2010,44.619999,44.900002,44.250000,44.619999,29.915234,5504500,-,31.929006,30.405453,29.912550,30.094911,5055186.0
03/18/2010,45.080002,45.240002,44.470001,44.669998,29.948751,4298800,-,31.931307,30.448050,29.921266,30.153910,5026876.0
03/17/2010,45.540001,45.560001,45.139999,45.349998,30.404652,3612900,-,31.938952,30.486134,29.914226,30.157263,5045348.0
03/16/2010,44.419998,45.419998,44.419998,45.340000,30.397955,4960100,-,31.946652,30.525700,29.868637,30.098264,5060442.0
03/15/2010,44.240002,44.419998,44.020000,44.400002,29.767735,3190100,-,31.950300,30.565268,29.830421,30.031220,4999006.0
03/12/2010,44.950001,45.000000,44.040001,44.160000,29.606831,4897200,-,31.956710,30.624462,29.793547,30.035242,4984020.0
03/11/2010,45.259998,45.400002,44.750000,44.930000,30.123066,3446500,-,31.961493,30.685814,29.778797,29.977584,4941686.0
03/10/2010,45.099998,45.290001,44.910000,45.110001,30.243748,4188400,-,31.966062,30.738035,29.740079,29.902495,4932434.0
03/09/2010,45.470001,45.470001,44.790001,44.970001,30.149893,3876200,-,31.966040,30.789299,29.692677,29.828747,4863518.0
03/08/2010,45.599998,45.750000,45.169998,45.330002,30.391249,2736100,-,31.964153,30.840717,29.634731,29.773098,4841130.0
03/05/2010,44.939999,45.570000,44.919998,45.500000,30.505222,4107300,-,31.962518,30.883466,29.580617,29.730190,4868338.0
03/04/2010,44.639999,44.790001,44.310001,44.720001,29.982283,4064200,-,31.962778,30.928308,29.537697,29.688622,4872670.0
03/03/2010,44.490002,44.849998,44.330002,44.470001,29.814661,3945300,-,31.962215,30.987717,29.552725,29.671189,4892462.0
03/02/2010,44.549999,44.790001,44.180000,44.340000,29.727512,5345800,-,31.966219,31.047960,29.590378,29.639009,4914810.0
03/01/2010,43.669998,44.700001,43.509998,44.459999,29.807953,5827500,-,31.976137,31.119354,29.623112,29.629623,4897594.0
02/26/2010,43.810001,43.959999,43.250000,43.299999,29.030249,4821300,-,31.986625,31.199606,29.643875,29.551852,4876778.0
02/25/2010,43.580002,43.869999,43.020000,43.810001,29.372183,4256900,-,32.005621,31.299785,29.714785,29.580011,4879958.0
02/24/2010,44.200001,44.380001,43.590000,44.009998,29.506262,5129700,-,32.020020,31.396173,29.779199,29.577663,4862076.0
02/23/2010,44.529999,44.689999,44.099998,44.139999,29.593407,3796900,-,32.033396,31.482327,29.847508,29.556608,4841044.0
02/22/2010,45.180000,45.180000,44.610001,44.689999,29.962164,3226500,-,32.040111,31.557065,29.894567,29.496364,4825022.0
02/19/2010,44.320000,45.090000,44.320000,44.880001,30.089548,3848900,-,32.041743,31.619923,29.940412,29.431044,4822872.0
02/18/2010,43.849998,44.560001,43.759998,44.459999,29.807953,4149200,-,32.043571,31.682751,30.027588,29.386773,4823438.0
02/17/2010,44.540001,44.540001,43.889999,43.990002,29.492861,2853100,-,32.047385,31.739816,30.142094,29.434261,4822930.0
02/16/2010,43.590000,44.270000,43.509998,44.200001,29.633648,4076700,-,32.050657,31.812591,30.299517,29.541746,4843054.0
02/12/2010,43.570000,43.599998,42.970001,43.299999,29.030249,5287800,-,32.050497,31.881887,30.427708,29.616602,4864684.0
02/11/2010,43.779999,43.830002,43.139999,43.720001,29.311836,6387000,-,32.052745,31.950796,30.601968,29.735898,4845506.0
02/10/2010,44.130001,44.410000,43.709999,44.299999,29.348707,4410100,-,32.051050,32.002943,30.781362,29.849560,4808588.0
02/09/2010,44.099998,44.590000,43.889999,44.220001,29.295712,4478300,-,32.051898,32.047463,30.939368,29.980734,4762320.0
02/08/2010,44.689999,44.740002,43.759998,43.759998,28.990963,3053800,-,32.048905,32.101390,31.093068,30.138408,4764270.0
02/05/2010,44.549999,44.650002,43.450001,44.240002,29.308960,10804100,-,32.050836,32.150018,31.243455,30.292769,4774246.0
02/04/2010,45.689999,45.689999,44.720001,44.750000,29.646839,9048000,-,32.050342,32.191888,31.385561,30.449781,4630164.0
02/03/2010,46.029999,46.029999,45.560001,45.709999,30.282835,7963700,-,32.049668,32.219183,31.505473,30.668404,4545550.0
02/02/2010,45.880001,46.349998,45.509998,46.139999,30.567713,3749700,-,32.044883,32.228193,31.583979,30.849926,4450812.0
02/01/2010,45.840000,46.450001,45.480000,45.860001,30.382206,4308300,-,32.040085,32.237997,31.674741,31.057288,4438372.0
01/29/2010,47.000000,47.200001,45.599998,45.619999,30.223206,5774900,-,32.034867,32.253897,31.774447,31.238814,4404478.0
01/28/2010,47.000000,47.000000,45.720001,45.959999,30.448456,3971000,-,32.034391,32.277615,31.899659,31.468038,4356184.0
01/27/2010,46.599998,46.599998,45.759998,46.279999,30.660450,6103700,-,32.031345,32.286227,32.010959,31.713164,4336634.0
01/26/2010,46.169998,46.799999,45.599998,46.599998,30.872448,7818200,-,32.029164,32.283445,32.114640,31.898003,4305578.0
01/25/2010,47.110001,47.189999,46.060001,46.090000,30.534580,5537700,-,32.028200,32.288745,32.211365,32.047729,4199902.0
01/22/2010,47.930000,48.029999,46.580002,46.610001,30.879080,7045300,-,32.029119,32.303452,32.320677,32.194141,4154864.0
01/21/2010,48.570000,48.959999,47.660000,48.049999,31.833065,7262900,-,32.026422,32.308554,32.403159,32.321340,4120384.0
01/20/2010,49.020000,49.070000,48.040001,48.450001,32.098061,9356900,-,32.020335,32.283830,32.448872,32.342541,4058754.0
01/19/2010,48.480000,49.279999,48.410000,49.270000,32.641331,4730600,-,32.015779,32.259704,32.491604,32.318031,3960018.0
01/15/2010,48.880001,49.009998,48.290001,48.599998,32.197464,6349800,-,32.002987,32.216981,32.500878,32.292193,3934580.0
01/14/2010,49.639999,49.650002,49.000000,49.080002,32.515450,5611800,-,31.987282,32.176976,32.555865,32.310079,3876970.0
01/13/2010,49.130001,49.880001,49.090000,49.660000,32.899712,3616800,-,31.970339,32.135067,32.621121,32.331280,3862718.0
01/12/2010,48.799999,49.389999,48.520000,49.070000,32.508839,4616900,-,31.949357,32.092417,32.678095,32.308754,3930162.0
01/11/2010,48.490002,49.080002,48.380001,48.860001,32.369709,5094600,-,31.933570,32.070165,32.762232,32.331278,3972442.0
01/08/2010,48.299999,48.490002,48.209999,48.299999,31.998705,5090300,-,31.918961,32.049122,32.834444,32.375002,3963416.0
01/07/2010,48.119999,48.619999,48.119999,48.529999,32.151070,5127000,-,31.902067,32.041790,32.901025,32.447213,3942412.0
01/06/2010,48.070000,48.380001,47.540001,48.369999,32.045074,4089000,-,31.884443,32.035603,32.948726,32.484977,3936876.0
01/05/2010,48.939999,48.939999,47.689999,48.080002,31.852955,5222400,-,31.870815,32.048178,33.008019,32.555202,3948808.0
01/04/2010,49.070000,49.209999,48.770000,48.880001,32.382954,4367600,-,31.851955,32.077306,33.048432,32.665176,3933426.0
12/31/2009,49.389999,49.570000,48.840000,48.869999,32.376328,1888300,-,31.833814,32.085482,33.085863,32.709563,3934888.0
12/30/2009,49.250000,49.490002,49.230000,49.400002,32.727459,2440800,-,31.814935,32.090383,33.121969,32.801650,3975614.0
12/29/2009,49.459999,49.740002,49.320000,49.320000,32.674446,2780500,-,31.792794,32.103593,33.109381,32.910962,4004550.0
12/28/2009,49.689999,49.869999,49.139999,49.410000,32.734081,2983900,-,31.768093,32.106594,33.071619,33.047437,4054306.0
12/24/2009,49.369999,49.799999,49.369999,49.520000,32.806946,742600,-,31.739245,32.108141,33.013650,33.193186,4073166.0
12/23/2009,49.119999,49.540001,49.009998,49.389999,32.720818,2756800,-,31.707978,32.100106,32.972907,33.293887,4160614.0
12/22/2009,49.610001,49.830002,49.029999,49.099998,32.528709,4096500,-,31.673196,32.093007,32.907983,33.354838,4163854.0
12/21/2009,49.939999,50.060001,49.220001,49.430000,32.747330,4323900,-,31.647139,32.092240,32.851670,33.412474,4162746.0
12/18/2009,49.880001,50.130001,49.290001,49.740002,32.952694,5053800,-,31.624064,32.084873,32.764883,33.460836,4143144.0
12/17/2009,49.939999,50.020000,48.639999,49.549999,32.826820,5062700,-,31.602560,32.067502,32.653915,33.431687,4118604.0
12/16/2009,51.369999,51.369999,50.180000,50.259998,33.297199,4485000,-,31.580114,32.047539,32.565471,33.462162,4071200.0
12/15/2009,51.349998,51.480000,50.880001,51.049999,33.820576,4786700,-,31.560514,32.019347,32.459472,33.442288,4052570.0
12/14/2009,51.889999,51.980000,51.099998,51.380001,34.039196,4980300,-,31.534704,31.974266,32.338897,33.307801,4025568.0
12/11/2009,51.360001,51.799999,50.889999,51.610001,34.191570,3362800,-,31.513639,31.922193,32.180891,33.095802,4024090.0
12/10/2009,50.610001,51.259998,50.529999,51.040001,33.813953,4078100,-,31.494188,31.873755,31.997378,32.834114,4030006.0
12/09/2009,50.009998,50.310001,49.759998,50.310001,33.330330,2995800,-,31.478742,31.847676,31.863553,32.651928,4035854.0
12/08/2009,50.000000,50.330002,49.570000,49.970001,33.105072,3119000,-,31.468313,31.837560,31.760535,32.461128,4021582.0
12/07/2009,49.680000,50.610001,49.529999,50.160000,33.230949,3877200,-,31.459042,31.833521,31.661989,32.290866,3993538.0
12/04/2009,50.380001,50.820000,48.750000,49.299999,32.661201,4123800,-,31.441505,31.822247,31.530286,32.068930,3966218.0
12/03/2009,49.990002,50.500000,49.500000,50.009998,33.131577,3859300,-,31.432016,31.826168,31.441812,31.876143,3952312.0
12/02/2009,49.520000,50.000000,49.020000,49.959999,33.098457,5158200,-,31.425757,31.825399,31.310492,31.668780,3946378.0
12/01/2009,48.279999,49.299999,48.279999,49.020000,32.475700,4328900,-,31.417835,31.834597,31.165431,31.476655,3916546.0
11/30/2009,48.080002,48.250000,47.669998,48.180000,31.919205,4541100,-,31.417229,31.852580,31.062646,31.369993,3884188.0
11/27/2009,47.509998,48.070000,47.240002,47.660000,31.574694,2096700,-,31.429899,31.887327,31.005047,31.265981,3877096.0
11/25/2009,47.529999,48.509998,47.340000,48.290001,31.992090,4575800,-,31.444643,31.934731,30.996123,31.160643,3940912.0
11/24/2009,47.400002,47.599998,47.119999,47.430000,31.422335,3552600,-,31.463333,31.969593,30.962398,31.075179,3963072.0
11/23/2009,47.169998,47.650002,47.060001,47.400002,31.402452,3600000,-,31.484214,31.998160,30.972885,31.059942,3999386.0
11/20/2009,46.380001,46.980000,46.180000,46.810001,31.011585,4817300,-,31.509739,32.015594,30.994850,31.033111,4006694.0
11/19/2009,46.759998,46.799999,46.160000,46.389999,30.733335,3226800,-,31.538426,32.029445,31.077962,30.991642,3984914.0
11/18/2009,46.959999,47.189999,46.750000,46.880001,31.057947,3127700,-,31.566280,32.052662,31.206761,31.007481,4005894.0
11/17/2009,47.450001,47.450001,46.740002,47.060001,31.177210,2613600,-,31.594322,32.068993,31.293451,30.952204,4002742.0
11/16/2009,46.959999,47.500000,46.930000,47.410000,31.409079,3360200,-,31.618876,32.084118,31.365660,30.854206,4023384.0
11/13/2009,46.250000,46.950001,46.150002,46.610001,30.879080,2993500,-,31.637598,32.091460,31.464605,30.755298,4018320.0
11/12/2009,47.049999,47.230000,46.009998,46.070000,30.521317,4550900,-,31.655538,32.112286,31.561876,30.744114,4035324.0
11/11/2009,47.540001,47.540001,46.919998,47.000000,31.137453,2534400,-,31.682131,32.139219,31.676380,30.831604,4035550.0
11/10/2009,47.080002,47.509998,46.849998,47.200001,31.269958,3285800,-,31.708378,32.164049,31.739767,30.849617,4067682.0
11/09/2009,47.169998,47.580002,46.779999,47.520000,31.134148,5321300,-,31.728240,32.194092,31.794563,30.885828,4057292.0
11/06/2009,46.990002,47.439999,46.540001,46.700001,30.596895,4181400,-,31.752183,32.233272,31.862375,30.956588,3996994.0
11/05/2009,46.750000,47.630001,46.619999,47.150002,30.891720,4420100,-,31.772900,32.284244,31.951479,31.164281,3985322.0
11/04/2009,46.279999,47.060001,46.230000,46.560001,30.505180,3458700,-,31.789695,32.329714,32.011100,31.406042,3968330.0
11/03/2009,46.250000,46.430000,45.900002,46.090000,30.197235,3469300,-,31.806103,32.386190,32.077273,31.634698,3975892.0
11/02/2009,47.160000,47.160000,46.090000,46.430000,30.419996,4899200,-,31.822462,32.453018,32.161792,31.877114,3968194.0
10/30/2009,47.840000,47.900002,46.430000,46.959999,30.767239,6989000,-,31.844540,32.514736,32.219120,32.173911,3996966.0
10/29/2009,48.020000,48.090000,47.369999,47.919998,31.396212,6730900,-,31.859288,32.546709,32.252534,32.379638,3928776.0
10/28/2009,48.369999,48.830002,47.650002,47.799999,31.317583,4643300,-,31.869969,32.565185,32.271207,32.521157,3879496.0
10/27/2009,48.590000,48.930000,48.160000,48.279999,31.632076,4040100,-,31.882633,32.583793,32.330829,32.629918,3827144.0
10/26/2009,49.910000,50.259998,48.480000,48.599998,31.841747,4850200,-,31.898015,32.596765,32.390450,32.703299,3789432.0
10/23/2009,50.599998,50.919998,49.680000,49.869999,32.673820,4685600,-,31.910982,32.614848,32.443519,32.768161,3746632.0
10/22/2009,50.070000,50.880001,50.000000,50.840000,33.309326,4453300,-,31.923540,32.621138,32.443191,32.738678,3705412.0
10/21/2009,49.790001,50.650002,49.660000,50.049999,32.791748,4440700,-,31.932506,32.610000,32.420588,32.616159,3668168.0
10/20/2009,51.090000,51.169998,49.759998,49.790001,32.621391,3924600,-,31.951053,32.607838,32.435658,32.519848,3626298.0
10/19/2009,50.090000,51.160000,50.009998,50.959999,33.387966,3887600,-,31.970198,32.609213,32.482504,32.446469,3592146.0
10/16/2009,49.750000,50.490002,49.430000,50.099998,32.824509,5268300,-,31.984969,32.590328,32.481848,32.264329,3566422.0
10/15/2009,49.450001,50.080002,49.259998,50.080002,32.811401,3926900,-,31.997599,32.577137,32.523452,32.125430,3549296.0
10/14/2009,49.750000,50.189999,49.110001,49.459999,32.405190,5115000,-,32.006608,32.568358,32.580125,32.021257,3554386.0
10/13/2009,49.389999,49.610001,49.139999,49.400002,32.365887,2918800,-,32.011673,32.580540,32.646625,32.031740,3510916.0
10/12/2009,49.650002,50.099998,49.250000,49.590000,32.490372,4041100,-,32.017315,32.599992,32.670867,32.077602,3528424.0
10/09/2009,49.000000,49.630001,48.950001,49.419998,32.378986,3343800,-,32.021699,32.609693,32.660056,32.118877,3527592.0
10/08/2009,49.049999,49.090000,48.380001,48.970001,32.084145,3826800,-,32.023907,32.633940,32.626313,32.147705,3535894.0
10/07/2009,48.810001,49.160000,48.220001,48.580002,31.828638,2692500,-,32.026889,32.658119,32.616813,32.225017,3543318.0
10/06/2009,48.590000,49.060001,48.220001,48.669998,31.887600,3553500,-,32.035282,32.696096,32.619106,32.351467,3583728.0
10/05/2009,48.240002,48.349998,47.580002,48.180000,31.566563,3436600,-,32.042966,32.742101,32.621400,32.518538,3624752.0
10/02/2009,48.270000,48.389999,47.779999,47.980000,31.435522,4906400,-,32.053908,32.816700,32.631882,32.699368,3649044.0
10/01/2009,49.549999,49.790001,48.490002,48.490002,31.769665,3658600,-,32.073833,32.888603,32.656124,32.921473,3650210.0
09/30/2009,50.049999,50.150002,49.200001,49.619999,32.510021,4370500,-,32.085158,32.935410,32.661038,33.138993,3655398.0
09/29/2009,50.419998,50.560001,49.790001,50.099998,32.824509,2282200,-,32.096500,32.976747,32.654486,33.261511,3725168.0
09/28/2009,49.900002,50.660000,49.709999,50.220001,32.903122,1716800,-,32.105729,32.995196,32.651865,33.264131,3752568.0
09/25/2009,50.000000,50.270000,49.750000,49.860001,32.667267,2511200,-,32.118634,33.003903,32.661366,33.201234,3780824.0
09/24/2009,50.490002,50.840000,50.060001,50.150002,32.857265,3428500,-,32.123945,33.023940,32.685279,33.104922,3791732.0
09/23/2009,51.250000,51.360001,50.410000,50.509998,33.093132,3562600,-,32.134473,33.036677,32.700675,33.008610,3833664.0
09/22/2009,50.549999,51.599998,50.549999,51.220001,33.558311,3666600,-,32.137559,33.024208,32.712468,32.886746,3834834.0
09/21/2009,51.160000,51.310001,50.529999,50.939999,33.374863,2711000,-,32.133680,32.995303,32.711485,32.724261,3841676.0
09/18/2009,51.980000,52.180000,51.299999,51.369999,33.656578,4186500,-,32.141969,32.954637,32.718037,32.564397,3866320.0
09/17/2009,51.320000,52.230000,51.299999,51.810001,33.944866,5287500,-,32.142811,32.909633,32.653502,32.390775,3849914.0
09/16/2009,50.400002,51.650002,50.000000,51.490002,33.735195,5683800,-,32.136045,32.855881,32.572260,32.183082,3837904.0
09/15/2009,49.360001,50.279999,49.000000,50.139999,32.850712,5368300,-,32.146028,32.800357,32.497898,32.047462,3818844.0
09/14/2009,48.250000,49.389999,48.000000,49.259998,32.274155,3965400,-,32.156684,32.778473,32.469398,32.039599,3803228.0
09/11/2009,48.720001,48.939999,48.330002,48.389999,31.704140,3728300,-,32.166567,32.773176,32.492984,32.121497,3873762.0
09/10/2009,48.750000,49.029999,48.230000,48.680000,31.894144,4275800,-,32.176853,32.807679,32.557192,32.265637,3873228.0
09/09/2009,48.880001,49.130001,48.529999,48.650002,31.874500,2970100,-,32.176304,32.833843,32.600108,32.392741,3941280.0
09/08/2009,48.759998,49.119999,48.520000,48.740002,31.933462,3645700,-,32.159962,32.850933,32.640565,32.538190,3995158.0
09/04/2009,48.830002,49.090000,48.189999,48.500000,31.776215,3107000,-,32.156769,32.869697,32.678398,32.698709,4052396.0
09/03/2009,49.000000,49.200001,48.320000,48.720001,31.920361,3843700,-,32.160369,32.895496,32.711775,32.871677,4180366.0
09/02/2009,49.259998,49.490002,48.630001,48.639999,31.867941,4562200,-,32.163058,32.907391,32.724004,32.916230,4183260.0
09/01/2009,49.759998,50.439999,49.169998,49.419998,32.378986,4141000,-,32.164452,32.911386,32.749229,32.961438,4184596.0
08/31/2009,50.230000,50.439999,49.810001,50.020000,32.772087,2766300,-,32.179214,32.899066,32.780994,32.948334,4159262.0
08/28/2009,50.830002,50.830002,50.110001,50.509998,33.093132,2306400,-,32.176087,32.891203,32.809314,32.899197,4200220.0
08/27/2009,50.810001,50.869999,50.080002,50.590000,33.145538,3597800,-,32.175789,32.883661,32.803428,32.864472,4239166.0
08/26/2009,50.680000,50.980000,50.209999,50.619999,33.165188,3570500,-,32.168935,32.848748,32.825718,32.848748,4235904.0
08/25/2009,51.279999,51.529999,50.799999,50.869999,33.328991,3836800,-,32.172462,32.819926,32.832113,32.807474,4227056.0
08/24/2009,51.619999,51.830002,50.959999,51.189999,33.538654,3084400,-,32.165037,32.791199,32.852038,32.742939,4217158.0
08/21/2009,49.830002,51.389999,49.619999,51.139999,33.505894,6337800,-,32.166728,32.776303,32.884497,32.658087,4225780.0
08/20/2009,49.450001,49.500000,48.689999,49.400002,32.365887,3579500,-,32.179721,32.756227,32.974029,32.551872,4225224.0
08/19/2009,48.919998,49.700001,48.599998,49.330002,32.320023,4266900,-,32.184821,32.761545,33.107269,32.531778,4293708.0
08/18/2009,49.380001,49.380001,48.740002,49.220001,32.247948,2025700,-,32.193895,32.736010,33.196769,32.537019,4255512.0
08/17/2009,49.529999,49.970001,48.730000,49.270000,32.280712,2154500,-,32.204494,32.706342,33.313214,32.613654,4265850.0
08/14/2009,50.049999,50.680000,49.259998,49.980000,32.745884,2710200,-,32.206275,32.689114,33.386526,32.719431,4285834.0
08/13/2009,49.970001,50.439999,49.380001,50.349998,32.988300,2624600,-,32.214352,32.660120,33.416156,32.742383,4308842.0
08/12/2009,50.000000,50.389999,49.520000,49.990002,32.752449,2591100,-,32.197712,32.607864,33.450198,32.802688,4341934.0
08/11/2009,50.330002,50.650002,49.810001,50.410000,32.683640,2347200,-,32.186720,32.582369,33.487280,32.856752,4381568.0
08/10/2009,49.770000,50.480000,49.419998,50.419998,32.690132,2217000,-,32.180256,32.567587,33.476582,32.961138,4445006.0
08/07/2009,49.930000,50.400002,49.520000,50.040001,32.443745,2601400,-,32.175113,32.536336,33.447730,33.110908,4492982.0
08/06/2009,50.049999,50.279999,49.070000,49.610001,32.164951,4412000,-,32.180831,32.508456,33.392620,33.396186,4528186.0
08/05/2009,50.970001,51.110001,49.580002,49.930000,32.372433,4181400,-,32.191782,32.476428,33.354691,33.682759,4521826.0
08/04/2009,51.139999,51.450001,50.639999,50.919998,33.014297,2941500,-,32.201412,32.449715,33.298932,33.856519,4516276.0
08/03/2009,51.330002,51.529999,50.840000,51.419998,33.338474,3794200,-,32.199588,32.394216,33.196167,34.012774,4518516.0
07/31/2009,51.520000,52.169998,50.709999,50.860001,32.975410,3999500,-,32.190794,32.322897,33.117068,34.053622,4512942.0
07/30/2009,51.919998,52.570000,51.389999,51.810001,33.591351,3758900,-,32.200965,32.264675,33.068765,34.089928,4509288.0
07/29/2009,51.799999,51.990002,50.860001,51.349998,33.293091,4198000,-,32.207741,32.203988,33.060660,34.097707,4521936.0
07/28/2009,52.509998,52.730000,51.299999,52.020000,33.727493,4713000,-,32.190364,32.135522,33.056122,34.117807,4545822.0
07/27/2009,53.680000,54.439999,52.160000,52.730000,34.187836,5604700,-,32.173300,32.073280,33.006199,33.992026,4560042.0
07/24/2009,54.139999,54.470001,52.889999,54.439999,35.296520,4651200,-,32.163690,32.023745,32.940391,33.784552,4519022.0
07/23/2009,52.500000,54.450001,52.000000,54.029999,35.030689,4964700,-,32.155552,31.955927,32.828874,33.389054,4545440.0
07/22/2009,53.009998,53.439999,52.009998,52.610001,34.110027,3918000,-,32.157870,31.911904,32.703092,33.026622,4519734.0
07/21/2009,51.459999,53.660000,51.459999,53.330002,34.576843,7859000,-,32.176716,31.874743,32.600976,32.741345,4507322.0
07/20/2009,51.700001,52.060001,51.009998,52.049999,33.746956,3652200,-,32.191215,31.826834,32.460284,32.379561,4485592.0
07/17/2009,51.799999,52.090000,50.660000,51.419998,33.338474,3129600,-,32.219303,31.770625,32.391882,32.180515,4523936.0
07/16/2009,51.529999,52.080002,50.889999,51.930000,33.669140,3056600,-,32.249653,31.709623,32.360761,32.047603,4545470.0
07/15/2009,50.590000,51.730000,50.349998,51.660000,33.494087,5525100,-,32.273756,31.645345,32.247299,32.023614,4542006.0
07/14/2009,49.700001,50.189999,49.160000,50.080002,32.469688,3621100,-,32.317614,31.586878,32.158798,31.994438,4521242.0
07/13/2009,48.560001,49.770000,48.250000,49.529999,32.113091,4008700,-,32.370465,31.540428,32.129945,32.020373,4538132.0
07/10/2009,48.259998,48.799999,47.299999,48.340000,31.341539,3943200,-,32.419151,31.490201,32.163984,32.096231,4553968.0
07/09/2009,48.889999,49.169998,47.889999,48.439999,31.406378,3366200,-,32.473646,31.452967,32.222013,32.268694,4542526.0
07/08/2009,48.570000,48.889999,47.759998,48.209999,31.257254,4687000,-,32.531562,31.404297,32.283282,32.379563,4541394.0
07/07/2009,48.990002,49.160000,47.560001,47.750000,30.959007,4730800,-,32.589059,31.369519,32.272584,32.460608,4525888.0
07/06/2009,48.990002,49.299999,47.930000,48.980000,31.756493,4587500,-,32.635491,31.324278,32.262860,32.541006,4520834.0
07/02/2009,51.000000,51.000000,48.939999,49.369999,32.009350,7492100,-,32.671895,31.276691,32.246002,32.603249,4496940.0
07/01/2009,51.570000,52.160000,51.220001,51.560001,33.429249,3701600,-,32.718300,31.220711,32.210343,32.673920,4418092.0
06/30/2009,50.570000,51.380001,50.279999,51.209999,33.202335,7678400,-,32.760720,31.142364,32.057655,32.470984,4409976.0
06/29/2009,51.000000,51.060001,50.090000,50.480000,32.729031,5664000,-,32.809908,31.064834,31.971424,32.323157,4335480.0
06/26/2009,51.070000,51.279999,50.500000,50.700001,32.871677,6507600,-,32.856395,31.002417,31.932198,32.239518,4320276.0
06/25/2009,49.860001,51.419998,49.540001,51.000000,33.066162,9505500,-,32.894146,30.931757,31.844994,32.231737,4299802.0
06/24/2009,49.430000,50.230000,49.389999,50.150002,32.515068,3988400,-,32.925575,30.872993,31.744174,32.175332,4187026.0
06/23/2009,48.990002,49.959999,48.419998,49.459999,32.067703,4629000,-,32.972094,30.819475,31.646597,32.187002,4171604.0
06/22/2009,49.419998,49.900002,48.930000,48.990002,31.762989,2874300,-,33.016193,30.782605,31.595052,32.084561,4136712.0
06/19/2009,50.820000,51.000000,49.599998,49.939999,32.378929,4814200,-,33.079594,30.760942,31.518870,31.984714,4137416.0
06/18/2009,49.389999,50.680000,49.150002,50.459999,32.716053,4253700,-,33.143975,30.727730,31.388550,31.888755,4094902.0
06/17/2009,49.060001,49.360001,48.150002,48.430000,31.399893,3434700,-,33.213498,30.680203,31.255962,31.746766,4060108.0
06/16/2009,49.259998,49.880001,48.680000,48.930000,31.724064,3128100,-,33.295518,30.664518,31.213819,31.644326,4073486.0
06/15/2009,50.410000,50.459999,48.439999,49.189999,31.892639,3341900,-,33.379629,30.653772,31.121104,31.619690,4102966.0
06/12/2009,50.040001,51.090000,49.279999,50.580002,32.793873,3515500,-,33.463591,30.617580,31.057242,31.624879,4134704.0
06/11/2009,50.139999,51.209999,50.009998,50.130001,32.502106,6310000,-,33.538987,30.542829,31.003103,31.458250,4125418.0
06/10/2009,48.419998,50.610001,48.419998,50.330002,32.631767,7003700,-,33.612034,30.475325,30.973279,31.313017,4076948.0
06/09/2009,47.700001,48.320000,47.560001,47.880001,31.043301,2357100,-,33.687705,30.396757,30.983167,31.106192,4008184.0
06/08/2009,48.389999,48.389999,46.900002,47.450001,30.764511,2542600,-,33.774309,30.362921,31.043601,31.105544,4025056.0
06/05/2009,48.660000,49.119999,47.669998,48.459999,31.419346,3153700,-,33.854187,30.336585,31.114446,31.053027,4054042.0
06/04/2009,47.279999,48.520000,47.099998,48.270000,31.296164,3860600,-,33.929093,30.280598,31.090303,30.888344,4079852.0
06/03/2009,48.150002,48.450001,46.230000,46.849998,30.375494,4279200,-,34.003544,30.227202,31.039914,30.765157,4080520.0
06/02/2009,49.049999,49.779999,48.470001,48.549999,31.477703,4572800,-,34.082599,30.206080,31.043900,30.783311,4077962.0
06/01/2009,48.580002,49.730000,48.130001,49.270000,31.944527,5519100,-,34.157118,30.138144,30.998551,30.622518,4095878.0
05/29/2009,48.250000,48.470001,47.380001,48.009998,31.127581,4615800,-,34.233016,30.074348,30.908686,30.489604,4087140.0
05/28/2009,47.549999,48.520000,47.240002,47.889999,31.049778,4361600,-,34.308940,30.023810,30.832394,30.547956,4108550.0
05/27/2009,47.799999,48.250000,46.930000,47.139999,30.563520,4094000,-,34.384659,29.968797,30.753897,30.633541,4113410.0
05/26/2009,46.740002,48.040001,45.700001,47.869999,31.036812,3903900,-,34.464653,29.912214,30.674365,30.860141,4154990.0
05/22/2009,45.939999,47.279999,45.900002,46.639999,30.239342,3053500,-,34.544156,29.830765,30.598442,30.981659,4185240.0
05/21/2009,45.849998,46.009998,45.299999,45.919998,29.772524,3515500,-,34.627021,29.757052,30.521323,31.175865,4302748.0
05/20/2009,47.580002,47.580002,46.230000,46.369999,30.064293,3816800,-,34.711189,29.676889,30.501554,31.292262,4489880.0
05/19/2009,45.900002,47.520000,45.790001,47.130001,30.557034,4391300,-,34.790429,29.621949,30.458856,31.314671,4627392.0
05/18/2009,47.209999,47.700001,45.529999,46.070000,29.869774,5392300,-,34.873425,29.573453,30.406600,31.304490,4613444.0
05/15/2009,48.580002,48.599998,46.150002,47.220001,30.615385,5424000,-,34.969795,29.549099,30.379403,31.374585,4622614.0
05/14/2009,49.340000,49.830002,48.400002,48.910000,31.711103,3553700,-,35.067001,29.503543,30.329043,31.327767,4638854.0
05/13/2009,49.950001,50.110001,48.840000,49.209999,31.905621,5972100,-,35.158072,29.456864,30.210421,31.116832,4685648.0
05/12/2009,50.500000,51.459999,50.029999,51.160000,32.829521,3679400,-,35.246858,29.391921,30.121537,30.874253,4656854.0
05/11/2009,49.630001,50.779999,49.509998,50.259998,32.251995,3297400,-,35.334837,29.331857,29.972021,30.488590,4691700.0
05/08/2009,48.680000,51.369999,48.580002,50.150002,32.181400,6772500,-,35.427454,29.292842,29.870631,30.215225,4731566.0
05/07/2009,47.619999,48.240002,46.770000,48.209999,30.936495,5569400,-,35.521674,29.263709,29.795552,29.866780,4674468.0
05/06/2009,47.970001,48.110001,46.889999,47.200001,30.288378,4206300,-,35.631339,29.269869,29.784644,29.710846,4654916.0
05/05/2009,47.360001,47.770000,47.029999,47.459999,30.455223,2883400,-,35.746088,29.289120,29.787210,29.603041,4674474.0
05/04/2009,47.369999,47.759998,46.660000,47.639999,30.570724,4486900,-,35.854533,29.274490,29.795232,29.508710,4710586.0
05/01/2009,46.240002,47.080002,45.959999,46.980000,30.147209,4465600,-,35.958588,29.278340,29.826034,29.384222,4731078.0
04/30/2009,46.459999,46.889999,45.450001,46.130001,29.601755,4800500,-,36.073106,29.312992,29.822826,29.330319,4719954.0
04/29/2009,45.580002,46.389999,45.509998,45.939999,29.479826,3371100,-,36.198227,29.351237,29.795553,29.304009,4699624.0
04/28/2009,45.660000,46.049999,44.959999,45.150002,28.972895,3309600,-,36.327083,29.408734,29.777907,29.368822,4728118.0
04/27/2009,44.750000,46.360001,44.240002,46.000000,29.518341,3911700,-,36.465224,29.518337,29.764431,29.455451,4723730.0
04/24/2009,46.330002,46.419998,44.419998,44.720001,28.696955,4478100,-,36.604045,29.618442,29.756088,29.526038,4730498.0
04/23/2009,45.330002,46.169998,44.650002,45.779999,29.377157,3392800,-,36.741409,29.759104,29.793628,29.724325,4703852.0
04/22/2009,45.689999,46.270000,45.279999,45.520000,29.210320,3549700,-,36.872810,29.883530,29.755767,29.858441,4722978.0
04/21/2009,45.560001,46.169998,45.330002,45.990002,29.511921,3295800,-,37.007764,30.029474,29.726570,29.971380,4705072.0
04/20/2009,45.500000,46.070000,45.200001,45.700001,29.325840,3953600,-,37.142929,30.174217,29.716944,30.081754,4714182.0
04/17/2009,45.980000,46.520000,45.259998,46.139999,29.608179,4903800,-,37.279274,30.313782,29.654698,30.267847,4755390.0
04/16/2009,47.340000,47.340000,45.250000,45.720001,29.338661,5483900,-,37.413614,30.454947,29.612025,30.315332,4731592.0
04/15/2009,46.459999,48.169998,45.290001,46.950001,30.127951,3866700,-,37.548083,30.589932,29.575127,30.287098,4689446.0
04/14/2009,47.090000,47.189999,46.299999,46.500000,29.839188,3217300,-,37.669353,30.690443,29.483684,30.186992,4698108.0
04/13/2009,47.740002,47.740002,46.610001,47.099998,30.224205,2884400,-,37.793412,30.782999,29.378445,30.073410,4734562.0
04/09/2009,48.820000,49.549999,47.009998,47.810001,30.679825,2909500,-,37.924078,30.895315,29.215452,29.986138,4745614.0
04/08/2009,47.310001,47.970001,46.799999,47.869999,30.718319,2688500,-,38.054841,31.009453,29.009144,29.862931,4761236.0
04/07/2009,46.849998,47.750000,46.490002,47.279999,30.339716,2514000,-,38.185412,31.099936,28.761447,29.653094,4801832.0
04/06/2009,48.230000,48.900002,47.380001,47.709999,30.615654,4103600,-,38.313656,31.211596,28.610326,29.481759,4832846.0
04/03/2009,46.770000,48.830002,46.750000,48.599998,31.186771,4602100,-,38.443271,31.294089,28.486156,29.352134,4824524.0
04/02/2009,46.119999,47.799999,45.520000,46.880001,30.083033,4928800,-,38.568936,31.355369,28.359420,29.041549,4811592.0
04/01/2009,44.889999,45.860001,44.549999,45.279999,29.056314,3051200,-,38.697402,31.429444,28.272149,28.908717,4811726.0
03/31/2009,45.029999,46.110001,44.790001,45.389999,29.126896,3886500,-,38.830656,31.517696,28.288191,28.863156,4834338.0
03/30/2009,44.709999,45.330002,43.009998,44.730000,28.703365,3565500,-,38.965527,31.631871,28.264769,28.780376,4827270.0
03/27/2009,45.380001,46.060001,44.369999,45.740002,29.351488,3200700,-,39.096109,31.732141,28.320918,28.683480,4835074.0
03/26/2009,45.000000,46.029999,44.439999,45.889999,29.447750,3991900,-,39.223044,31.815761,28.368404,28.444766,4854494.0
03/25/2009,45.119999,45.799999,44.000000,44.599998,28.619953,4444200,-,39.353466,31.903813,28.432254,28.155357,4861548.0
03/24/2009,45.040001,46.000000,44.590000,44.610001,28.626364,3894000,-,39.487247,32.025584,28.563483,27.869799,4830510.0
03/23/2009,44.639999,45.770000,44.029999,45.689999,29.319407,4151300,-,39.617307,32.141760,28.694711,27.738893,4808724.0
03/20/2009,44.860001,45.070000,43.570000,43.759998,28.080921,5468600,-,39.751028,32.259078,28.714925,27.620178,4822260.0
03/19/2009,44.980000,45.099998,43.500000,44.810001,28.754711,5082200,-,39.884253,32.399512,28.849040,27.677290,4779768.0
03/18/2009,43.900002,44.919998,42.529999,44.570000,28.600700,5686300,-,40.011765,32.554441,29.005295,27.635581,4751620.0
03/17/2009,43.349998,44.139999,42.750000,44.099998,28.299101,4604600,-,40.141547,32.711433,29.150961,27.713226,4690912.0
03/16/2009,42.110001,44.139999,41.529999,43.220001,27.734402,6173000,-,40.275087,32.872295,29.353740,27.749161,4651224.0
03/13/2009,41.830002,42.240002,41.160000,42.020000,26.964352,5416400,-,40.415796,33.024618,29.689672,27.958356,4605112.0
03/12/2009,40.049999,41.500000,39.590000,41.380001,26.553661,8928900,-,40.558573,33.177594,30.067635,28.292043,4559716.0
03/11/2009,42.009998,42.540001,38.410000,40.150002,25.764374,12872100,-,40.708310,33.314883,30.526453,28.709151,4421954.0
03/10/2009,44.790001,46.000000,42.259998,42.570000,27.317299,10692400,-,40.855556,33.469482,31.018158,29.257166,4187810.0
03/09/2009,44.209999,45.009998,43.250000,43.840000,28.132259,3693900,-,41.000506,33.590481,31.477668,29.650529,3985854.0
03/06/2009,44.540001,46.000000,43.290001,44.650002,28.652044,5850800,-,41.140069,33.684246,31.908509,29.809671,3978714.0
03/05/2009,45.360001,45.360001,43.490002,44.160000,28.337614,6236000,-,41.273158,33.764818,32.291111,30.020790,3925812.0
03/04/2009,44.990002,46.470001,44.880001,45.779999,29.377157,5893400,-,41.400817,33.868207,32.707551,30.375010,3895630.0
03/03/2009,46.930000,47.540001,44.570000,44.660000,28.658447,4532400,-,41.519779,33.949152,33.043091,30.588696,3866106.0
03/02/2009,46.240002,47.509998,46.169998,46.480000,29.826357,5421700,-,41.639865,34.051083,33.367844,30.958319,3838134.0
02/27/2009,47.070000,48.139999,46.000000,47.220001,30.301212,5290700,-,41.754549,34.162966,33.599873,31.420987,3819786.0
02/26/2009,49.150002,49.900002,47.689999,47.880001,30.724747,3917600,-,41.863827,34.237635,33.876815,31.843228,3778134.0
02/25/2009,48.520000,49.549999,47.779999,48.689999,31.244522,4591800,-,41.971956,34.318709,34.159914,32.343755,3761242.0
02/24/2009,46.669998,49.169998,46.180000,48.700001,31.250931,5184200,-,42.073417,34.387226,34.359811,32.779150,3748124.0
02/23/2009,47.480000,48.869999,46.130001,46.320000,29.723682,4689000,-,42.177331,34.471888,34.593399,33.304807,3720872.0
02/20/2009,49.020000,49.360001,46.549999,47.939999,30.763231,5511500,-,42.289906,34.552005,34.844230,34.007346,3695870.0
02/19/2009,49.560001,50.220001,49.139999,49.680000,31.879808,3909400,-,42.403466,34.635996,35.018609,34.561431,3680816.0
02/18/2009,50.250000,50.389999,48.630001,49.110001,31.514025,3784000,-,42.507809,34.672610,35.113957,35.040093,3706852.0
02/17/2009,52.520000,52.650002,50.040001,50.419998,32.354675,4795800,-,42.617615,34.697977,35.211702,35.497486,3716764.0
02/13/2009,53.490002,54.490002,53.389999,53.689999,34.453033,3090200,-,42.725859,34.751537,35.335750,35.777369,3712560.0
02/12/2009,55.509998,55.599998,52.380001,53.799999,34.523624,4250100,-,42.819168,34.738975,35.298941,35.778760,3749736.0
02/11/2009,56.220001,56.740002,54.860001,55.680000,35.730015,3145800,-,42.908552,34.700336,35.249384,35.910402,3738170.0
02/10/2009,57.000000,57.790001,55.500000,56.000000,35.598473,4349100,-,42.994513,34.700375,35.155400,35.976073,3704042.0
02/09/2009,57.689999,58.660000,56.779999,57.430000,36.507504,2654400,-,43.084922,34.688042,35.110902,35.940473,3693286.0
02/06/2009,56.910000,58.520000,56.529999,57.810001,36.749073,3751300,-,43.168052,34.642908,35.007286,35.881990,3743762.0
02/05/2009,56.820000,58.240002,56.000000,57.110001,36.304081,6014000,-,43.252087,34.583154,34.929096,35.681113,3802134.0
02/04/2009,57.160000,58.330002,56.770000,57.680000,36.666431,3713900,-,43.336763,34.492759,34.869024,35.475786,3858982.0
02/03/2009,55.310001,57.070000,55.000000,56.770000,36.087948,3376600,-,43.421615,34.331549,34.860760,35.187820,3938138.0
02/02/2009,53.610001,55.700001,53.230000,55.299999,35.153503,4299800,-,43.511721,34.235687,34.878877,34.925917,3958884.0
01/30/2009,57.970001,57.970001,53.830002,54.220001,34.466949,5040000,-,43.606561,34.182544,34.938313,34.894131,3959834.0
01/29/2009,56.860001,58.240002,56.070000,56.380001,35.840042,3437000,-,43.702131,34.142368,34.982494,34.819122,3934606.0
01/28/2009,56.290001,57.730000,55.150002,57.240002,36.386723,3690600,-,43.785305,34.068501,34.921150,34.588366,3997740.0
01/27/2009,56.970001,57.240002,55.220001,55.439999,35.242474,4718300,-,43.862639,34.047396,34.772717,34.334727,4040598.0
01/26/2009,54.799999,57.240002,54.439999,56.509998,35.922676,4064700,-,43.942649,33.985481,34.685311,34.281332,4025046.0
01/23/2009,53.009998,54.919998,52.009998,54.650002,34.740307,3687500,-,44.020377,33.927697,34.557538,34.132582,4034146.0
01/22/2009,52.619999,54.660000,52.099998,53.880001,34.250809,3955500,-,44.103178,33.868387,34.461548,34.177079,4095666.0
01/21/2009,52.610001,53.480000,50.759998,53.150002,33.786766,4935500,-,44.187370,33.860780,34.383042,34.262263,4103520.0
01/20/2009,54.590000,56.990002,52.480000,52.650002,33.468925,4181800,-,44.274535,33.821925,34.369056,34.533701,4135884.0
01/16/2009,54.119999,55.549999,53.419998,54.799999,34.835644,3533100,-,44.365588,33.830083,34.366831,34.831837,4152984.0
01/15/2009,52.580002,53.380001,51.700001,53.040001,33.716854,3955700,-,44.449683,33.855462,34.312798,34.982495,4177368.0
01/14/2009,52.599998,52.990002,50.590000,52.750000,33.532482,4171700,-,44.541112,33.848842,34.397979,35.145867,4173750.0
01/13/2009,54.450001,55.189999,52.799999,53.250000,33.850338,4344600,-,44.631288,33.860889,34.423089,35.253934,4183330.0
01/12/2009,54.320000,55.990002,54.150002,54.599998,34.708515,2892300,-,44.714531,33.871235,34.469494,35.210707,4181722.0
01/09/2009,56.169998,56.169998,53.910000,54.169998,34.435177,2804700,-,44.788791,33.829805,34.467587,35.089291,4267396.0
01/08/2009,55.189999,55.540001,54.270000,55.349998,35.185280,4828100,-,44.867898,33.828328,34.520031,34.982495,4363946.0
01/07/2009,56.639999,57.040001,54.919998,55.220001,35.102646,3344000,-,44.939216,33.717828,34.447244,34.746018,4400266.0
01/06/2009,57.700001,58.980000,56.919998,57.419998,36.501148,3674800,-,45.009083,33.626854,34.440251,34.503820,4452126.0
01/05/2009,57.000000,57.750000,56.529999,57.340000,36.450287,2650900,-,45.074908,33.524649,34.300717,34.204412,4541828.0
01/02/2009,55.750000,57.549999,54.910000,57.169998,36.342228,2620200,-,45.142448,33.428874,34.117322,33.901825,4622580.0
12/31/2008,54.380001,55.900002,53.580002,55.610001,35.350567,3867400,-,45.206490,33.373776,34.051846,33.643100,4675526.0
12/30/2008,52.820000,54.590000,52.820000,54.450001,34.613152,3146600,-,45.281735,33.353866,33.975563,33.650092,4774116.0
12/29/2008,52.650002,52.840000,51.400002,52.570000,33.418072,2040800,-,45.355323,33.347571,33.874489,33.592245,4876408.0
12/26/2008,52.770000,53.400002,52.369999,52.689999,33.494350,1164900,-,45.436004,33.332202,33.990184,33.728281,4995456.0
12/24/2008,51.669998,52.520000,51.270000,52.490002,33.367218,594600,-,45.519132,33.293909,34.064558,33.845884,5113796.0
12/23/2008,51.660000,52.349998,50.820000,51.630001,32.820511,3336900,-,45.599105,33.326756,34.108738,34.057567,5316172.0
12/22/2008,52.689999,53.470001,50.500000,51.410000,32.680672,3205700,-,45.686006,33.369279,34.155779,34.148470,5381944.0
12/19/2008,53.389999,54.439999,52.000000,52.709999,33.507061,4726900,-,45.762514,33.312017,34.110963,34.376681,5558244.0
12/18/2008,53.759998,54.590000,52.130001,52.580002,33.424423,4417200,-,45.837283,33.248171,33.865907,34.397023,5606806.0
12/17/2008,55.160000,55.160000,53.099998,53.099998,33.754971,3133800,-,45.912434,33.224996,33.759429,34.332819,5710506.0
12/16/2008,53.490002,55.860001,53.000000,55.720001,35.420490,4504300,-,45.990468,33.223279,33.696497,34.460592,5759182.0
12/15/2008,54.730000,55.849998,52.730000,53.540001,34.034679,3208100,-,46.060206,33.224752,33.548381,34.301033,5793204.0
12/12/2008,52.990002,55.099998,52.400002,54.709999,34.778435,3073000,-,46.130970,33.301645,33.453981,34.156733,5834658.0
12/11/2008,55.250000,56.259998,54.000000,54.540001,34.670376,3935900,-,46.189626,33.355607,33.481633,34.252086,5883776.0
12/10/2008,54.139999,56.270000,53.560001,55.820000,35.484051,3821600,-,46.256745,33.449490,33.355449,34.283233,5875572.0
12/09/2008,54.529999,55.000000,52.400002,53.060001,33.729546,3438900,-,46.321380,33.527980,33.232920,34.159909,5888910.0
12/08/2008,54.320000,56.139999,53.290001,55.000000,34.962780,4758800,-,46.399604,33.623185,33.135183,34.163087,5961646.0
12/05/2008,50.910000,53.529999,48.759998,53.029999,33.710476,5211200,-,46.467964,33.769244,33.080568,33.845245,5928758.0
12/04/2008,54.660000,55.610001,50.820000,51.570000,32.782383,4279600,-,46.543859,33.955830,32.987246,33.334791,5895636.0
12/03/2008,52.119999,55.369999,51.540001,55.110001,35.032703,4585600,-,46.620170,34.137190,33.041966,33.186039,5903846.0
12/02/2008,52.049999,53.619999,50.860001,53.209999,33.824905,4949000,-,46.688460,34.281347,33.095561,32.932402,5912438.0
12/01/2008,55.560001,56.000000,51.200001,51.270000,32.591675,3671800,-,46.763224,34.464638,33.073610,32.795728,5922200.0
11/28/2008,54.840000,56.220001,54.150002,56.209999,35.731968,1439400,-,46.844620,34.667937,33.150766,32.751229,6002962.0
11/26/2008,53.939999,55.410000,52.439999,55.029999,34.981842,3811300,-,46.908731,34.758209,33.082551,32.711179,6090856.0
11/25/2008,54.040001,55.160000,52.790001,53.880001,34.250809,5178200,-,46.978456,34.839318,32.965308,32.427664,6165854.0
11/24/2008,50.070000,54.639999,50.000000,53.110001,33.761333,6669900,-,47.052986,34.980107,32.970836,32.305931,6217762.0
11/21/2008,46.200001,50.939999,45.310001,50.000000,31.784359,8856400,-,47.126844,35.143146,32.765783,32.107279,6204180.0
11/20/2008,48.750000,49.959999,44.230000,45.000000,28.605928,7671700,-,47.202160,35.368255,32.704260,32.315890,6147058.0
11/19/2008,51.040001,52.459999,48.830002,49.230000,31.294867,4413900,-,47.293676,35.636668,32.843511,32.639701,6115230.0
11/18/2008,51.330002,52.459999,49.349998,51.119999,32.496330,4347300,-,47.371439,35.819207,32.861845,32.897893,6166312.0
11/17/2008,50.560001,52.959999,49.400002,51.060001,32.458168,3778600,-,47.442144,35.956319,32.916393,33.258720,6276194.0
11/14/2008,54.310001,54.599998,50.110001,50.570000,32.146690,6593700,-,47.523600,36.143534,33.011238,33.351492,6315398.0
11/13/2008,50.790001,55.619999,48.750000,55.580002,35.331467,5833500,-,47.601889,36.318350,33.118824,33.550303,6407864.0
11/12/2008,51.360001,51.549999,49.570000,50.570000,32.146690,3940700,-,47.660178,36.500585,32.984731,33.453923,6396868.0
11/11/2008,49.779999,53.599998,49.549999,52.490002,33.033478,4519700,-,47.724945,36.762752,32.956382,33.502953,6402034.0
11/10/2008,54.599998,54.939999,48.400002,50.490002,31.774811,6763500,-,47.785864,37.034496,33.055187,33.635740,6372484.0
11/07/2008,51.029999,54.480000,50.590000,53.820000,33.870472,4348200,-,47.853262,37.355077,33.213778,33.424286,6279534.0
11/06/2008,53.830002,54.770000,50.049999,50.599998,31.844042,6553700,-,47.909594,37.648596,33.011135,33.092631,6233330.0
11/05/2008,56.669998,56.669998,53.490002,53.830002,33.876781,5036800,-,47.982080,37.985413,32.934671,33.047320,6157276.0
11/04/2008,54.320000,57.509998,54.160000,57.369999,36.104603,4752300,-,48.054281,38.265339,32.854116,32.825796,6094938.0
11/03/2008,54.099998,54.230000,52.040001,53.049999,33.385887,3774800,-,48.099536,38.485478,32.732340,32.574065,6035770.0
10/31/2008,54.560001,55.910000,53.360001,54.240002,34.134804,4650700,-,48.166812,38.773081,32.837754,32.670984,6000742.0
10/30/2008,53.750000,54.990002,51.939999,54.610001,34.367661,4264200,-,48.235624,39.057664,33.024979,32.687346,5987950.0
10/29/2008,54.279999,54.720001,49.939999,51.860001,32.636990,7176000,-,48.314787,39.305116,33.180423,32.515539,5960572.0
10/28/2008,48.009998,54.790001,46.930000,54.599998,34.361351,7632200,-,48.412823,39.580385,33.516800,32.409812,5872376.0
10/27/2008,48.009998,51.169998,46.869999,47.130001,29.660275,6644100,-,48.503008,39.816886,33.769161,32.474634,5761816.0
10/24/2008,46.349998,50.049999,45.430000,48.549999,30.553913,5937000,-,48.614291,40.147410,34.210635,33.003270,5697294.0
10/23/2008,50.130001,51.900002,46.349998,49.880001,31.390934,8159900,-,48.724533,40.463962,34.796227,32.929640,5660332.0
10/22/2008,52.939999,52.939999,47.549999,50.310001,31.661545,6688500,-,48.834695,40.778627,35.378670,32.822023,5574128.0
10/21/2008,54.099998,55.160000,52.299999,53.369999,33.587292,5267500,-,48.939213,41.071642,35.888111,32.882436,5511792.0
10/20/2008,53.549999,54.750000,51.020000,54.590000,34.355072,8796900,-,49.030058,41.323767,36.320774,32.890616,5475836.0
10/17/2008,49.849998,58.299999,49.849998,54.500000,34.298424,8261200,-,49.111538,41.567913,36.752493,33.004524,5378162.0
10/16/2008,50.180000,52.520000,47.549999,51.880001,32.649593,7993200,-,49.190368,41.820693,37.175402,33.362613,5324034.0
10/15/2008,54.680000,55.380001,48.910000,50.180000,31.579721,7081900,-,49.274664,42.103948,37.555202,33.845308,5260292.0
10/14/2008,57.580002,58.549999,51.400002,55.630001,35.009571,10713400,-,49.368816,42.404476,37.928080,34.623789,5228422.0
10/13/2008,48.090000,55.830002,47.220001,55.529999,34.946636,6625500,-,49.449277,42.622530,38.242115,35.063688,5128906.0
10/10/2008,46.459999,49.450001,41.230000,47.380001,29.817608,12020700,-,49.525854,42.866721,38.590448,35.418000,5103920.0
10/09/2008,51.599998,51.990002,47.599998,48.169998,30.314764,7155000,-,49.629497,43.253247,39.251558,36.662813,4955448.0
10/08/2008,52.110001,54.820000,49.680000,51.270000,32.265675,9602200,-,49.731271,43.648083,39.837149,37.935317,4884992.0
10/07/2008,57.910000,58.090000,53.380001,53.500000,33.669094,5567600,-,49.823908,44.001276,40.244954,38.893787,4762058.0
10/06/2008,59.070000,60.189999,54.040001,56.400002,35.494156,6205400,-,49.910052,44.321149,40.529097,39.750933,4736826.0
10/03/2008,60.720001,62.980000,58.299999,60.189999,37.879311,5280800,-,49.990375,44.619773,40.845334,40.500462,4683786.0
10/02/2008,62.029999,63.840000,58.450001,59.549999,37.476540,5528900,-,50.065101,44.877695,40.995744,40.988192,4724042.0
10/01/2008,61.939999,62.869999,60.779999,62.549999,39.364532,3525700,-,50.133474,45.148672,41.344078,41.265097,4726310.0
09/30/2008,62.279999,63.349998,60.340000,62.619999,39.408569,4488500,-,50.195773,45.418771,41.638604,41.232370,4739946.0
09/29/2008,66.320000,66.800003,60.000000,61.160000,38.489754,7075700,-,50.261494,45.695363,41.999210,41.420541,4724928.0
09/26/2008,68.250000,68.720001,65.959999,67.160004,42.265739,3114400,-,50.323782,45.968454,42.464914,41.762896,4683834.0
09/25/2008,66.930000,69.199997,66.400002,68.389999,43.039799,3555100,-,50.370278,46.150774,42.778949,41.840302,4747042.0
09/24/2008,67.889999,67.889999,64.730003,66.500000,41.850372,4690100,-,50.421147,46.350992,43.061203,41.738980,4804652.0
09/23/2008,68.580002,69.050003,66.889999,67.120003,42.240559,5015200,-,50.475122,46.606503,43.362337,41.596122,4813344.0
09/22/2008,68.650002,69.360001,67.949997,68.309998,42.989449,5437100,-,50.528320,46.866711,43.605887,41.307260,4792006.0
09/19/2008,64.230003,69.000000,64.230003,67.940002,42.756607,7709900,-,50.579286,47.138946,43.844718,41.190206,4765850.0
09/18/2008,62.959999,64.860001,61.669998,63.950001,40.245586,5834100,-,50.625087,47.429464,44.125084,41.003297,4674230.0
09/17/2008,64.610001,64.779999,61.540001,62.029999,39.037270,7561200,-,50.678349,47.747949,44.449818,41.423060,4625216.0
09/16/2008,66.059998,66.550003,62.799999,65.610001,41.290276,7773600,-,50.733454,48.080349,44.817976,42.044838,4568886.0
09/15/2008,66.940002,67.910004,65.550003,66.599998,41.913303,5990800,-,50.779486,48.378566,45.062784,42.577879,4501578.0
09/12/2008,66.470001,68.760002,66.139999,68.389999,43.039799,6000300,-,50.824008,48.671198,45.276441,43.166932,4432224.0
09/11/2008,64.220001,66.849998,63.000000,66.779999,42.026585,6080300,-,50.859039,48.942301,45.443529,43.717596,4378202.0
09/10/2008,62.580002,64.860001,62.580002,64.230003,40.421791,6968000,-,50.896264,49.231292,45.698406,44.383426,4325892.0
09/09/2008,66.739998,66.959999,62.389999,62.529999,39.351936,9841400,-,50.943119,49.547504,45.992933,45.128552,4288260.0
09/08/2008,65.830002,66.779999,64.900002,66.449997,41.818909,5738800,-,50.994273,49.848107,46.335014,45.904514,4182058.0
09/05/2008,69.889999,69.889999,64.879997,64.970001,40.887512,11217000,-,51.035748,50.104747,46.572186,46.499230,4135470.0
09/04/2008,73.660004,73.660004,70.190002,70.620003,44.443218,5283700,-,51.077742,50.414145,46.874681,47.246871,3986886.0
09/03/2008,74.070000,74.080002,71.190002,71.910004,45.255054,4199000,-,51.101897,50.661929,46.993139,47.476577,3945044.0
09/02/2008,76.620003,77.849998,73.739998,74.080002,46.620682,3042200,-,51.120386,50.893477,47.060691,47.591113,3911996.0
08/29/2008,76.800003,77.459999,75.739998,75.959999,47.803829,2116000,-,51.132449,51.080835,47.025271,47.547689,3939362.0
08/28/2008,77.680000,78.400002,76.820000,77.139999,48.546440,2038000,-,51.138041,51.255531,46.992888,47.385951,3957548.0
08/27/2008,75.959999,77.760002,75.959999,77.360001,48.684887,2751000,-,51.138314,51.411000,47.022763,47.169461,3993502.0
08/26/2008,74.959999,76.470001,74.709999,76.070000,47.873051,1919900,-,51.147750,51.552823,47.091347,47.013387,3971582.0
08/25/2008,76.110001,76.339996,74.500000,74.860001,47.111557,1793900,-,51.164315,51.709509,47.193959,46.857314,3988920.0
08/22/2008,77.000000,77.019997,75.790001,75.900002,47.766068,2023400,-,51.179469,51.889299,47.321518,46.765514,4008716.0
08/21/2008,73.510002,77.379997,73.500000,76.849998,48.363926,4011100,-,51.198165,52.030372,47.454483,46.645143,4008742.0
08/20/2008,73.769997,74.500000,72.650002,74.269997,46.740273,2895300,-,51.213996,52.157862,47.575057,46.502490,3983510.0
08/19/2008,72.220001,74.029999,72.220001,73.730003,46.400421,2766200,-,51.231343,52.333702,47.789315,46.509701,3988264.0
08/18/2008,73.419998,74.199997,72.910004,73.389999,46.186443,2104200,-,51.248579,52.513214,48.112766,46.530268,3985372.0
08/15/2008,73.980003,73.980003,72.889999,73.389999,46.186443,3418000,-,51.271797,52.682253,48.465354,46.502852,4034954.0
08/14/2008,74.620003,74.620003,73.320000,73.699997,46.381546,4088900,-,51.289427,52.879795,48.763247,46.599826,4020954.0
08/13/2008,73.910004,75.129997,72.379997,74.879997,47.124142,3849700,-,51.305805,53.046683,49.013256,46.876064,3987542.0
08/12/2008,73.620003,74.419998,73.150002,74.089996,46.312321,3571700,-,51.316474,53.189342,49.309583,47.169306,3969134.0
08/11/2008,74.720001,75.139999,73.459999,73.900002,46.193562,3469700,-,51.325093,53.354239,49.725263,47.530603,3940096.0
08/08/2008,75.430000,75.480003,73.849998,74.489998,46.562355,3913200,-,51.328811,53.530511,50.178134,47.877522,3963580.0
08/07/2008,74.279999,76.610001,73.540001,75.089996,46.937397,5554800,-,51.329947,53.716786,50.680075,48.263822,3934326.0
08/06/2008,74.489998,75.650002,73.620003,74.889999,46.812378,4806100,-,51.327919,53.888433,51.197330,48.647623,3913126.0
08/05/2008,73.769997,74.879997,72.379997,74.559998,46.606094,5488400,-,51.324550,54.082209,51.665204,49.068929,3891784.0
08/04/2008,75.529999,76.959999,73.440002,73.449997,45.912281,5737600,-,51.327924,54.254357,52.117763,49.695263,3826060.0
08/01/2008,79.040001,79.250000,75.410004,75.440002,47.156181,5376200,-,51.335535,54.462258,52.632205,50.427855,3769878.0
07/31/2008,79.760002,80.750000,78.180000,78.620003,49.143932,4597100,-,51.339228,54.640032,53.101642,50.926668,3755696.0
07/30/2008,80.070000,80.610001,78.989998,80.080002,50.056561,3632200,-,51.333935,54.762547,53.474192,51.150447,3768512.0
07/29/2008,79.160004,80.169998,78.410004,79.870003,49.925293,3455500,-,51.326749,54.838808,53.795171,51.449860,3758296.0
07/28/2008,80.379997,81.930000,79.449997,79.449997,49.662746,4306000,-,51.318900,54.903691,54.110524,51.919922,3751296.0
07/25/2008,81.389999,81.830002,80.440002,80.669998,50.425358,3553400,-,51.307973,54.963949,54.346493,52.478747,3711210.0
07/24/2008,81.500000,81.580002,77.779999,81.230003,50.775406,7293600,-,51.295903,55.010705,54.557770,53.096328,3699844.0
07/23/2008,86.629997,86.629997,79.680000,81.629997,51.025433,5642300,-,51.278001,55.038334,54.836870,53.747037,3608286.0
07/22/2008,84.550003,86.440002,83.949997,84.580002,52.869438,4207500,-,51.258050,55.064838,55.127220,54.261479,3554832.0
07/21/2008,83.870003,85.629997,82.870003,85.169998,53.238205,3737600,-,51.227221,55.038181,55.325370,54.540263,3545050.0
07/18/2008,82.949997,84.190002,81.870003,83.419998,52.144306,5021000,-,51.192491,55.014091,55.462889,54.836555,3544896.0
07/17/2008,85.139999,85.139999,81.190002,82.199997,51.381725,6274800,-,51.165503,55.015980,55.682606,55.276616,3517902.0
07/16/2008,87.500000,87.540001,83.650002,84.870003,53.050694,6435600,-,51.141284,55.057851,55.929514,55.797937,3451978.0
07/15/2008,88.370003,89.540001,86.559998,87.389999,54.625912,5124700,-,51.107400,55.051803,56.065782,56.140481,3375040.0
07/14/2008,91.440002,91.440002,88.279999,88.389999,55.250992,3948300,-,51.070551,55.028790,56.119851,56.301126,3328574.0
07/11/2008,90.769997,92.080002,89.269997,90.550003,56.601170,4129300,-,51.034600,55.003840,56.162357,56.214239,3297500.0
07/10/2008,90.050003,91.760002,89.540001,91.639999,57.282494,3128900,-,50.990731,54.934114,56.073283,56.019212,3279234.0
07/09/2008,89.430000,90.680000,88.589996,89.860001,56.169853,3383400,-,50.944315,54.836470,55.946080,55.926702,3270606.0
07/08/2008,89.900002,91.470001,88.160004,89.040001,55.657284,4744700,-,50.902172,54.771518,55.914201,55.992961,3256688.0
07/07/2008,91.019997,92.129997,89.269997,89.910004,56.201118,4408200,-,50.861150,54.731980,55.900137,56.110477,3226994.0
07/03/2008,90.519997,91.790001,89.919998,90.459999,56.544914,2523100,-,50.820724,54.670628,55.822001,56.089222,3230754.0
07/02/2008,90.519997,92.000000,90.320000,90.540001,56.594936,3299200,-,50.773513,54.610851,55.797934,56.088597,3235830.0
07/01/2008,89.430000,90.989998,88.180000,90.349998,56.476135,3464800,-,50.720096,54.543736,55.704483,56.061091,3232032.0
06/30/2008,87.300003,90.500000,86.610001,89.959999,56.232365,5086400,-,50.672493,54.486950,55.593531,55.991083,3225180.0
06/27/2008,87.349998,88.589996,86.540001,87.000000,54.382118,4531300,-,50.624696,54.444484,55.509771,55.938577,3216722.0
06/26/2008,89.410004,89.910004,87.430000,87.430000,54.650898,3409400,-,50.582282,54.439273,55.541025,56.110475,3194412.0
06/25/2008,91.080002,91.120003,89.360001,90.160004,56.357403,3787800,-,50.539107,54.417874,55.602283,56.127354,3196032.0
06/24/2008,90.459999,91.839996,90.459999,90.919998,56.832439,3191600,-,50.482641,54.340223,55.560402,55.965457,3178790.0
06/23/2008,89.919998,91.790001,89.480003,90.919998,56.832439,2546600,-,50.423400,54.240644,55.543838,55.835440,3162190.0
06/20/2008,90.410004,91.320000,88.980003,89.570000,55.988575,4410500,-,50.368397,54.128887,55.462890,55.689797,3157528.0
06/19/2008,89.690002,91.150002,89.599998,90.449997,56.538662,3025300,-,50.312700,54.038480,55.478830,55.554779,3133822.0
06/18/2008,88.839996,90.459999,88.800003,90.099998,56.319874,3835700,-,50.255696,53.933717,55.454139,55.507270,3129360.0
06/17/2008,89.419998,90.389999,88.919998,89.230003,55.776058,1655000,-,50.191067,53.829104,55.401631,55.347874,3122034.0
06/16/2008,89.330002,89.360001,87.239998,89.120003,55.707302,2786800,-,50.127437,53.737976,55.306307,55.195979,3155576.0
06/13/2008,88.400002,89.949997,87.779999,89.750000,56.101097,2783700,-,50.067467,53.657421,55.179415,55.080964,3174426.0
06/12/2008,87.900002,88.239998,87.040001,87.699997,54.819695,2024700,-,49.999326,53.568492,55.008142,54.971575,3170172.0
06/11/2008,88.839996,89.279999,87.480003,87.570000,54.738430,2749500,-,49.940571,53.512151,54.905317,55.077213,3191772.0
06/10/2008,88.209999,89.169998,87.339996,88.839996,55.532269,3133000,-,49.891432,53.448736,54.776237,55.155347,3209596.0
06/09/2008,87.529999,88.860001,87.000000,88.589996,55.376007,2621600,-,49.836144,53.348069,54.617154,55.252236,3214864.0
06/06/2008,88.699997,89.989998,87.050003,87.410004,54.638397,4583300,-,49.782405,53.231762,54.425184,55.235983,3221514.0
06/05/2008,87.690002,89.849998,87.099998,89.690002,56.063576,2718000,-,49.728486,53.144126,54.294949,55.402881,3193780.0
06/04/2008,86.730003,88.480003,86.370003,87.550003,54.725914,2418300,-,49.667348,53.011831,54.103708,55.401007,3207612.0
06/03/2008,87.760002,88.000000,86.269997,86.800003,54.257103,2929300,-,49.612684,52.898832,54.041177,55.455388,3235578.0
06/02/2008,87.519997,88.099998,86.830002,87.279999,54.557156,2119800,-,49.548237,52.807015,53.965736,55.416634,3237964.0
05/30/2008,89.269997,89.639999,87.830002,88.000000,55.007206,4643900,-,49.487662,52.715039,53.911642,55.277866,3293330.0
05/29/2008,88.489998,90.199997,88.489998,89.389999,55.876068,2450500,-,49.429965,52.597905,53.861455,55.044710,3289140.0
05/28/2008,89.150002,90.000000,88.379997,88.820000,55.519772,4494800,-,49.374094,52.488374,53.723396,54.733421,3329950.0
05/27/2008,89.800003,90.650002,89.129997,90.389999,56.501160,3739000,-,49.318807,52.364594,53.567423,54.397128,3347004.0
05/23/2008,89.519997,89.989998,88.220001,88.330002,55.213482,2202200,-,49.265937,52.225659,53.388478,53.982072,3368728.0
05/22/2008,89.959999,90.379997,89.209999,90.080002,56.307373,2928500,-,49.223015,52.123787,53.311821,53.614385,3398686.0
05/21/2008,88.500000,90.620003,87.830002,89.660004,56.044834,4667100,-,49.169009,51.984876,53.153129,53.187018,3405316.0
05/20/2008,88.000000,88.970001,87.019997,88.419998,55.269726,5237900,-,49.115430,51.867992,53.028690,52.806409,3419610.0
05/19/2008,85.000000,86.669998,85.000000,86.180000,53.869568,3121400,-,49.056023,51.722245,52.927162,52.626966,3393978.0
05/16/2008,84.239998,85.400002,83.930000,85.059998,53.169476,3105500,-,49.015151,51.614070,52.915527,52.514837,3403524.0
05/15/2008,84.620003,84.620003,83.559998,84.269997,52.675640,2301700,-,48.975431,51.519773,52.962507,52.545419,3399362.0
05/14/2008,83.440002,84.980003,83.300003,84.410004,52.763176,2985100,-,48.926125,51.453496,53.034802,52.678199,3425484.0
05/13/2008,84.389999,84.750000,83.070000,83.440002,52.156845,2715700,-,48.874459,51.385593,53.075690,52.713371,3483432.0
05/12/2008,82.989998,84.669998,82.500000,84.250000,52.350605,2969600,-,48.826130,51.306205,53.091592,52.737718,3514754.0
05/09/2008,83.019997,83.309998,82.190002,82.940002,51.536610,3718400,-,48.780739,51.189387,53.066737,52.794883,3528266.0
05/08/2008,84.300003,84.639999,83.150002,83.739998,52.033699,3729900,-,48.750220,51.120539,53.052134,53.009258,3516928.0
05/07/2008,85.769997,86.690002,84.010002,84.070000,52.238750,3671300,-,48.721793,51.048087,53.023862,53.119240,3498728.0
05/06/2008,85.040001,86.160004,84.010002,86.059998,53.475288,2978600,-,48.705860,50.990796,52.976948,53.250971,3492924.0
05/05/2008,86.099998,86.099998,84.139999,84.889999,52.748283,2588700,-,48.679227,50.893987,52.857645,53.227359,3491420.0
05/02/2008,87.000000,87.430000,85.760002,86.059998,53.475288,2801400,-,48.665873,50.816812,52.781216,53.316217,3489012.0
05/01/2008,85.529999,87.230003,85.489998,86.910004,54.003448,2394600,-,48.638417,50.708197,52.691427,53.379596,3484572.0
04/30/2008,84.330002,86.300003,84.059998,85.480003,53.114887,3216000,-,48.605390,50.601942,52.573988,53.391404,3483864.0
04/29/2008,84.900002,85.529999,84.059998,84.330002,52.400322,2697500,-,48.574914,50.515199,52.518377,53.438010,3457672.0
04/28/2008,86.500000,86.779999,84.900002,85.169998,52.922249,2687500,-,48.551429,50.444611,52.476745,53.445465,3451582.0
04/25/2008,85.589996,86.599998,85.410004,86.389999,53.680359,3260000,-,48.520756,50.357246,52.355578,53.338591,3456476.0
04/24/2008,85.599998,85.980003,83.779999,85.510002,53.133526,4596200,-,48.481045,50.262176,52.149593,53.095010,3453030.0
04/23/2008,86.099998,86.519997,85.540001,86.190002,53.556057,2776900,-,48.442877,50.182641,52.005746,52.928483,3441548.0
04/22/2008,85.980003,86.230003,85.239998,85.680000,53.239170,3109300,-,48.407784,50.082182,51.800383,52.702926,3476126.0
04/21/2008,86.459999,87.050003,85.599998,86.320000,53.636864,3122200,-,48.374764,49.954347,51.592223,52.487931,3473142.0
04/18/2008,87.480003,88.040001,86.349998,87.080002,54.109081,4663500,-,48.340244,49.819793,51.393693,52.246215,3503894.0
04/17/2008,86.120003,87.599998,86.019997,87.099998,54.121525,3415800,-,48.301959,49.674560,51.186156,52.003257,3479826.0
04/16/2008,84.580002,86.419998,84.209999,86.230003,53.580944,3490400,-,48.264283,49.524879,50.937607,51.756572,3484382.0
04/15/2008,83.820000,85.139999,83.769997,84.449997,52.474876,2925700,-,48.217928,49.428244,50.778535,51.598744,3497592.0
04/14/2008,82.459999,83.639999,82.089996,83.449997,51.853508,2361600,-,48.175577,49.334836,50.621328,51.508025,3535618.0
04/11/2008,81.949997,83.059998,81.949997,82.470001,51.244549,2313500,-,48.137248,49.237555,50.506375,51.372565,3643472.0
04/10/2008,82.839996,83.709999,82.300003,82.830002,51.468258,3225200,-,48.098302,49.114664,50.450141,51.204176,3699654.0
04/09/2008,82.099998,83.290001,81.610001,82.559998,51.300484,2802200,-,48.058421,48.989644,50.344818,51.083009,3750048.0
04/08/2008,82.010002,82.900002,82.010002,82.220001,51.089222,3469400,-,48.015625,48.868722,50.289827,50.897840,3797222.0
04/07/2008,83.610001,83.669998,82.269997,82.430000,51.219700,3332100,-,47.979592,48.749678,50.134484,50.696515,3838112.0
04/04/2008,83.400002,85.080002,82.930000,83.169998,51.679504,3729300,-,47.941167,48.652106,49.996540,50.541172,3949190.0
04/03/2008,83.000000,83.779999,82.339996,83.129997,51.654675,2571000,-,47.908347,48.584856,49.835296,50.369054,4024340.0
04/02/2008,83.000000,84.190002,82.529999,83.690002,52.002663,3104700,-,47.875346,48.454873,49.720653,50.118642,4143106.0
04/01/2008,82.050003,83.190002,81.000000,82.989998,51.567684,3640700,-,47.842619,48.351645,49.588920,49.958326,4244200.0
03/31/2008,79.580002,81.529999,79.580002,81.269997,50.498917,3396400,-,47.806910,48.278234,49.419907,49.734632,4323920.0
03/28/2008,81.120003,81.949997,79.610001,79.760002,49.560654,2954100,-,47.774438,48.272261,49.220447,49.640184,4397156.0
03/27/2008,79.980003,81.769997,79.660004,80.879997,50.256584,3196600,-,47.742234,48.325930,49.147125,49.696106,4453102.0
03/26/2008,78.680000,80.250000,78.470001,79.580002,49.448795,3409600,-,47.711157,48.368768,49.054851,49.606628,4444064.0
03/25/2008,79.849998,80.559998,78.769997,78.980003,49.075977,3816600,-,47.679542,48.418129,49.051123,49.681814,4456186.0
03/24/2008,80.570000,81.169998,79.129997,79.930000,49.666267,3048600,-,47.647533,48.488653,49.029064,49.572452,4466948.0
03/20/2008,79.440002,80.870003,78.239998,80.400002,49.958328,4888100,-,47.620751,48.563797,48.990229,49.451908,4509004.0
03/19/2008,81.339996,82.459999,79.099998,79.099998,49.150547,4434400,-,47.597605,48.615935,48.894538,49.301537,4522662.0
03/18/2008,80.750000,81.500000,79.389999,81.110001,50.399509,4491000,-,47.582220,48.668050,48.871547,49.322664,4509616.0
03/17/2008,78.010002,80.629997,77.519997,79.389999,49.330742,5347500,-,47.564009,48.673080,48.790457,49.219514,4501428.0
03/14/2008,80.949997,81.000000,78.160004,79.750000,49.554432,4825200,-,47.555384,48.687753,48.767466,49.105183,4459104.0
03/13/2008,78.500000,80.980003,78.010002,80.660004,50.119873,3700100,-,47.539628,48.686839,48.717446,48.800710,4436138.0
03/12/2008,80.809998,81.419998,79.410004,79.440002,49.361813,3260000,-,47.513782,48.692646,48.657795,48.598145,4402354.0
03/11/2008,78.099998,81.000000,78.099998,80.790001,50.200653,5381800,-,47.490505,48.727445,48.647542,48.503074,4377224.0
03/10/2008,78.220001,78.430000,76.839996,77.220001,47.982357,3956300,-,47.464561,48.728673,48.564165,48.420432,4315356.0
03/07/2008,77.209999,78.400002,76.449997,77.989998,48.460823,3598700,-,47.458679,48.779947,48.507418,48.485676,4271460.0
03/06/2008,79.370003,80.000000,77.879997,77.980003,48.454624,2897400,-,47.452450,48.824122,48.429835,48.528551,4232860.0
03/05/2008,79.620003,80.440002,78.349998,79.440002,49.361813,3607800,-,47.446862,48.870891,48.349475,48.487538,4303004.0
03/04/2008,77.230003,80.250000,76.910004,79.449997,49.368015,5882500,-,47.439455,48.901614,48.213258,48.420429,4326554.0
03/03/2008,75.820000,77.849998,74.900002,77.550003,48.187424,4281800,-,47.427347,48.945429,48.182318,48.361399,4304190.0
02/29/2008,76.580002,77.080002,74.389999,74.849998,46.509708,3645200,-,47.423522,49.038170,48.163171,48.429749,4317396.0
02/28/2008,77.550003,77.830002,76.510002,77.400002,48.094219,3151500,-,47.425798,49.131000,48.187158,48.634182,4327050.0
02/27/2008,79.139999,79.940002,77.599998,77.910004,48.411106,2819900,-,47.418563,49.205600,48.037446,48.717444,4380454.0
02/26/2008,77.760002,79.570000,77.110001,79.459999,49.374226,3381100,-,47.410050,49.288434,47.877756,48.792010,4399174.0
02/25/2008,78.570000,79.019997,77.660004,78.269997,48.634800,2903400,-,47.394768,49.319898,47.671762,48.707899,4426158.0
02/22/2008,77.419998,78.839996,76.629997,78.680000,48.889572,2468300,-,47.386885,49.378500,47.496873,48.529160,4435994.0
02/21/2008,78.500000,79.000000,76.949997,77.320000,48.044495,2579400,-,47.376999,49.464979,47.369450,48.331120,4459200.0
02/20/2008,77.970001,78.669998,77.050003,78.360001,48.690727,2359200,-,47.374434,49.556998,47.383075,48.211412,4457808.0
02/19/2008,79.400002,79.839996,78.000000,78.500000,48.777718,1906400,-,47.363085,49.640786,47.206316,48.006087,4459956.0
02/15/2008,77.910004,78.820000,77.410004,78.650002,48.870922,2393000,-,47.352455,49.728885,47.109492,48.003237,4503440.0
02/14/2008,78.889999,79.839996,77.599998,78.139999,48.554035,2932200,-,47.341965,49.789803,47.060802,47.896593,4529468.0
02/13/2008,80.029999,80.070000,78.099998,78.739998,48.926842,3087700,-,47.331148,49.836682,47.143114,47.740134,4529120.0
02/12/2008,79.209999,80.570000,78.519997,79.610001,49.156769,4022100,-,47.315311,49.859310,47.308978,47.357447,4549682.0
02/11/2008,76.000000,78.779999,75.940002,78.599998,48.533108,4505800,-,47.300813,49.886108,47.471063,46.963501,4508882.0
02/08/2008,75.699997,76.620003,75.019997,75.870003,46.847416,2960100,-,47.290101,49.931801,47.640249,46.635625,4502418.0
02/07/2008,75.029999,76.680000,74.910004,75.970001,46.909164,4659800,-,47.285359,49.995771,47.927989,46.464586,4508020.0
02/06/2008,75.900002,77.089996,75.410004,75.870003,46.847416,3460100,-,47.278337,50.047021,48.253704,46.407780,4494224.0
02/05/2008,77.720001,77.989998,75.330002,75.529999,46.637486,3643600,-,47.268832,50.105928,48.539593,46.554738,4477686.0
02/04/2008,77.389999,79.830002,77.389999,78.949997,48.749214,4150900,-,47.257980,50.164834,48.795534,46.406544,4499584.0
02/01/2008,76.360001,78.160004,75.919998,77.419998,47.804485,4827000,-,47.234718,50.192127,48.890624,46.215747,4479842.0
01/31/2008,72.029999,76.620003,71.959999,76.099998,46.989437,7754300,-,47.218638,50.221765,49.003621,46.225011,4449268.0
01/30/2008,73.019997,74.699997,72.739998,73.040001,45.099979,5122600,-,47.204812,50.267458,49.129585,46.546094,4366694.0
01/29/2008,73.779999,74.389999,73.000000,73.230003,45.217300,5744900,-,47.196581,50.344519,49.395097,47.260508,4345314.0
01/28/2008,73.099998,74.169998,72.599998,73.290001,45.254353,5160900,-,47.185669,50.420838,49.689320,47.978626,4289676.0
01/25/2008,75.919998,76.019997,72.910004,73.099998,45.137028,5513900,-,47.175209,50.494193,49.939704,48.644873,4296592.0
01/24/2008,77.989998,77.989998,74.349998,75.050003,46.341106,8886000,-,47.168219,50.563473,50.210156,49.391393,4286146.0
01/23/2008,70.500000,78.610001,70.000000,78.250000,48.316990,7486800,-,47.155693,50.648093,50.426579,50.099628,4178868.0
01/22/2008,72.139999,75.379997,70.010002,73.129997,45.155548,8509300,-,47.132802,50.705476,50.550383,50.524448,4130106.0
01/18/2008,77.489998,78.449997,74.750000,75.860001,46.841248,8159400,-,47.124566,50.805210,50.837506,51.184523,4032860.0
01/17/2008,81.040001,82.660004,77.570000,77.570000,47.897118,7626700,-,47.105899,50.898493,51.073379,51.565500,3929452.0
01/16/2008,84.389999,85.169998,80.970001,81.300003,50.200272,7058200,-,47.082802,50.971151,51.319749,51.782231,3876518.0
01/15/2008,83.980003,86.250000,83.910004,84.610001,52.244122,5751400,-,47.045397,50.971341,51.367294,51.713076,3799730.0
01/14/2008,84.620003,85.160004,83.559998,84.860001,52.398476,2744700,-,46.992646,50.923409,51.346299,51.529685,3759822.0
01/11/2008,84.580002,85.809998,83.480003,84.080002,51.916824,4015700,-,46.940307,50.892040,51.354016,51.400015,3770860.0
01/10/2008,86.040001,86.430000,84.070000,85.190002,52.602222,4354700,-,46.890527,50.847952,51.305546,51.234535,3740296.0
01/09/2008,85.269997,86.750000,83.519997,86.519997,53.423466,5151400,-,46.833286,50.789051,51.253679,51.028920,3712140.0
01/08/2008,84.080002,87.250000,84.080002,85.129997,52.565186,5571000,-,46.772939,50.705743,51.243183,50.753529,3679120.0
01/07/2008,82.699997,84.260002,81.510002,83.820000,51.756298,3782100,-,46.715579,50.615162,51.247197,50.576317,3642922.0
01/04/2008,80.470001,83.419998,80.010002,82.029999,50.651020,4081600,-,46.662324,50.518776,51.303388,50.490488,3662528.0
01/03/2008,80.290001,82.699997,80.290001,81.080002,50.064423,3231300,-,46.618540,50.441548,51.429970,50.581258,3625708.0
01/02/2008,81.750000,82.449997,79.870003,80.180000,49.508724,3676900,-,46.574654,50.370894,51.522590,50.857268,3616128.0
12/31/2007,82.330002,82.830002,81.269997,81.639999,50.410213,2010900,-,46.529512,50.303494,51.592054,51.021513,3620534.0
12/28/2007,81.510002,82.849998,81.510002,82.760002,51.101772,2003500,-,46.477041,50.240907,51.574455,51.162913,3627670.0
12/27/2007,81.550003,82.720001,81.349998,81.400002,50.262028,2288400,-,46.422690,50.167559,51.544200,51.308018,3653150.0
12/26/2007,82.470001,82.470001,81.500000,81.860001,50.546070,1761500,-,46.369989,50.120216,51.571986,51.376557,3662806.0
12/24/2007,82.080002,82.849998,81.720001,82.059998,50.669556,1668700,-,46.314320,50.070999,51.546977,51.478439,3677628.0
12/21/2007,83.239998,85.099998,81.260002,82.260002,50.793068,6404600,-,46.261584,50.029997,51.487084,51.732837,3705342.0
12/20/2007,84.269997,84.500000,81.639999,82.430000,50.898006,4785300,-,46.203284,49.981244,51.437068,51.918077,3689984.0
12/19/2007,84.580002,85.779999,83.269997,83.500000,51.558723,4764300,-,46.144491,49.912830,51.371308,52.116288,3643262.0
12/18/2007,83.309998,85.750000,83.220001,85.550003,52.824516,4942100,-,46.082272,49.841887,51.299063,52.278681,3602116.0
12/17/2007,83.400002,84.629997,82.750000,82.839996,51.151173,4127900,-,46.014786,49.729294,51.122159,52.187912,3535546.0
12/14/2007,82.769997,85.449997,82.750000,83.930000,51.824215,5821700,-,45.952572,49.646976,51.028304,52.162595,3496948.0
12/13/2007,82.269997,85.220001,82.139999,85.110001,52.552826,3755900,-,45.888298,49.544565,50.884743,51.985998,3420984.0
12/12/2007,83.800003,84.790001,81.599998,82.510002,50.947414,4730300,-,45.825812,49.419354,50.708766,51.780382,3391424.0
12/11/2007,86.139999,86.830002,83.389999,83.510002,51.564892,3395200,-,45.771109,49.335339,50.607500,51.767414,3401684.0
12/10/2007,85.669998,86.360001,85.010002,86.180000,53.213539,3628600,-,45.713502,49.234798,50.459307,51.615516,3404528.0
12/07/2007,85.629997,86.290001,84.540001,85.260002,52.645462,2509800,-,45.657937,49.096004,50.327235,51.241330,3425046.0
12/06/2007,86.099998,86.110001,84.349998,85.639999,52.880116,2466600,-,45.597779,48.988220,50.254268,50.956059,3430808.0
12/05/2007,84.690002,86.279999,84.150002,86.129997,53.182659,4080600,-,45.528255,48.891832,50.117375,50.626329,3436444.0
12/04/2007,81.769997,84.629997,81.769997,84.080002,51.916824,3694400,-,45.455034,48.784725,50.033514,50.319445,3394664.0
12/03/2007,80.540001,82.760002,80.540001,82.430000,50.898006,2914800,-,45.388537,48.706374,50.014172,50.056406,3376370.0
11/30/2007,82.930000,83.029999,80.660004,81.070000,50.058243,4115800,-,45.325769,48.643242,49.979761,49.894014,3397860.0
11/29/2007,82.199997,82.660004,80.989998,81.779999,50.496662,1982100,-,45.266077,48.591133,49.969225,49.783488,3356896.0
11/28/2007,81.820000,82.629997,80.510002,82.300003,50.817741,4182600,-,45.207105,48.543519,49.985892,49.637150,3399270.0
11/27/2007,80.699997,81.430000,79.830002,81.050003,50.045902,3240200,-,45.145436,48.469220,49.930626,49.447586,3407856.0
11/26/2007,80.480003,82.669998,79.489998,80.120003,49.471684,3970000,-,45.087171,48.386532,49.911190,49.303099,3432088.0
11/23/2007,80.669998,80.800003,79.180000,80.639999,49.792747,2633200,-,45.032831,48.336207,49.900509,49.413139,3426292.0
11/21/2007,80.250000,81.779999,80.169998,80.300003,49.582817,4738500,-,44.975229,48.273812,49.812678,49.552478,3443150.0
11/20/2007,79.790001,81.510002,79.790001,81.160004,50.113827,3163800,-,44.917894,48.200141,49.680387,49.608421,3428952.0
11/19/2007,79.459999,80.250000,79.000000,79.820000,49.286430,3298300,-,44.858234,48.118183,49.514177,49.747582,3445634.0
11/16/2007,79.919998,80.129997,78.489998,79.800003,49.274082,3625600,-,44.798946,48.033738,49.376442,49.971938,3482978.0
11/15/2007,79.250000,80.570000,78.480003,79.279999,48.952988,4053600,-,44.735621,47.947943,49.219675,50.065509,3485736.0
11/14/2007,79.550003,80.610001,79.050003,79.410004,49.033279,2963000,-,44.674745,47.885518,49.136069,50.154963,3493580.0
11/13/2007,79.660004,79.660004,77.559998,79.230003,48.922108,5506700,-,44.610335,47.801838,49.056122,50.334633,3524410.0
11/12/2007,82.050003,83.989998,78.839996,79.150002,48.601032,4991600,-,44.544431,47.726153,49.004761,50.413667,3494204.0
11/09/2007,84.919998,84.919998,82.110001,82.360001,50.572083,3522100,-,44.480343,47.622012,48.978971,50.519281,3460476.0
11/08/2007,81.730003,84.059998,81.730003,83.360001,51.186131,5048700,-,44.405798,47.471573,48.881339,50.387879,3453618.0
11/07/2007,82.400002,83.970001,81.660004,81.660004,50.142254,3647000,-,44.327791,47.322116,48.739803,50.072879,3420802.0
11/06/2007,83.849998,84.370003,82.370003,83.879997,51.505432,2989000,-,44.258076,47.168730,48.606557,49.752353,3451928.0
11/05/2007,79.879997,84.250000,79.879997,83.919998,51.529987,4980000,-,44.182028,46.999993,48.431863,49.280772,3474940.0
11/02/2007,81.500000,82.139999,80.510002,81.769997,50.209797,3218800,-,44.105043,46.867606,48.215108,48.780947,3423330.0
11/01/2007,82.470001,83.000000,80.860001,81.180000,49.847523,3756000,-,44.035563,46.752904,48.056381,48.373842,3415166.0
10/31/2007,81.080002,83.000000,81.080002,82.779999,50.829987,3296600,-,43.966961,46.648518,47.899188,48.117175,3409868.0
10/30/2007,80.330002,81.910004,79.660004,80.959999,49.712440,2487500,-,43.893145,46.509009,47.672302,47.777611,3393260.0
10/29/2007,80.599998,81.500000,80.029999,80.870003,49.657173,2946900,-,43.824434,46.391482,47.524013,47.595856,3401560.0
10/26/2007,79.669998,81.279999,78.510002,80.220001,49.258068,3500400,-,43.755880,46.274201,47.368048,47.438662,3504510.0
10/25/2007,76.000000,78.690002,75.690002,78.230003,48.036125,3761100,-,43.692063,46.116393,47.218836,47.374798,3624618.0
10/24/2007,76.000000,76.480003,75.169998,76.440002,46.937000,4762400,-,43.634988,46.004515,47.179843,47.406727,3629978.0
10/23/2007,76.000000,76.690002,75.629997,76.199997,46.789623,2240600,-,43.581812,45.935128,47.236028,47.460761,3597024.0
10/22/2007,74.489998,76.239998,73.760002,75.779999,46.531731,2752300,-,43.529373,45.893374,47.287913,47.582954,3614080.0
10/19/2007,76.430000,77.070000,74.849998,75.139999,46.138748,3897200,-,43.478675,45.851987,47.361291,47.649270,3682418.0
10/18/2007,76.870003,77.589996,76.650002,77.000000,47.280853,2367700,-,43.434432,45.847757,47.441423,47.738921,3754478.0
10/17/2007,78.500000,78.879997,76.519997,77.250000,47.434349,3277500,-,43.386135,45.834721,47.450020,47.681202,3818358.0
10/16/2007,78.290001,78.750000,77.550003,78.000000,47.894890,2771200,-,43.335444,45.796156,47.484100,47.566993,3884464.0
10/15/2007,79.230003,79.480003,77.550003,78.309998,48.085228,2502600,-,43.282088,45.744840,47.444494,47.452169,3939270.0
10/12/2007,79.250000,79.970001,78.400002,79.180000,48.619431,3054400,-,43.228565,45.650900,47.335810,47.297433,3998832.0
10/11/2007,78.010002,79.690002,77.660004,78.750000,48.355415,5636700,-,43.171707,45.592417,47.252610,47.062873,4037154.0
10/10/2007,78.199997,78.290001,76.709999,77.320000,47.477345,2449200,-,43.115025,45.529816,47.168488,46.952960,4072980.0
10/09/2007,77.290001,78.309998,76.959999,78.190002,48.011555,2707000,-,43.063576,45.436559,47.089584,47.011294,4170322.0
10/08/2007,76.330002,77.889999,76.199997,76.860001,47.194885,1613600,-,43.009848,45.324929,46.989804,46.992872,4273708.0
10/05/2007,76.320000,77.040001,76.139999,76.599998,47.035255,2198000,-,42.960174,45.230852,46.883268,47.073312,4412756.0
10/04/2007,75.410004,76.900002,75.180000,76.059998,46.703663,2023500,-,42.911056,45.155592,46.780723,47.143925,4608138.0
10/03/2007,76.019997,76.290001,75.230003,75.389999,46.292259,2277900,-,42.866158,45.130176,46.737126,47.218838,4791180.0
10/02/2007,76.400002,76.660004,75.500000,76.129997,46.746655,5243300,-,42.822774,45.131297,46.664976,47.401207,4881904.0
10/01/2007,75.860001,77.099998,74.000000,75.790001,46.537872,3537400,-,42.776184,45.177406,46.584536,47.436820,4865884.0
09/28/2007,76.760002,77.239998,75.040001,75.360001,46.273830,4654500,-,42.730126,45.209624,46.427342,47.374186,4902644.0
09/27/2007,78.599998,78.900002,76.690002,76.959999,47.256279,2797900,-,42.684846,45.285697,46.266158,47.442347,4962020.0
09/26/2007,78.110001,79.029999,77.769997,78.269997,48.060684,2748400,-,42.633719,45.300252,46.089009,47.384016,4973710.0
09/25/2007,77.949997,78.980003,77.839996,77.889999,47.827339,1991600,-,42.579776,45.287000,45.809621,47.167875,4974826.0
09/24/2007,77.750000,78.910004,77.370003,78.169998,47.999283,2779700,-,42.527602,45.270847,45.571682,46.986735,4993004.0
09/21/2007,78.209999,78.690002,77.279999,77.750000,47.741390,3989300,-,42.475713,45.264927,45.417251,46.693224,5006182.0
09/20/2007,78.150002,78.639999,77.279999,77.279999,47.452785,2067600,-,42.423517,45.245855,45.253916,46.417521,4978912.0
09/19/2007,77.190002,79.379997,77.180000,78.360001,48.115952,4100800,-,42.371227,45.211559,45.112687,46.255414,4976670.0
09/18/2007,75.000000,76.790001,75.000000,76.709999,47.102783,4611900,-,42.313633,45.159240,44.899616,45.928745,4963140.0
09/17/2007,76.389999,76.650002,74.239998,74.769997,45.911537,4451800,-,42.260652,45.147935,44.736282,45.732253,4909514.0
09/14/2007,75.510002,76.860001,75.220001,76.470001,46.955433,3680200,-,42.211187,45.162408,44.630361,45.480498,4872806.0
09/13/2007,75.110001,76.589996,75.110001,76.010002,46.672977,3476100,-,42.155147,45.157956,44.350973,45.089969,4868550.0
09/12/2007,74.580002,75.379997,74.339996,74.750000,45.899265,4028600,-,42.101513,45.153538,44.139436,44.794001,4840242.0
09/11/2007,73.739998,75.290001,73.550003,74.940002,46.015942,3997900,-,42.050603,45.167280,44.017856,44.451368,4861230.0
09/10/2007,73.889999,74.669998,72.849998,73.389999,45.064171,5165500,-,41.997453,45.133158,43.952154,44.156629,4855296.0
09/07/2007,76.320000,76.320000,72.820000,73.260002,44.984360,3763500,-,41.946590,45.111968,43.922066,44.141278,4816074.0
09/06/2007,72.900002,74.809998,72.250000,74.639999,45.831722,4445800,-,41.898206,45.096037,43.969208,44.090311,4808184.0
09/05/2007,72.989998,73.559998,72.190002,73.040001,44.849258,4504500,-,41.845313,45.048510,44.009076,43.969960,4787440.0
09/04/2007,72.599998,73.830002,71.660004,73.510002,45.137863,3996400,-,41.798056,45.021365,44.041917,43.870487,4776672.0
08/31/2007,71.139999,71.610001,70.070000,70.669998,43.393990,3305200,-,41.750682,44.973433,44.051478,43.740311,4770592.0
08/30/2007,70.839996,71.000000,69.519997,70.110001,43.050140,3179200,-,41.711153,44.983206,44.051191,43.780223,4773562.0
08/29/2007,69.169998,71.639999,69.169998,71.190002,43.713295,3407900,-,41.675634,44.992898,44.183448,43.611977,4778894.0
08/28/2007,69.860001,70.519997,68.769997,69.169998,42.472939,5203300,-,41.635631,45.020941,44.259050,43.484871,4764596.0
08/27/2007,73.010002,73.019997,69.919998,70.139999,43.068554,4139600,-,41.601651,45.072571,44.276130,43.584344,4710708.0
08/24/2007,72.610001,73.320000,71.709999,73.139999,44.910664,2399500,-,41.564782,45.120345,44.244203,43.747678,4734912.0
08/23/2007,73.059998,73.500000,71.910004,72.430000,44.474689,2810600,-,41.521846,45.110648,44.123223,43.702853,4766430.0
08/22/2007,71.730003,72.680000,71.010002,72.680000,44.628208,3491100,-,41.481898,45.101248,44.063102,43.848105,4805328.0
08/21/2007,70.800003,71.889999,70.699997,71.419998,43.854530,2466200,-,41.443995,45.071077,44.103333,44.048193,4814968.0
08/20/2007,71.709999,71.889999,69.419998,71.389999,43.836098,2902500,-,41.411218,45.074813,44.228024,44.213348,4891590.0
08/17/2007,67.599998,72.010002,67.599998,71.320000,43.793118,8094400,-,41.377545,45.060607,44.488823,44.362646,4925278.0
08/16/2007,68.809998,69.099998,64.730003,67.370003,41.367676,9505800,-,41.344416,45.038228,44.706607,44.322159,4897818.0
08/15/2007,69.910004,72.690002,68.809998,69.120003,42.442238,4029100,-,41.324343,45.097071,45.142096,44.754920,4813654.0
08/14/2007,73.430000,73.430000,70.629997,70.790001,43.467670,3114700,-,41.302069,45.154808,45.419185,45.033229,4801682.0
08/13/2007,73.070000,74.330002,72.050003,72.800003,44.701893,3093400,-,41.273351,45.206928,45.615707,44.967916,4826632.0
08/10/2007,74.050003,76.440002,72.500000,72.849998,44.462410,6169200,-,41.236188,45.248035,45.731597,44.740728,4863276.0
08/09/2007,75.400002,77.360001,73.760002,75.250000,45.927212,7500200,-,41.200850,45.310899,45.893640,44.543593,4862972.0
08/08/2007,75.720001,76.650002,74.790001,76.400002,46.629086,5561700,-,41.157709,45.320420,45.936668,44.278099,4848984.0
08/07/2007,73.489998,76.080002,72.870003,74.559998,45.506077,6582800,-,41.110281,45.286852,45.892114,44.158474,4827480.0
08/06/2007,71.639999,74.500000,70.029999,74.269997,45.329082,5511500,-,41.067271,45.270862,45.891809,44.242699,4767822.0
08/03/2007,74.500000,76.000000,70.730003,71.089996,43.388248,5480700,-,41.023200,45.264514,45.952232,44.615000,4786016.0
08/02/2007,72.419998,75.209999,72.419998,74.870003,45.695282,4970500,-,40.987636,45.332871,46.114579,45.091055,4718588.0
08/01/2007,70.500000,74.690002,70.449997,74.099998,45.225334,7428000,-,40.940657,45.363265,46.166456,45.529272,4668050.0
07/31/2007,73.709999,73.709999,70.029999,70.150002,42.814541,7316300,-,40.895369,45.405500,46.227794,45.805140,4574038.0
07/30/2007,69.900002,70.500000,67.849998,69.519997,42.430012,7876300,-,40.862554,45.506814,46.416385,46.263497,4498092.0
07/27/2007,70.599998,71.879997,69.620003,69.620003,42.491055,8566000,-,40.832380,45.597143,46.510377,46.722466,4379934.0
07/26/2007,73.120003,73.250000,69.110001,70.900002,43.272270,11967100,-,40.800674,45.695772,46.586058,47.243688,4241702.0
07/25/2007,77.489998,78.449997,71.660004,74.440002,45.432838,11175600,-,40.765301,45.769622,46.631834,47.595237,4056816.0
07/24/2007,78.669998,80.010002,75.629997,75.940002,46.348331,6814100,-,40.719813,45.793914,46.532961,47.625755,3878156.0
07/23/2007,78.500000,80.720001,78.320000,80.370003,49.052086,4442300,-,40.670646,45.801115,46.390145,47.540919,3795326.0
07/20/2007,80.099998,81.190002,78.839996,78.889999,48.148800,5375400,-,40.606643,45.746430,46.074605,47.289465,3810394.0
07/19/2007,79.279999,82.599998,78.769997,82.050003,50.077454,7623300,-,40.547127,45.724617,45.861296,47.138102,3761290.0
07/18/2007,76.980003,78.839996,76.709999,78.620003,47.984016,3382400,-,40.477938,45.661318,45.534160,46.803641,3721722.0
07/17/2007,77.800003,78.000000,77.070000,77.660004,47.398106,2804200,-,40.421490,45.652267,45.390732,46.650447,3727112.0
07/16/2007,77.809998,78.370003,76.769997,77.040001,47.019699,2900500,-,40.369169,45.632724,45.273549,46.569274,3733930.0
07/13/2007,76.760002,78.379997,76.239998,78.160004,47.703278,3438600,-,40.316196,45.625361,45.195427,46.298288,3759266.0
07/12/2007,74.959999,76.660004,74.830002,76.660004,46.787766,2625800,-,40.259087,45.606754,45.031553,45.928428,3730684.0
07/11/2007,74.750000,75.389999,74.269997,74.940002,45.738014,1955500,-,40.203323,45.598812,44.892398,45.668430,3739038.0
07/10/2007,75.629997,76.209999,74.519997,74.550003,45.499977,3424300,-,40.151491,45.599242,44.761482,45.440166,3767640.0
07/09/2007,76.519997,77.129997,75.879997,76.250000,46.537537,1930600,-,40.101987,45.614386,44.688549,45.239370,3757994.0
07/06/2007,76.440002,76.589996,74.790001,76.410004,46.635178,2616400,-,40.046486,45.611447,44.517962,44.859746,3810442.0
07/05/2007,76.849998,77.070000,75.220001,76.570000,46.732838,3467400,-,39.989091,45.596726,44.319911,44.584489,3860008.0
07/03/2007,76.870003,77.120003,75.459999,76.110001,46.452084,2060700,-,39.932643,45.572163,44.198761,44.264679,3859004.0
07/02/2007,74.000000,76.339996,73.580002,76.330002,46.586372,5078000,-,39.873290,45.542050,44.142611,44.131017,3876588.0
06/29/2007,72.199997,73.760002,71.589996,72.599998,44.309834,3701200,-,39.814762,45.499664,44.116976,43.977824,3917142.0
06/28/2007,72.400002,73.610001,71.910004,72.099998,44.004681,3204400,-,39.767407,45.495405,44.239347,44.092566,3900450.0
06/27/2007,70.199997,72.480003,70.199997,72.400002,44.187790,3369000,-,39.723493,45.507080,44.419394,44.134678,3911476.0
06/26/2007,71.620003,72.489998,71.199997,71.199997,43.455372,3408600,-,39.680250,45.507810,44.530168,44.116367,3889272.0
06/25/2007,70.290001,72.769997,70.129997,71.260002,43.492012,3966100,-,39.641058,45.507776,44.604933,44.082798,3852956.0
06/22/2007,71.489998,72.050003,70.029999,70.029999,42.741302,3692400,-,39.601653,45.498635,44.665660,44.137728,3814406.0
06/21/2007,71.050003,72.820000,70.930000,71.900002,43.882603,3453700,-,39.566421,45.507058,44.779181,44.176178,3814126.0
06/20/2007,74.150002,74.540001,71.220001,71.330002,43.534737,3445800,-,39.528206,45.504183,44.925354,44.055333,3800918.0
06/19/2007,73.440002,74.269997,73.190002,73.919998,45.115471,2693000,-,39.493047,45.510208,45.109368,44.132843,3767446.0
06/18/2007,74.480003,74.500000,73.239998,73.820000,45.054436,2508900,-,39.447410,45.482676,45.220447,44.154204,3745242.0
06/15/2007,74.239998,75.070000,73.699997,74.480003,45.457253,5349800,-,39.402618,45.451753,45.361737,44.256128,3734158.0
06/14/2007,72.480003,73.690002,72.160004,72.790001,44.425800,3975400,-,39.357277,45.404764,45.436198,44.386129,3685124.0
06/13/2007,71.360001,72.150002,70.830002,72.099998,44.004681,4755500,-,39.314431,45.381802,45.586034,44.704110,3680936.0
06/12/2007,71.290001,71.830002,70.500000,70.650002,43.119690,3973100,-,39.275515,45.356097,45.734038,44.943969,3649336.0
06/11/2007,71.010002,72.660004,70.800003,72.160004,44.041306,6297300,-,39.241474,45.327581,45.910424,45.127068,3676320.0
06/08/2007,70.260002,71.220001,69.750000,70.660004,43.125805,4586900,-,39.203154,45.285367,46.043780,45.193592,3606446.0
06/07/2007,72.099998,72.599998,69.730003,69.919998,42.674152,6721400,-,39.167046,45.262069,46.203382,45.382183,3598580.0
06/06/2007,73.440002,73.870003,72.040001,72.599998,44.309834,5297600,-,39.132808,45.231664,46.422581,45.795376,3514022.0
06/05/2007,74.629997,75.519997,73.970001,74.269997,45.329082,3430500,-,39.087189,45.172549,46.552714,46.085893,3453450.0
06/04/2007,75.889999,76.360001,75.010002,75.489998,46.073673,4362200,-,39.037102,45.087831,46.662832,46.286690,3462704.0
06/01/2007,78.050003,78.779999,76.099998,76.610001,46.757267,4925600,-,38.984759,44.988464,46.680198,46.467347,3498390.0
05/31/2007,76.239998,78.169998,75.040001,78.000000,47.605614,6154000,-,38.927262,44.891202,46.674912,46.486266,3476444.0
05/30/2007,73.400002,76.110001,73.269997,76.029999,46.403271,6800800,-,38.862560,44.764837,46.633278,46.467957,3402870.0
05/29/2007,74.120003,74.349998,73.019997,73.650002,44.950676,4486500,-,38.803481,44.646378,46.632646,46.524107,3303084.0
05/25/2007,74.300003,74.599998,72.419998,73.250000,44.706547,3599900,-,38.751784,44.545684,46.673090,46.693781,3282560.0
05/24/2007,76.400002,76.699997,73.709999,73.750000,45.011719,6421200,-,38.701455,44.456183,46.750619,46.893969,3263596.0
05/23/2007,77.449997,78.199997,76.599998,76.690002,46.806076,2109300,-,38.648858,44.350385,46.819565,47.024580,3192820.0
05/22/2007,77.959999,78.239998,77.070000,77.360001,47.215008,2443600,-,38.589400,44.202509,46.774217,47.049786,3222280.0
05/21/2007,79.019997,79.019997,77.559998,77.559998,47.337051,2727400,-,38.527599,44.060655,46.688701,47.019535,3234912.0
05/18/2007,77.050003,78.540001,76.919998,78.449997,47.880241,3519000,-,38.465694,43.896578,46.569171,47.038975,3231342.0
05/17/2007,77.370003,77.449997,76.309998,76.919998,46.946461,1968400,-,38.401430,43.721758,46.398511,46.893048,3202706.0
05/16/2007,77.739998,77.830002,76.800003,77.699997,47.422520,1654400,-,38.338802,43.565129,46.256033,46.863558,3206768.0
05/15/2007,76.680000,77.830002,76.680000,76.949997,46.964775,2722800,-,38.275132,43.403226,46.114326,46.798599,3235824.0
05/14/2007,76.739998,77.129997,76.110001,76.430000,46.647408,2242600,-,38.213245,43.238099,45.977304,46.741184,3294300.0
05/11/2007,76.099998,76.779999,75.650002,76.529999,46.708427,2672600,-,38.157077,43.084538,45.817617,46.652399,3350016.0
05/10/2007,77.410004,77.849998,76.279999,76.330002,46.317829,5195700,-,38.100930,42.951480,45.633944,46.607270,3365942.0
05/09/2007,78.139999,78.139999,77.180000,77.550003,47.058140,2920200,-,38.046380,42.825263,45.476174,46.614550,3351030.0
05/08/2007,79.379997,79.379997,77.169998,77.309998,46.912502,5644900,-,37.986018,42.684968,45.310210,46.498647,3415756.0
05/07/2007,76.029999,78.510002,76.029999,78.330002,47.531445,3651900,-,37.926176,42.588728,45.156384,46.357866,3486876.0
05/04/2007,76.889999,77.250000,76.239998,76.500000,46.420979,3145100,-,37.862705,42.450376,44.966755,46.099366,3533054.0
05/03/2007,77.150002,77.750000,76.150002,76.879997,46.651558,4167300,-,37.803596,42.301464,44.821120,45.903974,3517902.0
05/02/2007,76.769997,77.239998,76.470001,77.080002,46.772930,2009500,-,37.743276,42.139203,44.643932,45.648507,3467800.0
05/01/2007,75.769997,76.500000,75.199997,76.449997,46.390625,3043500,-,37.680891,41.976093,44.469171,45.430054,3458200.0
04/30/2007,76.720001,77.500000,75.330002,75.410004,45.759560,3385600,-,37.620449,41.815167,44.285611,45.213423,3438172.0
04/27/2007,75.910004,76.540001,75.510002,76.230003,46.257133,2942000,-,37.563161,41.662372,44.082329,44.982835,3414318.0
04/26/2007,75.790001,77.510002,75.790001,76.449997,46.390625,4553000,-,37.504693,41.511276,43.866001,44.660619,3388520.0
04/25/2007,75.000000,76.000000,74.870003,75.639999,45.899117,5094700,-,37.443745,41.353142,43.644517,44.337798,3344042.0
04/24/2007,74.199997,75.330002,73.629997,74.989998,45.504692,3417200,-,37.383590,41.203017,43.407254,44.121773,3298322.0
04/23/2007,73.500000,74.720001,73.500000,74.070000,44.946445,2939900,-,37.325467,41.064999,43.199725,43.954901,3288938.0
04/20/2007,73.519997,74.000000,71.160004,73.279999,44.467052,7105700,-,37.271799,40.931517,43.007062,43.834143,3266826.0
04/19/2007,74.500000,74.500000,72.589996,72.669998,44.096889,2866600,-,37.221657,40.804490,42.838975,43.738267,3167972.0
04/18/2007,72.790001,73.620003,72.660004,73.480003,44.588398,3755700,-,37.170097,40.686191,42.728839,43.639357,3188620.0
04/17/2007,71.589996,73.000000,71.330002,72.879997,44.224319,2258800,-,37.114920,40.542997,42.563788,43.508287,3188224.0
04/16/2007,71.910004,72.070000,71.019997,71.610001,43.453678,1592800,-,37.061772,40.390694,42.376587,43.357799,3216336.0
04/13/2007,72.000000,72.000000,70.290001,70.919998,43.034969,2038600,-,37.012595,40.257177,42.199702,43.181823,3238298.0
04/12/2007,72.309998,72.379997,70.949997,71.129997,43.162415,3678400,-,36.966850,40.119501,42.059530,43.071384,3241596.0
04/11/2007,72.239998,72.489998,71.860001,72.080002,43.738873,2793300,-,36.920259,39.971079,41.887498,42.951236,3211476.0
04/10/2007,72.199997,72.389999,71.930000,72.239998,43.835968,1772200,-,36.870489,39.811973,41.671170,42.692736,3210806.0
04/09/2007,71.550003,72.349998,71.540001,72.080002,43.738873,1582800,-,36.819937,39.648514,41.485486,42.444550,3231460.0
04/05/2007,71.040001,71.699997,70.839996,71.699997,43.508289,1954700,-,36.770553,39.485430,41.255203,42.179981,3272958.0
04/04/2007,71.519997,71.519997,70.809998,71.040001,43.107792,2898100,-,36.721520,39.339251,41.036751,41.939683,3270572.0
04/03/2007,71.000000,71.389999,70.610001,71.320000,43.277699,3766000,-,36.678026,39.203010,40.837111,41.818322,3268328.0
04/02/2007,68.860001,70.529999,68.669998,70.400002,42.719433,3175500,-,36.633980,39.060117,40.639594,41.619288,3239758.0
03/30/2007,69.110001,69.500000,66.519997,68.709999,41.693920,5322300,-,36.590526,38.932005,40.439043,41.395376,3212818.0
03/29/2007,69.349998,69.820000,68.750000,69.099998,41.930580,2803600,-,36.555380,38.820668,40.302815,41.217582,3154280.0
03/28/2007,67.910004,69.959999,67.699997,69.150002,41.960938,4193600,-,36.519793,38.703392,40.209063,41.047676,3152676.0
03/27/2007,67.860001,68.440002,67.430000,67.820000,41.153866,2493500,-,36.481856,38.583580,40.111366,40.823761,3113936.0
03/26/2007,67.370003,68.230003,66.940002,68.150002,41.354111,2269000,-,36.445813,38.479427,40.055843,40.649605,3130558.0
03/23/2007,67.250000,67.930000,66.889999,67.720001,41.093182,3893200,-,36.408324,38.382238,40.093162,40.526423,3126300.0
03/22/2007,68.599998,68.940002,66.599998,67.739998,41.105312,6146500,-,36.373149,38.292798,40.069194,40.330424,3107244.0
03/21/2007,67.849998,69.550003,67.540001,69.040001,41.894176,3828300,-,36.338984,38.196727,39.962699,40.133819,3037278.0
03/20/2007,66.550003,68.040001,66.220001,68.040001,41.287361,2475300,-,36.302659,38.084880,39.794915,39.855900,2995544.0
03/19/2007,66.190002,66.739998,65.809998,66.709999,40.480312,1811500,-,36.268178,37.986976,39.661417,39.659900,3005220.0
03/16/2007,66.639999,66.750000,65.550003,65.779999,39.915981,3460300,-,36.234047,37.923172,39.554619,39.482711,3012126.0
03/15/2007,65.459999,66.400002,65.129997,66.300003,40.231518,2651700,-,36.198635,37.877283,39.464810,39.388048,2997346.0
03/14/2007,64.949997,65.730003,64.300003,65.459999,39.721786,2882400,-,36.164083,37.818575,39.388352,39.370451,2976304.0
03/13/2007,66.120003,66.910004,64.849998,64.949997,39.412312,3582300,-,36.128543,37.768615,39.326458,39.398971,2936052.0
03/12/2007,64.500000,66.250000,64.459999,66.120003,40.122288,3075200,-,36.094461,37.727978,39.275486,39.462080,2889574.0
03/09/2007,65.099998,65.330002,64.300003,64.489998,39.133198,2548900,-,36.056412,37.670491,39.199561,39.659902,2843298.0
03/08/2007,64.900002,65.169998,64.410004,64.500000,39.139259,2087200,-,36.025271,37.628205,39.156519,39.807963,2814890.0
03/07/2007,64.800003,65.449997,64.400002,64.459999,39.114983,2171500,-,35.994160,37.589173,39.105339,39.791579,2803344.0
03/06/2007,64.150002,64.830002,63.869999,64.809998,39.327358,3107200,-,35.961861,37.552193,39.058689,39.733931,2800256.0
03/05/2007,63.990002,64.830002,63.599998,63.790001,38.708427,5646600,-,35.926807,37.510845,38.963756,39.662935,2783494.0
03/02/2007,65.510002,66.019997,64.220001,64.220001,38.969353,5028400,-,35.898295,37.480911,38.858791,39.626526,2717382.0
03/01/2007,65.500000,66.449997,63.869999,66.010002,40.055546,3468900,-,35.869103,37.456004,38.749216,39.541573,2679180.0
02/28/2007,65.959999,66.900002,65.349998,65.930000,40.006989,4450100,-,35.832220,37.407203,38.553996,39.406253,2653248.0
02/27/2007,68.900002,69.070000,65.550003,65.989998,40.043400,6156500,-,35.795016,37.355637,38.340713,39.253944,2626840.0
02/26/2007,67.599998,72.309998,67.300003,69.379997,42.100506,9200900,-,35.758046,37.301294,38.127721,39.088892,2574514.0
02/23/2007,64.989998,67.190002,64.800003,66.930000,40.613811,5960800,-,35.711027,37.203640,37.805847,38.739221,2433322.0
02/22/2007,63.529999,64.339996,63.400002,64.230003,38.975414,2387500,-,35.672208,37.131983,37.554390,38.505074,2381818.0
02/21/2007,63.279999,63.650002,63.070000,63.509998,38.538502,1662200,-,35.644443,37.097915,37.415587,38.419100,2383232.0
02/20/2007,63.430000,63.919998,63.259998,63.639999,38.617401,1529500,-,35.616532,37.074995,37.303449,38.383447,2404580.0
02/16/2007,62.619999,63.320000,62.180000,63.189999,38.344341,2042100,-,35.586633,37.055078,37.179232,38.264577,2460918.0
02/15/2007,63.320000,63.610001,62.650002,62.820000,38.119816,2192900,-,35.556919,37.034234,37.077707,38.091056,2480024.0
02/14/2007,63.630001,64.040001,63.500000,63.779999,38.702347,1652100,-,35.525081,37.011734,36.978068,37.956860,2501902.0
02/13/2007,63.549999,63.580002,63.029999,63.419998,38.483902,2329100,-,35.490921,36.969628,36.846289,37.701739,2522294.0
02/12/2007,64.059998,64.099998,63.619999,63.709999,38.392879,2808700,-,35.458325,36.930084,36.720611,37.427483,2557604.0
02/09/2007,63.630001,64.279999,63.470001,64.059998,38.603794,2948000,-,35.423971,36.882597,36.598280,37.166550,2558512.0
02/08/2007,62.830002,63.660000,62.830002,63.509998,38.272346,1834300,-,35.392606,36.825469,36.492822,36.872473,2588972.0
02/07/2007,63.139999,63.400002,62.610001,63.250000,38.115673,2163000,-,35.365465,36.778947,36.410264,36.603706,2579586.0
02/06/2007,62.730000,63.520000,62.299999,63.360001,38.181969,3899000,-,35.332556,36.730979,36.319570,36.412073,2603940.0
02/05/2007,60.869999,62.130001,60.480000,62.110001,37.428707,3735900,-,35.299995,36.675056,36.225561,36.223452,2611254.0
02/02/2007,60.889999,60.930000,60.349998,60.750000,36.609127,3664400,-,35.269635,36.624315,36.173734,36.093887,2624888.0
02/01/2007,60.849998,61.160000,59.930000,61.029999,36.777855,2690900,-,35.243433,36.598282,36.207783,36.064358,2699050.0
01/31/2007,59.299999,60.139999,59.099998,59.990002,36.151138,2203500,-,35.212020,36.567790,36.249967,35.999276,2772054.0
01/30/2007,59.400002,59.810001,59.160000,59.310001,35.741337,2172400,-,35.183917,36.552724,36.307215,35.990839,2859344.0
01/29/2007,59.029999,59.470001,58.849998,59.380001,35.783550,2759800,-,35.157952,36.551158,36.381338,36.013740,2943218.0
01/26/2007,58.950001,59.369999,58.740002,59.180000,35.663025,2804900,-,35.131126,36.545252,36.461185,36.030011,3027742.0
01/25/2007,60.160000,60.410000,59.049999,59.049999,35.584675,3657700,-,35.106821,36.550916,36.540429,36.113171,3076298.0
01/24/2007,59.700001,60.470001,59.599998,60.070000,36.199348,1835400,-,35.082200,36.553479,36.612140,36.216822,3119494.0
01/23/2007,59.529999,60.500000,59.290001,60.230000,36.295757,2785900,-,35.058548,36.543029,36.661555,36.227066,3227378.0
01/22/2007,60.099998,60.349998,59.869999,59.959999,36.133057,2337500,-,35.037248,36.531011,36.710067,36.227670,3307668.0
01/19/2007,59.990002,60.259998,59.820000,60.259998,36.313835,1828500,-,35.014370,36.534817,36.766413,36.253582,3351720.0
01/18/2007,60.730000,60.730000,59.400002,59.950001,36.127037,2395400,-,34.988434,36.538241,36.811308,36.351208,3410492.0
01/17/2007,59.599998,60.029999,59.430000,59.849998,36.066772,2723400,-,34.963904,36.556654,36.891155,36.500657,3446328.0
01/16/2007,59.950001,60.020000,59.560001,59.689999,35.970345,2256600,-,34.940532,36.581300,36.968591,36.623591,3458892.0
01/12/2007,60.360001,60.680000,59.160000,59.650002,35.946255,3324600,-,34.920533,36.603924,37.041509,36.748936,3486044.0
01/11/2007,60.880001,61.139999,60.279999,60.560001,36.494633,2056100,-,34.899121,36.628347,37.110509,36.892360,3493478.0
01/10/2007,61.020000,61.189999,60.150002,60.770000,36.621178,2940400,-,34.875911,36.645514,37.146666,36.967686,3523796.0
01/09/2007,61.000000,61.000000,59.840000,60.240002,36.301792,2648200,-,34.854488,36.672840,37.167156,37.007459,3546800.0
01/08/2007,60.290001,60.779999,60.049999,60.240002,36.301792,1741600,-,34.835429,36.701286,37.215667,37.096045,3556374.0
01/05/2007,61.599998,61.639999,60.119999,60.389999,36.392181,2959100,-,34.817226,36.720634,37.270204,37.192465,3569326.0
01/04/2007,62.430000,62.580002,61.720001,61.880001,37.290096,2156800,-,34.796476,36.740688,37.331671,37.279243,3563894.0
01/03/2007,61.889999,62.990002,61.720001,62.430000,37.621529,2721300,-,34.773656,36.740868,37.332274,37.271408,3565296.0
12/29/2006,61.700001,62.060001,61.570000,61.889999,37.296112,1599600,-,34.750507,36.731306,37.300937,37.281652,3561716.0
12/28/2006,61.849998,62.240002,61.700001,61.770000,37.223797,869800,-,34.730372,36.723464,37.265986,37.313591,3592238.0
12/27/2006,61.990002,62.279999,61.820000,62.029999,37.380486,1258400,-,34.709742,36.709287,37.230130,37.334082,3630990.0
12/26/2006,61.410000,61.900002,61.009998,61.810001,37.247898,761400,-,34.688683,36.687187,37.162033,37.328659,3642682.0
12/22/2006,61.570000,61.900002,61.029999,61.430000,37.018909,1128500,-,34.665986,36.668217,37.087008,37.325647,3730716.0
12/21/2006,61.849998,62.099998,61.500000,61.709999,37.187649,1509900,-,34.644610,36.651194,37.033375,37.326852,3762592.0
12/20/2006,61.599998,61.930000,61.509998,61.840000,37.265991,2017100,-,34.620030,36.632472,36.959856,37.335289,3802734.0
12/19/2006,61.500000,62.060001,61.400002,61.830002,37.259964,2269100,-,34.596357,36.615056,36.865847,37.347943,3807758.0
12/18/2006,62.500000,62.500000,61.540001,61.750000,37.211742,2341000,-,34.572094,36.592852,36.747432,37.384100,3794100.0
12/15/2006,62.610001,62.820000,62.230000,62.599998,37.723976,3118300,-,34.548486,36.572570,36.652218,37.393140,3796712.0
12/14/2006,62.110001,62.820000,61.900002,62.419998,37.615498,2172300,-,34.528129,36.544798,36.528681,37.320222,3773490.0
12/13/2006,62.150002,62.330002,61.709999,62.110001,37.428707,3129700,-,34.506840,36.522786,36.417799,37.218381,3785780.0
12/12/2006,61.650002,62.279999,61.480000,61.939999,37.326260,3540200,-,34.486278,36.499243,36.329515,37.126178,3879838.0
12/11/2006,61.349998,61.770000,61.200001,61.759998,37.217770,2141300,-,34.468176,36.477629,36.237615,36.995407,3886326.0
12/08/2006,61.650002,61.820000,61.180000,61.450001,37.030964,3385600,-,34.453420,36.458065,36.174039,36.848369,3962854.0
12/07/2006,62.250000,62.310001,61.520000,61.849998,37.272015,2458200,-,34.436794,36.451335,36.108131,36.739898,3960140.0
12/06/2006,62.599998,62.720001,61.779999,62.049999,37.392536,2729600,-,34.419317,36.444574,36.028374,36.584423,3991572.0
12/05/2006,61.770000,62.650002,61.580002,62.430000,37.621529,4346400,-,34.400854,36.425226,35.943489,36.383751,3993360.0
12/04/2006,61.700001,62.250000,61.540001,61.900002,37.302143,2997400,-,34.379918,36.398424,35.878581,36.110764,3998040.0
12/01/2006,61.020000,61.549999,60.820000,61.389999,36.994804,3286800,-,34.358513,36.365081,35.837724,35.911296,4023920.0
11/30/2006,60.299999,60.880001,59.930000,60.730000,36.597084,2671700,-,34.337258,36.332616,35.840368,35.737140,4073518.0
11/29/2006,59.759998,60.700001,59.759998,60.580002,36.506672,4094600,-,34.319585,36.312656,35.875469,35.617218,4102756.0
11/28/2006,59.330002,60.070000,59.110001,59.770000,36.018559,2854100,-,34.302335,36.291271,35.905213,35.532853,4108396.0
11/27/2006,59.650002,59.689999,59.000000,59.320000,35.747383,4471000,-,34.286286,36.274022,35.962655,35.479822,4140110.0
11/24/2006,59.150002,59.689999,59.049999,59.650002,35.946255,1365000,-,34.272950,36.267942,36.042934,35.499709,4287384.0
11/22/2006,58.709999,59.360001,58.599998,59.270000,35.717262,3380700,-,34.255866,36.240646,36.144996,35.476363,4308990.0
11/21/2006,58.320000,59.000000,58.320000,58.720001,35.385815,4264700,-,34.237816,36.223915,36.245338,35.472325,4300556.0
11/20/2006,58.250000,58.570000,57.830002,57.900002,34.891663,4417600,-,34.223241,36.212975,36.339505,35.503227,4283462.0
11/17/2006,58.500000,58.599998,58.150002,58.590000,35.307465,7372500,-,34.213012,36.219580,36.464666,35.646398,4271360.0
11/16/2006,58.599998,58.910000,58.459999,58.500000,35.253246,6341100,-,34.200469,36.224215,36.564247,35.764151,4157978.0
11/15/2006,59.150002,59.150002,58.660000,58.740002,35.397858,6568000,-,34.188725,36.231490,36.658757,35.943596,4096604.0
11/14/2006,59.000000,59.360001,59.000000,59.180000,35.663025,6366100,-,34.179393,36.235754,36.734065,36.133720,4013380.0
11/13/2006,59.790001,59.799999,58.889999,58.889999,35.488247,6986000,-,34.169321,36.236390,36.776660,36.277572,3943738.0
11/10/2006,59.669998,60.270000,59.610001,60.049999,35.946255,5232700,-,34.158072,36.251416,36.816022,36.445488,3864118.0
11/09/2006,59.450001,59.759998,59.209999,59.660000,35.712799,5817500,-,34.147141,36.262550,36.833681,36.586159,3819054.0
11/08/2006,59.099998,59.990002,58.860001,59.599998,35.676876,7229600,-,34.136380,36.268057,36.856428,36.813628,3817474.0
11/07/2006,60.430000,60.700001,59.459999,59.630001,35.694839,6800400,-,34.127470,36.276438,36.885161,37.018351,3804138.0
11/06/2006,61.000000,61.270000,60.599998,60.680000,36.323368,4540100,-,34.121458,36.290325,36.920179,37.175783,3824786.0
11/03/2006,61.930000,61.990002,60.910000,60.950001,36.484997,4767100,-,34.111395,36.280987,36.911499,37.282933,3798534.0
11/02/2006,62.060001,62.240002,61.750000,61.889999,37.047695,4187200,-,34.098884,36.275719,36.897132,37.364344,3737502.0
11/01/2006,62.180000,62.430000,61.849998,62.310001,37.299099,3351600,-,34.083002,36.260994,36.861515,37.373917,3715244.0
10/31/2006,61.900002,62.099998,61.779999,61.980000,37.101547,3614200,-,34.065219,36.242557,36.822306,37.334410,3765726.0
10/30/2006,62.410000,62.560001,61.669998,62.090000,37.167400,3696300,-,34.046665,36.218612,36.779806,37.275748,3788568.0
10/27/2006,63.000000,63.020000,61.759998,62.400002,37.352966,3572000,-,34.024676,36.191795,36.733714,37.186557,3926910.0
10/26/2006,62.939999,63.520000,62.939999,63.459999,37.987492,4090600,-,33.998097,36.148456,36.678043,37.081203,3957136.0
10/25/2006,62.259998,63.619999,62.259998,63.020000,37.724110,3126900,-,33.968316,36.094941,36.613393,36.899227,3952492.0
10/24/2006,62.099998,62.490002,61.810001,62.259998,37.269157,2389200,-,33.940701,36.052559,36.573885,36.751971,3969186.0
10/23/2006,61.900002,62.730000,61.759998,62.470001,37.394871,2687500,-,33.916475,36.012333,36.531683,36.664574,4000818.0
10/20/2006,62.400002,62.400002,61.759998,62.310001,37.299099,2226900,-,33.892030,35.957740,36.476013,36.540065,3999052.0
10/19/2006,61.500000,62.160000,61.290001,62.049999,37.143433,2542300,-,33.864900,35.903507,36.392806,36.429921,4052186.0
10/18/2006,61.400002,61.810001,61.139999,61.650002,36.904026,3125700,-,33.839222,35.852862,36.304214,36.349112,4053336.0
10/17/2006,60.630001,61.139999,60.599998,61.000000,36.514927,2807400,-,33.814741,35.807600,36.238966,36.310202,4047544.0
10/16/2006,60.549999,60.830002,60.209999,60.599998,36.275486,1843000,-,33.787869,35.767147,36.185091,36.283864,4115404.0
10/13/2006,60.599998,60.980000,59.889999,60.639999,36.299431,5163100,-,33.762780,35.739925,36.129121,36.280871,4364448.0
10/12/2006,60.700001,60.720001,59.939999,60.419998,36.167732,2722300,-,33.739652,35.711035,36.086320,36.274883,4442364.0
10/11/2006,60.799999,61.000000,60.349998,60.560001,36.251545,3517000,-,33.716889,35.686800,36.007005,36.327560,4471082.0
10/10/2006,60.450001,61.180000,60.279999,60.799999,36.395191,2268300,-,33.696022,35.662316,35.938465,36.395799,4521352.0
10/09/2006,60.320000,60.720001,59.910000,60.389999,36.149776,1586200,-,33.672913,35.622832,35.860646,36.398793,4610618.0
10/06/2006,60.700001,60.700001,60.070000,60.470001,36.197666,2471600,-,33.648687,35.593605,35.814253,36.411961,4682806.0
10/05/2006,61.000000,61.139999,60.590000,60.700001,36.335339,1957200,-,33.626244,35.561400,35.781329,36.355692,4736076.0
10/04/2006,60.560001,61.029999,60.389999,61.000000,36.514927,2786800,-,33.601471,35.542969,35.745413,36.259316,4802246.0
10/03/2006,60.099998,60.660000,59.750000,60.560001,36.251545,7832600,-,33.578848,35.522253,35.700218,36.167729,4824416.0
10/02/2006,60.599998,61.310001,60.349998,60.549999,36.245556,3864600,-,33.558742,35.505378,35.672383,36.086319,4718780.0
09/29/2006,61.480000,61.630001,60.439999,60.540001,36.239555,5967700,-,33.537378,35.480182,35.672083,35.977372,4759376.0
09/28/2006,61.599998,61.820000,60.680000,61.299999,36.694496,3249900,-,33.516043,35.454273,35.685252,35.897758,4702730.0
09/27/2006,60.750000,61.980000,60.750000,61.700001,36.933941,4029800,-,33.489621,35.417125,35.649935,35.686451,4726616.0
09/26/2006,60.599998,61.099998,60.400002,60.849998,36.425125,2819000,-,33.464200,35.370432,35.608034,35.481130,4712490.0
09/25/2006,59.950001,61.000000,59.529999,60.610001,36.281456,4580400,-,33.440384,35.333678,35.606238,35.322500,4705600.0
09/22/2006,58.880001,59.889999,58.849998,59.529999,35.634975,4291400,-,33.414562,35.293971,35.584988,35.216546,4667670.0
09/21/2006,59.279999,59.529999,58.840000,59.090000,35.371586,5766700,-,33.392969,35.267313,35.614320,35.206967,4659302.0
09/20/2006,59.400002,59.610001,59.090000,59.470001,35.599056,4133600,-,33.372546,35.245922,35.661312,35.231509,4613306.0
09/19/2006,58.790001,59.310001,58.599998,59.200001,35.437439,4376600,-,33.348056,35.225213,35.700221,35.232707,4621314.0
09/18/2006,59.209999,59.389999,58.509998,58.730000,35.156086,4439800,-,33.325048,35.200484,35.723566,35.258447,4585718.0
09/15/2006,59.509998,59.639999,58.709999,59.209999,35.443417,11834700,-,33.301747,35.174724,35.757088,35.366794,4551464.0
09/14/2006,58.349998,58.680000,57.680000,57.770000,34.581429,2445300,-,33.278035,35.143455,35.744218,35.472747,4352536.0
09/13/2006,58.200001,58.459999,57.540001,58.270000,34.880733,2959000,-,33.257813,35.136084,35.780733,35.613419,4363064.0
09/12/2006,59.000000,59.150002,57.980000,58.200001,34.838821,3410000,-,33.236768,35.127246,35.816948,35.734937,4327494.0
09/11/2006,60.000000,60.000000,58.590000,58.840000,35.221916,3812500,-,33.214789,35.106166,35.837899,35.889976,4339370.0
09/08/2006,60.380001,60.380001,59.189999,59.369999,35.539188,1703400,-,33.189314,35.072788,35.810065,35.953431,4336322.0
09/07/2006,59.580002,59.730000,59.320000,59.500000,35.617008,3272400,-,33.162603,35.033896,35.762477,36.021674,4370830.0
09/06/2006,59.630001,59.889999,59.349998,59.490002,35.611034,2406800,-,33.135210,34.993924,35.712185,36.091114,4369284.0
09/05/2006,60.310001,60.549999,59.459999,59.630001,35.694839,2884000,-,33.109576,34.959422,35.663680,36.167735,4376414.0
09/01/2006,61.119999,61.180000,60.450001,60.540001,36.239555,3005000,-,33.080153,34.922411,35.603553,36.188684,4373026.0
08/31/2006,60.349998,61.169998,60.349998,60.980000,36.502941,2979500,-,33.046981,34.873317,35.537294,36.147382,4402228.0
08/30/2006,60.700001,60.750000,60.040001,60.119999,35.988152,5738500,-,33.011027,34.817766,35.454893,36.015689,4391734.0
08/29/2006,60.700001,60.900002,59.849998,60.299999,36.095913,6562800,-,32.978820,34.775246,35.403286,35.948046,4393854.0
08/28/2006,60.000000,61.139999,59.810001,60.790001,36.389214,7832800,-,32.947977,34.727360,35.349857,35.898958,4308638.0
08/25/2006,60.349998,60.650002,59.840000,59.900002,35.856461,3227500,-,32.916636,34.687757,35.251445,35.785822,4218750.0
08/24/2006,60.980000,60.980000,60.209999,60.509998,36.221619,1715500,-,32.887027,34.659998,35.193045,35.666700,4217818.0
08/23/2006,60.650002,60.889999,60.250000,60.660000,36.311409,3074300,-,32.856524,34.616138,35.111335,35.503279,4274006.0
08/22/2006,60.150002,60.900002,60.060001,60.770000,36.377243,5875700,-,32.826967,34.583204,35.066452,35.333257,4329042.0
08/21/2006,59.549999,60.490002,59.439999,59.980000,35.904339,4756300,-,32.797516,34.551925,35.021547,35.159625,4311648.0
08/18/2006,59.230000,60.049999,58.790001,59.849998,35.826527,10613400,-,32.768366,34.521306,34.996721,35.018421,4291368.0
08/17/2006,58.599998,59.049999,58.509998,58.779999,35.186016,5083300,-,32.738443,34.483683,34.954681,34.927206,4172558.0
08/16/2006,59.480000,59.730000,58.900002,58.990002,35.311726,3858400,-,32.713786,34.457086,34.942586,34.894098,4147214.0
08/15/2006,59.490002,59.619999,59.000000,59.480000,35.605030,3961600,-,32.689634,34.432018,34.918854,34.858525,4135806.0
08/14/2006,58.270000,59.060001,58.259998,58.900002,35.257854,3970800,-,32.660730,34.405364,34.868568,34.800756,4116730.0
08/11/2006,57.830002,58.080002,57.619999,57.910000,34.665241,2599200,-,32.634464,34.392788,34.835046,34.717067,4109900.0
08/10/2006,58.150002,58.400002,57.919998,58.180000,34.587410,4883600,-,32.614795,34.387307,34.816589,34.719390,4184892.0
08/09/2006,58.720001,59.000000,58.080002,58.220001,34.611187,2599800,-,32.595253,34.368640,34.802321,34.719390,4192728.0
08/08/2006,58.000000,58.630001,58.000000,58.270000,34.640923,2836100,-,32.570301,34.333090,34.786864,34.799647,4181696.0
08/07/2006,58.549999,59.099998,58.009998,58.020000,34.492294,6200400,-,32.541566,34.306694,34.783000,34.883469,4176508.0
08/04/2006,58.980000,59.750000,58.669998,58.730000,34.914379,14295200,-,32.515523,34.269122,34.768435,34.975021,4121956.0
08/03/2006,58.400002,59.150002,58.209999,58.630001,34.854935,9058900,-,32.486031,34.222752,34.716120,34.982156,3916290.0
08/02/2006,59.549999,59.549999,58.570000,58.799999,34.956001,4158200,-,32.459075,34.175906,34.667372,34.991074,3789654.0
08/01/2006,57.900002,59.099998,57.480000,58.919998,35.027340,6030500,-,32.425741,34.134886,34.630216,34.979183,3780878.0
07/31/2006,58.480000,59.450001,57.650002,57.900002,34.420959,6731600,-,32.387486,34.092678,34.600789,34.936380,3739490.0
07/28/2006,58.349998,58.860001,58.029999,58.349998,34.688473,5195600,-,32.356391,34.057365,34.568983,34.953025,3699022.0
07/27/2006,59.619999,59.669998,58.130001,58.180000,34.587410,5135100,-,32.328203,34.009925,34.512210,34.913789,3663822.0
07/26/2006,59.700001,59.950001,59.400002,59.570000,35.413754,5265700,-,32.303196,33.978298,34.462570,34.885252,3622362.0
07/25/2006,59.759998,59.900002,59.240002,59.680000,35.479149,3895300,-,32.277371,33.932640,34.372802,34.774082,3644804.0
07/24/2006,59.000000,59.750000,58.730000,59.560001,35.407806,2550800,-,32.249998,33.876639,34.293140,34.682530,3653566.0
07/21/2006,59.549999,59.599998,58.419998,58.849998,34.985729,5894400,-,32.222633,33.819806,34.214965,34.561848,3693938.0
07/20/2006,58.799999,59.340000,58.400002,58.779999,34.944115,3135400,-,32.201652,33.773079,34.154921,34.450084,3694464.0
07/19/2006,58.450001,59.110001,58.230000,58.599998,34.837097,4444200,-,32.182420,33.728129,34.093986,34.343670,3696034.0
07/18/2006,58.400002,58.450001,57.950001,58.200001,34.599308,3323500,-,32.163607,33.688388,34.045237,34.281248,3682974.0
07/17/2006,57.770000,58.439999,57.700001,58.180000,34.587410,2474500,-,32.147873,33.664852,34.000353,34.265197,3694388.0
07/14/2006,57.570000,58.099998,57.419998,57.689999,34.296108,2683900,-,32.131326,33.632229,33.991436,34.184941,3721970.0
07/13/2006,57.900002,58.459999,57.580002,57.700001,34.302048,3873000,-,32.116846,33.599059,34.000056,34.110631,3759038.0
07/12/2006,58.230000,58.459999,57.650002,57.700001,34.302048,3466900,-,32.103093,33.561048,33.986384,34.039887,3773300.0
07/11/2006,57.849998,58.250000,57.610001,58.139999,34.563629,4534000,-,32.086839,33.510052,34.004516,33.971521,3785586.0
07/10/2006,57.349998,57.770000,57.000000,57.529999,34.200993,2596800,-,32.068230,33.456186,34.017001,33.903750,3758074.0
07/07/2006,56.990002,57.419998,56.750000,56.970001,33.868080,2727100,-,32.054226,33.411462,34.025621,33.868081,3805576.0
07/06/2006,57.500000,57.580002,56.740002,56.990002,33.879974,1888300,-,32.049009,33.364543,34.029485,33.859758,3877392.0
07/05/2006,57.799999,58.139999,57.250000,57.549999,34.212883,2971700,-,32.044518,33.333557,34.028295,33.844302,3904692.0
07/03/2006,57.000000,57.959999,56.880001,57.930000,34.438801,1180500,-,32.038944,33.306182,34.020567,33.809227,3945296.0
06/30/2006,55.799999,57.009998,55.770000,56.830002,33.784851,4003800,-,32.029507,33.248084,34.012243,33.735509,3969350.0
06/29/2006,56.799999,56.810001,55.779999,56.439999,33.553001,3660100,-,32.020491,33.205781,34.054452,33.797931,3948966.0
06/28/2006,56.560001,56.950001,56.180000,56.509998,33.594608,3428800,-,32.013419,33.161858,34.096363,33.889482,3924774.0
06/27/2006,57.189999,57.639999,56.450001,56.549999,33.618393,3195100,-,32.008320,33.117339,34.099336,33.932880,3924394.0
06/26/2006,57.009998,57.299999,56.770000,57.000000,33.885918,2763300,-,32.002055,33.054875,34.060099,34.037510,3899792.0
06/23/2006,56.830002,57.529999,56.480000,56.930000,33.844303,2714600,-,31.992417,32.987768,34.031861,34.130251,3905734.0
06/22/2006,56.950001,57.049999,55.880001,56.830002,33.784851,4465100,-,31.983627,32.921848,33.970331,34.183161,3907770.0
06/21/2006,56.959999,57.220001,56.500000,56.730000,33.725407,2454800,-,31.976413,32.854520,33.910882,34.199212,3857914.0
06/20/2006,56.700001,57.279999,56.279999,56.959999,33.862133,5844500,-,31.964729,32.796053,33.850244,34.212289,3848486.0
06/19/2006,57.900002,58.000000,56.549999,56.689999,33.701622,2302000,-,31.952274,32.732019,33.802387,34.231907,3793532.0
06/16/2006,57.980000,58.389999,57.520000,57.880001,34.409073,3338400,-,31.940446,32.687367,33.763151,34.288977,3795138.0
06/15/2006,57.450001,58.200001,57.009998,57.980000,34.468510,3180900,-,31.921971,32.639897,33.675463,34.310973,3785222.0
06/14/2006,57.930000,58.189999,56.610001,57.240002,34.028595,4524900,-,31.903082,32.581677,33.567861,34.303245,3781592.0
06/13/2006,58.750000,58.860001,58.029999,58.310001,34.664692,5826100,-,31.884997,32.523638,33.516734,34.265791,3755472.0
06/12/2006,58.349998,58.849998,57.980000,58.560001,34.813328,5006000,-,31.863848,32.454767,33.440044,34.082688,3711492.0
06/09/2006,57.060001,58.040001,56.849998,57.820000,34.373398,3742300,-,31.840764,32.386346,33.333333,33.933471,3680706.0
06/08/2006,57.150002,57.849998,56.820000,57.099998,33.945362,4672900,-,31.821304,32.338291,33.242971,33.757501,3646774.0
06/07/2006,57.400002,58.070000,56.939999,56.950001,33.856178,3816100,-,31.802995,32.292659,33.178172,33.622552,3609692.0
06/06/2006,57.650002,58.049999,56.560001,57.290001,34.058311,3288000,-,31.783882,32.252587,33.120192,33.488198,3566416.0
06/05/2006,58.250000,58.450001,57.619999,57.650002,34.272327,3007800,-,31.761550,32.218153,33.059779,33.372868,3530646.0
06/02/2006,58.000000,58.349998,57.509998,58.250000,34.629032,3629300,-,31.738088,32.182507,33.017289,33.237325,3520290.0
06/01/2006,56.610001,57.869999,56.400002,57.849998,34.391228,6348800,-,31.712640,32.143150,32.933651,33.039952,3486616.0
05/31/2006,55.220001,56.730000,55.080002,56.610001,33.654053,5275400,-,31.691026,32.100168,32.845968,32.832476,3400590.0
05/30/2006,55.849998,56.000000,55.160000,55.230000,32.833664,2048200,-,31.672517,32.081609,32.783340,32.767677,3331184.0
05/26/2006,55.250000,56.080002,54.849998,56.049999,33.321156,2576700,-,31.658895,32.084769,32.729271,32.797401,3339742.0
05/25/2006,54.950001,55.060001,54.549999,54.860001,32.613697,3472800,-,31.640859,32.083728,32.656730,32.733195,3326002.0
05/24/2006,54.549999,54.889999,53.700001,54.830002,32.595871,4011900,-,31.626706,32.093412,32.624283,32.728441,3292230.0
05/23/2006,55.750000,56.009998,54.639999,54.689999,32.512642,2727100,-,31.611257,32.104870,32.570595,32.733791,3248344.0
05/22/2006,55.250000,55.820000,54.880001,55.349998,32.905006,3719400,-,31.599513,32.108785,32.561497,32.752187,3222824.0
05/19/2006,55.150002,55.959999,54.830002,55.369999,32.916897,3961100,-,31.590683,32.105561,32.558454,32.746690,3201938.0
05/18/2006,54.250000,55.259998,54.160000,54.930000,32.655312,4708200,-,31.582831,32.092656,32.489305,32.797253,3151688.0
05/17/2006,55.000000,55.450001,54.189999,54.360001,32.316467,3435600,-,31.574846,32.090177,32.440023,32.827349,3118666.0
05/16/2006,55.980000,56.110001,55.299999,55.520000,33.006062,3062100,-,31.564602,32.091996,32.392042,32.859460,3119050.0
05/15/2006,54.970001,56.360001,54.959999,55.730000,33.130898,6387800,-,31.553968,32.081675,32.310173,32.799004,3116728.0
05/12/2006,54.500000,54.970001,53.889999,54.970001,32.679096,4333400,-,31.543056,32.092111,32.178387,32.661142,3044112.0
05/11/2006,55.299999,55.299999,54.290001,54.779999,32.566158,4569400,-,31.530769,32.105682,32.070961,32.580265,2999970.0
05/10/2006,55.400002,55.650002,54.930000,55.320000,32.649376,5920700,-,31.518786,32.120684,31.970068,32.520124,2972258.0
05/09/2006,55.660000,55.660000,55.209999,55.400002,32.696594,3213900,-,31.506359,32.141813,31.858522,32.407400,2941964.0
05/08/2006,56.200001,56.320000,55.080002,55.660000,32.850040,3791200,-,31.492512,32.173212,31.763797,32.370808,2923272.0
05/05/2006,56.200001,56.759998,56.150002,56.630001,33.422523,3894200,-,31.477293,32.190327,31.654315,32.370218,2883344.0
05/04/2006,55.299999,56.049999,55.230000,55.840000,32.956276,3853600,-,31.463163,32.197409,31.556639,32.181358,2855478.0
05/03/2006,55.000000,55.400002,54.770000,55.299999,32.637577,4537300,-,31.450355,32.212282,31.510604,32.052697,2820378.0
05/02/2006,54.500000,54.950001,54.360001,54.900002,32.401497,4586100,-,31.437092,32.228217,31.456601,31.924625,2791798.0
05/01/2006,53.849998,54.250000,53.410000,53.799999,31.752281,4081200,-,31.425817,32.240611,31.392860,31.821342,2771490.0
04/28/2006,54.150002,54.330002,53.549999,54.000000,31.870329,3158400,-,31.418654,32.260442,31.366302,31.695632,2750078.0
04/27/2006,53.419998,54.650002,52.810001,54.160000,31.964748,4971900,-,31.413699,32.284286,31.342398,31.561658,2728586.0
04/26/2006,54.250000,54.450001,53.160000,53.410000,31.522129,6317900,-,31.406599,32.306123,31.342694,31.420013,2691838.0
04/25/2006,55.650002,55.650002,54.599998,54.779999,32.330681,3253300,-,31.399432,32.331855,31.349775,31.309645,2630050.0
04/24/2006,53.169998,55.959999,52.990002,55.650002,32.844143,5001900,-,31.386665,32.346846,31.325872,31.156785,2651102.0
04/21/2006,53.950001,53.990002,53.130001,53.430000,31.533920,2383200,-,31.369572,32.340550,31.300494,30.938412,2620374.0
04/20/2006,53.099998,53.980000,53.000000,53.660000,31.669662,2984600,-,31.357067,32.352020,31.348299,30.931920,2614158.0
04/19/2006,52.970001,53.470001,52.759998,53.130001,31.356857,2450500,-,31.348009,32.368042,31.397875,30.968511,2600276.0
04/18/2006,51.549999,53.240002,51.529999,53.150002,31.368668,3409800,-,31.340457,32.397822,31.442140,30.988577,2600914.0
04/17/2006,51.450001,51.730000,51.310001,51.669998,30.495178,1965000,-,31.331693,32.426427,31.510011,30.964378,2596336.0
04/13/2006,51.759998,52.000000,51.130001,51.730000,30.530590,3060400,-,31.325247,32.474611,31.634836,31.036972,2608788.0
04/12/2006,51.599998,51.849998,51.139999,51.759998,30.548298,2816400,-,31.320731,32.534628,31.771762,31.123139,2591870.0
04/11/2006,52.459999,52.500000,51.369999,51.540001,30.418449,1972300,-,31.314395,32.596635,31.899242,31.265375,2625372.0
04/10/2006,51.869999,52.580002,51.869999,52.189999,30.802082,1983400,-,31.308535,32.653035,32.036758,31.389906,2646270.0
04/07/2006,53.299999,53.509998,51.900002,51.950001,30.660419,3096800,-,31.300872,32.712193,32.132073,31.494959,2687574.0
04/06/2006,54.410000,54.450001,53.020000,53.320000,31.468996,2382300,-,31.292678,32.770200,32.236243,31.662575,2697344.0
04/05/2006,53.470001,54.389999,53.049999,54.279999,32.035576,2842600,-,31.276545,32.818715,32.276376,31.764679,2736396.0
04/04/2006,52.799999,53.599998,52.500000,53.470001,31.557508,2999400,-,31.257292,32.867853,32.301164,31.827239,2755946.0
04/03/2006,52.900002,53.680000,52.619999,52.740002,31.126684,3218900,-,31.239938,32.922920,32.343658,31.895704,2755722.0
03/31/2006,54.070000,54.070000,52.799999,52.900002,31.221119,3627100,-,31.222229,32.980040,32.411826,32.055644,2768938.0
03/30/2006,53.799999,54.029999,52.790001,53.189999,31.392260,3466700,-,31.206153,33.033044,32.533405,32.232701,2738384.0
03/29/2006,53.799999,54.310001,53.599998,54.169998,31.970659,2045700,-,31.188789,33.080047,32.631673,32.420384,2758258.0
03/28/2006,53.980000,54.410000,53.299999,53.650002,31.663752,2818800,-,31.168620,33.108450,32.698955,32.533109,2768856.0
03/27/2006,54.820000,54.830002,53.950001,53.970001,31.852621,1652300,-,31.151658,33.130567,32.801058,32.683610,2774060.0
03/24/2006,54.950001,55.419998,54.689999,54.790001,32.336575,1499500,-,31.131415,33.134257,32.921753,32.769188,2804220.0
03/23/2006,55.650002,55.650002,54.889999,55.049999,32.490032,2490000,-,31.109647,33.128151,32.990215,32.809911,2845588.0
03/22/2006,53.540001,55.490002,53.540001,55.340000,32.661179,1945600,-,31.087314,33.122374,33.054545,32.788073,2851142.0
03/21/2006,55.279999,55.430000,54.360001,54.630001,32.242157,2047500,-,31.062826,33.117629,33.106482,32.775089,2869340.0
03/20/2006,56.049999,56.320000,55.380001,55.450001,32.726089,1805100,-,31.041415,33.122904,33.166091,32.791613,2864782.0
03/17/2006,56.549999,56.590000,55.799999,55.900002,32.991684,2476100,-,31.016747,33.105843,33.180846,32.768007,2870614.0
03/16/2006,56.000000,56.849998,56.000000,56.369999,33.269093,1889700,-,30.990578,33.086166,33.168452,32.834109,2873148.0
03/15/2006,56.150002,56.230000,55.459999,56.080002,33.097912,1784200,-,30.959387,33.060941,33.158124,32.842962,2887626.0
03/14/2006,55.500000,56.349998,55.240002,56.200001,33.168755,1817600,-,30.929283,33.021793,33.156059,32.864800,2886854.0
03/13/2006,55.490002,55.619999,55.139999,55.419998,32.708401,1451100,-,30.898507,32.983572,33.138058,32.918507,2889180.0
03/10/2006,54.799999,55.950001,54.689999,55.480000,32.743813,2675100,-,30.869601,32.962880,33.156648,33.074318,2894246.0
03/09/2006,55.169998,55.470001,54.549999,54.680000,32.271648,1448600,-,30.840575,32.940308,33.145926,33.170518,2894466.0
03/08/2006,55.049999,55.490002,53.709999,55.119999,32.531334,3057100,-,30.814256,32.936438,33.137715,33.321017,2920070.0
03/07/2006,55.049999,55.049999,54.330002,54.910000,32.407398,3454800,-,30.786754,32.921280,33.134687,33.437876,2906520.0
03/06/2006,56.770000,56.910000,54.820000,55.049999,32.490032,2946000,-,30.759064,32.899224,33.156607,33.540569,2879354.0
03/03/2006,56.520000,57.419998,56.259998,57.020000,33.652710,2757000,-,30.729143,32.883602,33.172052,33.593685,2876828.0
03/02/2006,55.950001,56.669998,55.480000,56.520000,33.357613,2126300,-,30.691274,32.838164,33.134637,33.502795,2877522.0
03/01/2006,56.950001,56.980000,56.139999,56.450001,33.316299,3183800,-,30.654448,32.810816,33.143328,33.473286,2907934.0
02/28/2006,57.900002,57.910000,56.529999,57.110001,33.705818,4406000,-,30.618405,32.789100,33.159945,33.447317,2907614.0
02/27/2006,57.330002,58.340000,57.270000,58.060001,34.266510,2279300,-,30.585464,32.754437,33.136576,33.357608,2875246.0
02/24/2006,57.180000,57.369999,56.950001,57.110001,33.705818,1794800,-,30.552026,32.708560,33.111250,33.238979,2883832.0
02/23/2006,57.099998,57.619999,56.700001,57.230000,33.776642,2500900,-,30.522114,32.662645,33.103997,33.121334,2914444.0
02/22/2006,57.150002,57.299999,56.779999,57.099998,33.699917,2098600,-,30.491961,32.624104,33.109903,32.954413,2924592.0
02/21/2006,55.970001,56.880001,55.830002,56.650002,33.434334,3108300,-,30.462851,32.583347,33.149532,32.831498,2946256.0
02/17/2006,55.250000,55.959999,55.029999,55.950001,33.021191,3570700,-,30.435783,32.537002,33.193357,32.772646,2928020.0
02/16/2006,55.910000,56.029999,55.110001,55.480000,32.743813,3010600,-,30.411983,32.502905,33.241431,32.750418,2920336.0
02/15/2006,55.900002,56.669998,55.490002,56.020000,33.062519,2083800,-,30.388368,32.473769,33.297807,32.766478,2927304.0
02/14/2006,55.500000,56.090000,54.419998,56.009998,33.056606,3134500,-,30.364905,32.426539,33.331801,32.813371,2935798.0
02/13/2006,56.099998,56.310001,55.549999,55.590000,32.808735,3228500,-,30.341243,32.382123,33.348511,32.872573,2929468.0
02/10/2006,55.900002,56.939999,55.610001,56.450001,33.080215,4305900,-,30.315844,32.335867,33.346556,32.915543,2912804.0
02/09/2006,54.689999,55.990002,54.500000,55.509998,32.529366,3465500,-,30.286885,32.288283,33.294401,32.983521,2880752.0
02/08/2006,55.270000,55.369999,54.590000,54.790001,32.107433,2072400,-,30.258706,32.248435,33.269496,33.086660,2871750.0
02/07/2006,55.750000,55.869999,55.040001,55.410000,32.470764,2290500,-,30.234067,32.219721,33.274184,33.265393,2840442.0
02/06/2006,55.599998,56.349998,55.599998,56.049999,32.845814,2482400,-,30.206039,32.179169,33.271841,33.467566,2826818.0
02/03/2006,56.150002,56.400002,55.099998,55.970001,32.798920,3180900,-,30.175705,32.124787,33.254846,33.614069,2857532.0
02/02/2006,57.259998,57.430000,55.830002,56.150002,32.904411,2587600,-,30.145149,32.072750,33.208552,33.732444,2824016.0
02/01/2006,56.900002,57.439999,56.529999,57.220001,33.531441,2214500,-,30.114952,32.017430,33.163723,33.829135,2829576.0
01/31/2006,56.599998,57.689999,56.459999,57.419998,33.648632,4491500,-,30.079388,31.956486,33.087542,33.850232,2824722.0
01/30/2006,57.250000,57.470001,56.480000,56.720001,33.238438,3017200,-,30.042093,31.879718,32.962137,33.824448,2766852.0
01/27/2006,57.279999,58.770000,57.230000,57.610001,33.759991,4048600,-,30.010026,31.807053,32.863101,33.777568,2756072.0
01/26/2006,58.400002,58.439999,56.910000,57.270000,33.560757,3585300,-,29.976009,31.718097,32.758792,33.605281,2726144.0
01/25/2006,58.150002,59.900002,57.750000,57.840000,33.894768,4334900,-,29.943817,31.637814,32.661514,33.452332,2682746.0
01/24/2006,58.400002,58.869999,57.700001,58.860001,34.492489,3820100,-,29.907009,31.558468,32.570683,33.282975,2669120.0
01/23/2006,58.200001,58.680000,57.970001,58.549999,34.310841,2988200,-,29.864437,31.471036,32.434730,33.076115,2650512.0
01/20/2006,57.880001,58.570000,57.459999,57.990002,33.982670,3879700,-,29.824633,31.383515,32.284418,32.895624,2675052.0
01/19/2006,57.520000,57.810001,57.220001,57.799999,33.871323,2099400,-,29.785039,31.306279,32.170732,32.684661,2662904.0
01/18/2006,56.980000,57.869999,56.860001,57.580002,33.742409,4460400,-,29.746746,31.236852,32.046205,32.498311,2682134.0
01/17/2006,55.450001,57.020000,55.380001,56.980000,33.390800,2575600,-,29.708382,31.171748,31.958596,32.324853,2673690.0
01/13/2006,55.040001,56.230000,54.950001,55.919998,32.769634,3079000,-,29.672749,31.105419,31.900582,32.099825,2698628.0
01/12/2006,54.660000,54.869999,54.310001,54.669998,32.037117,3160300,-,29.640193,31.046862,31.860733,31.948635,2721060.0
01/11/2006,54.700001,55.029999,54.330002,54.660000,32.031269,3567900,-,29.609096,31.011212,31.857509,31.912303,2733052.0
01/10/2006,55.919998,55.919998,54.369999,54.950001,32.201199,2767700,-,29.576313,30.980214,31.826450,31.870695,2722668.0
01/09/2006,55.320000,55.450001,54.770000,55.330002,32.423893,2855500,-,29.544825,30.932676,31.808870,31.858391,2714020.0
01/06/2006,54.639999,55.470001,54.369999,55.470001,32.505924,1819600,-,29.510765,30.884290,31.770779,31.793344,2750072.0
01/05/2006,54.639999,54.860001,54.200001,54.389999,31.873041,2096700,-,29.473949,30.848800,31.701337,31.673212,2782804.0
01/04/2006,54.860001,54.860001,53.619999,54.619999,32.007828,2602800,-,29.441670,30.824921,31.673502,31.656803,2803950.0
01/03/2006,53.630001,54.689999,52.939999,54.619999,32.007828,2613600,-,29.412036,30.777180,31.637461,31.594098,2833668.0
12/30/2005,53.270000,53.340000,52.820000,53.139999,31.140520,1745600,-,29.382746,30.714902,31.572121,31.592339,2851144.0
12/29/2005,54.020000,54.389999,53.330002,53.340000,31.257730,1933900,-,29.357763,30.677763,31.556885,31.701338,2904430.0
12/28/2005,54.049999,54.209999,53.689999,54.049999,31.673794,1704400,-,29.331851,30.632929,31.518795,31.772830,2947802.0
12/27/2005,54.639999,54.660000,53.599998,53.950001,31.615198,2686100,-,29.306005,30.588729,31.470157,31.802716,3006386.0
12/23/2005,54.430000,54.840000,54.279999,54.740002,32.078152,2728800,-,29.281452,30.522209,31.416243,31.782205,3057532.0
12/22/2005,53.669998,54.220001,53.450001,54.220001,31.773422,2379600,-,29.252983,30.428172,31.345922,31.759349,3132624.0
12/21/2005,54.750000,54.860001,53.400002,53.419998,31.304607,2096500,-,29.227325,30.356742,31.279409,31.748214,3212432.0
12/20/2005,53.349998,54.209999,53.299999,54.110001,31.708950,2819700,-,29.201723,30.311669,31.220515,31.729462,3278286.0
12/19/2005,54.450001,54.610001,53.480000,53.549999,31.380781,2791700,-,29.176158,30.269208,31.144920,31.690200,3276982.0
12/16/2005,55.139999,56.000000,54.500000,54.590000,31.990236,3646900,-,29.153293,30.246569,31.082804,31.680824,3275168.0
12/15/2005,54.730000,55.709999,54.709999,55.000000,32.230507,3167800,-,29.126665,30.206855,31.007502,31.551903,3288060.0
12/14/2005,54.560001,54.889999,54.029999,54.560001,31.972654,2787600,-,29.095718,30.160941,30.886490,31.412433,3285334.0
12/13/2005,53.700001,54.580002,53.650002,54.560001,31.972654,2708600,-,29.066174,30.137279,30.768117,31.264761,3284254.0
12/12/2005,54.580002,54.840000,53.450001,53.599998,31.410089,3325400,-,29.035171,30.119781,30.635093,31.137597,3322078.0
12/09/2005,54.029999,54.599998,53.820000,54.349998,31.849590,3008300,-,29.007897,30.113069,30.541918,31.050282,3314460.0
12/08/2005,53.230000,54.220001,53.049999,54.029999,31.662069,3181800,-,28.978825,30.105127,30.445813,30.932495,3324912.0
12/07/2005,53.580002,54.060001,52.799999,53.099998,31.117086,2196500,-,28.947602,30.097446,30.368753,30.810604,3365986.0
12/06/2005,53.310001,53.959999,53.080002,53.439999,31.316334,3186500,-,28.917586,30.103107,30.309638,30.711568,3426116.0
12/05/2005,52.400002,53.419998,52.000000,53.389999,31.287024,3359000,-,28.885430,30.107806,30.249865,30.599640,3434258.0
12/02/2005,52.619999,52.750000,52.209999,52.389999,30.701017,2508500,-,28.856139,30.103091,30.205513,30.484784,3419052.0
12/01/2005,52.290001,52.930000,52.020000,52.619999,30.835810,2818000,-,28.831208,30.105909,30.194823,30.463101,3468694.0
11/30/2005,52.340000,52.439999,51.750000,52.040001,30.495932,2395300,-,28.806948,30.117195,30.156750,30.360548,3626040.0
11/29/2005,52.430000,53.150002,52.279999,52.389999,30.701017,2703300,-,28.782957,30.163772,30.124041,30.271474,3614746.0
11/28/2005,52.220001,52.349998,51.279999,52.110001,30.536936,3015400,-,28.759228,30.209387,30.101721,30.132590,3606124.0
11/25/2005,52.150002,52.349998,51.919998,52.340000,30.671722,507000,-,28.736033,30.260610,30.098944,30.033554,3622104.0
11/23/2005,51.540001,52.279999,51.299999,51.950001,30.443163,1609300,-,28.712279,30.298204,30.056573,29.959131,3648212.0
11/22/2005,51.560001,51.700001,50.910000,51.410000,30.126730,4018100,-,28.690263,30.328974,30.034644,29.926902,3653320.0
11/21/2005,51.580002,51.930000,51.209999,51.529999,30.197054,1505100,-,28.669630,30.369211,30.064879,29.907708,3623242.0
11/18/2005,52.500000,52.619999,50.349998,51.430000,30.138454,2865600,-,28.648816,30.416765,30.088980,29.900090,3638512.0
11/17/2005,51.150002,52.310001,51.020000,52.020000,30.484196,1971800,-,28.627870,30.461303,30.063097,29.926243,3637810.0
11/16/2005,50.650002,51.430000,50.520000,50.869999,29.810274,1598000,-,28.603919,30.490787,29.983585,29.926545,3638050.0
11/15/2005,49.980000,50.750000,49.759998,50.520000,29.605188,2478200,-,28.582685,30.536307,29.957248,29.952952,3646704.0
11/14/2005,50.049999,50.320000,49.910000,50.020000,29.312180,2552200,-,28.562987,30.591046,29.927791,29.976609,3649158.0
11/11/2005,51.040001,51.099998,50.049999,50.419998,29.546576,1415400,-,28.541919,30.632572,29.935371,30.070852,3633566.0
11/10/2005,51.529999,51.660000,50.110001,51.070000,29.927492,3653600,-,28.519252,30.669062,29.872502,30.164334,3693216.0
11/09/2005,51.450001,52.119999,51.299999,51.799999,30.120876,2889700,-,28.493717,30.697236,29.744941,30.154016,3672080.0
11/08/2005,51.349998,52.169998,51.169998,51.480000,29.934786,4215200,-,28.466762,30.709098,29.648996,30.142385,3667720.0
11/07/2005,52.279999,52.610001,51.540001,51.799999,30.120876,3272300,-,28.437674,30.724216,29.604804,30.222050,3620856.0
11/04/2005,52.430000,52.700001,51.849998,52.279999,30.399990,3060900,-,28.408591,30.730031,29.578055,30.277871,3598830.0
11/03/2005,51.900002,52.840000,51.740002,52.430000,30.487215,4038200,-,28.376666,30.730729,29.570496,30.199951,3576680.0
11/02/2005,51.000000,51.779999,50.380001,51.720001,30.074339,3822500,-,28.345128,30.724914,29.546363,30.040624,3551206.0
11/01/2005,51.680000,51.860001,51.160000,51.320000,29.841764,4200600,-,28.317129,30.733055,29.539386,29.961544,3515252.0
10/31/2005,52.430000,52.549999,51.840000,52.029999,30.254610,3759900,-,28.290916,30.741893,29.586776,29.878972,3465356.0
10/28/2005,51.500000,52.430000,51.310001,52.419998,30.481390,3048700,-,28.261675,30.737474,29.628933,29.799890,3440180.0
10/27/2005,51.650002,51.889999,50.939999,51.290001,29.824310,2335300,-,28.231017,30.719680,29.658589,29.580671,3401438.0
10/26/2005,52.099998,52.560001,51.549999,51.599998,30.004570,4658100,-,28.202311,30.714796,29.739997,29.335867,3388306.0
10/25/2005,52.619999,53.740002,52.169998,52.849998,30.731432,3456200,-,28.171910,30.705492,29.803669,29.155607,3331118.0
10/24/2005,50.939999,52.889999,50.900002,52.759998,30.679087,3154000,-,28.138527,30.692234,29.837104,28.987557,3293934.0
10/21/2005,50.000000,51.139999,49.900002,50.939999,29.620794,4088700,-,28.104327,30.677697,29.880716,28.878239,3279846.0
10/20/2005,50.000000,50.490002,49.290001,49.689999,28.893944,3487400,-,28.076639,30.687466,29.952238,28.941040,3277656.0
10/19/2005,49.799999,50.560001,49.279999,50.360001,29.283537,4409900,-,28.052131,30.703863,30.049636,29.052103,3268280.0
10/18/2005,50.450001,50.459999,49.480000,49.900002,29.016048,4102500,-,28.027491,30.713854,30.155466,29.117228,3217238.0
10/17/2005,49.500000,50.669998,49.040001,50.669998,29.463789,4633600,-,28.005010,30.723656,30.345902,29.294580,3190350.0
10/14/2005,47.599998,48.720001,47.160000,48.650002,28.289194,5243400,-,27.982672,30.737657,30.521801,29.457976,3148156.0
10/13/2005,48.000000,48.250000,46.619999,47.080002,27.376276,6483400,-,27.967116,30.794652,30.762245,29.736507,3072866.0
10/12/2005,49.970001,50.360001,48.250000,48.500000,28.201965,6370000,-,27.957002,30.874060,31.021004,30.144126,2991938.0
10/11/2005,50.299999,50.889999,49.599998,49.959999,29.050940,5389200,-,27.942109,30.931184,31.209987,30.451731,2913492.0
10/10/2005,51.880001,51.889999,50.599998,50.880001,29.585907,2754500,-,27.922204,30.955520,31.364371,30.686650,2849044.0
10/07/2005,51.599998,52.419998,51.220001,52.020000,30.248802,2701000,-,27.899483,30.981388,31.513811,30.883192,2829424.0
10/06/2005,51.549999,52.169998,50.680000,51.599998,30.004570,4291500,-,27.872880,30.995382,31.619641,30.963436,2816766.0
10/05/2005,52.860001,52.970001,51.470001,51.480000,29.934786,3031500,-,27.846279,30.999722,31.717331,31.047170,2768096.0
10/04/2005,53.610001,53.860001,52.880001,52.950001,30.789566,2733600,-,27.818694,31.004419,31.824905,31.193704,2748004.0
10/03/2005,53.900002,54.040001,52.880001,53.480000,31.097755,4599800,-,27.783461,30.991905,31.902534,31.397225,2728116.0
09/30/2005,54.099998,54.439999,53.410000,53.439999,31.074507,2944500,-,27.748785,30.968496,31.917071,31.585626,2693296.0
09/29/2005,53.750000,54.840000,53.250000,54.090000,31.452461,3530900,-,27.716437,30.943129,31.931899,31.787982,2685288.0
09/28/2005,54.900002,55.500000,53.500000,53.790001,31.278021,5235500,-,27.681348,30.926012,31.926084,31.897883,2671456.0
09/27/2005,54.360001,54.639999,53.720001,54.000000,31.400129,5203000,-,27.646593,30.908344,31.897883,31.968243,2621216.0
09/26/2005,53.500000,54.919998,53.500000,54.259998,31.551319,3593600,-,27.608647,30.880042,31.862412,32.042091,2544862.0
09/23/2005,53.490002,53.689999,52.730000,53.400002,31.051243,2598700,-,27.568470,30.851947,31.805427,32.144431,2513008.0
09/22/2005,53.849998,53.860001,52.799999,53.040001,30.841911,4990600,-,27.530113,30.837315,31.774608,32.275846,2512074.0
09/21/2005,56.529999,56.799999,52.299999,54.000000,31.400129,10685300,-,27.493767,30.838063,31.742336,32.387491,2462328.0
09/20/2005,56.970001,57.349998,56.430000,56.450001,32.824772,1830600,-,27.457182,30.820953,31.696399,32.456106,2304544.0
09/19/2005,57.400002,57.459999,56.439999,56.720001,32.981766,2272200,-,27.412311,30.766235,31.569344,32.407843,2311296.0
09/16/2005,56.299999,56.990002,55.840000,56.919998,33.098072,3814400,-,27.364528,30.702146,31.421938,32.248516,2319562.0
09/15/2005,55.200001,56.000000,55.180000,55.980000,32.551468,1812400,-,27.317723,30.628691,31.246621,32.075816,2297058.0
09/14/2005,55.299999,55.500000,54.919998,55.000000,31.981619,1864700,-,27.273255,30.558322,31.098051,31.954286,2317664.0
09/13/2005,56.200001,56.310001,55.270000,55.270000,32.138607,2514200,-,27.233819,30.515851,30.975939,31.827522,2324278.0
09/12/2005,55.660000,56.139999,55.520000,56.020000,32.574726,2268600,-,27.193315,30.470010,30.872435,31.682734,2309570.0
09/09/2005,54.950001,55.730000,54.869999,55.660000,32.365391,2830500,-,27.150743,30.410830,30.741311,31.466422,2338190.0
09/08/2005,55.400002,55.450001,54.889999,54.959999,31.958364,1983800,-,27.109843,30.347644,30.628503,31.273370,2320724.0
09/07/2005,55.619999,55.619999,54.950001,55.180000,32.086277,2030700,-,27.069361,30.301022,30.516277,31.097180,2327242.0
09/06/2005,54.099998,55.630001,53.630001,55.619999,32.342136,2600900,-,27.028239,30.244919,30.401117,30.936692,2331260.0
09/02/2005,54.080002,54.299999,53.820000,53.980000,31.388498,1772600,-,26.984703,30.183006,30.259316,30.730846,2323304.0
09/01/2005,53.889999,54.439999,52.139999,53.950001,31.371069,4397900,-,26.944348,30.140627,30.198084,30.595361,2359738.0
08/31/2005,52.820000,53.919998,52.700001,53.889999,31.336170,2596800,-,26.905242,30.093635,30.186478,30.417426,2359184.0
08/30/2005,52.790001,52.980000,52.160000,52.820000,30.713985,2671700,-,26.866510,30.031763,30.187003,30.241816,2347468.0
08/29/2005,52.000000,52.869999,51.880001,52.779999,30.690718,1872000,-,26.833242,29.981180,30.204212,30.124356,2329040.0
08/26/2005,52.459999,52.740002,52.200001,52.299999,30.411612,2171000,-,26.798219,29.929102,30.183062,30.062136,2352672.0
08/25/2005,52.400002,52.549999,52.020000,52.340000,30.434872,1953400,-,26.762720,29.872566,30.206447,30.016199,2349326.0
08/24/2005,52.430000,53.139999,51.849998,51.930000,30.196466,2764500,-,26.726764,29.823989,30.232130,29.983636,2377030.0
08/23/2005,51.980000,52.529999,51.950001,52.419998,30.481390,2024800,-,26.691494,29.778448,30.233385,29.935373,2367862.0
08/22/2005,51.880001,52.250000,51.799999,52.080002,30.283678,1705800,-,26.653171,29.727556,30.217797,29.865542,2385640.0
08/19/2005,50.880001,51.660000,50.880001,51.650002,30.033648,2501100,-,26.616820,29.687311,30.211806,29.787786,2404552.0
08/18/2005,50.700001,51.040001,50.560001,50.889999,29.591717,1111600,-,26.579416,29.642719,30.206490,29.800808,2397784.0
08/17/2005,50.980000,51.220001,50.299999,50.869999,29.580078,1678700,-,26.541131,29.610544,30.217210,29.955530,2404708.0
08/16/2005,51.709999,51.970001,50.790001,50.799999,29.539379,1798700,-,26.506051,29.579408,30.268037,30.132189,2417926.0
08/15/2005,51.360001,51.810001,51.090000,51.709999,30.068525,1597000,-,26.469630,29.543895,30.310800,30.284068,2406432.0
08/12/2005,51.779999,51.990002,51.419998,51.509998,29.952240,2449600,-,26.430057,29.501721,30.306624,30.303988,2412358.0
08/11/2005,51.099998,52.099998,50.950001,51.779999,30.109240,3979200,-,26.390672,29.458527,30.316340,30.396694,2393026.0
08/10/2005,52.070000,53.060001,51.330002,51.500000,29.713835,3018600,-,26.351935,29.411500,30.326860,30.480624,2386964.0
08/09/2005,51.419998,51.970001,51.290001,51.619999,29.783077,1857800,-,26.313883,29.357842,30.385134,30.531396,2372640.0
08/08/2005,52.549999,52.869999,51.130001,51.139999,29.506123,2758100,-,26.273575,29.303722,30.423213,30.570053,2367886.0
08/05/2005,53.650002,53.660000,51.750000,52.279999,30.163862,2523900,-,26.232826,29.253872,30.452350,30.635827,2341768.0
08/04/2005,54.220001,54.279999,53.730000,53.970001,31.138943,1478900,-,26.188900,29.189136,30.433022,30.612172,2335530.0
08/03/2005,53.830002,54.880001,53.610001,54.330002,31.346668,2437000,-,26.139004,29.105130,30.347343,30.478891,2333010.0
08/02/2005,52.700001,53.849998,52.689999,53.830002,31.058170,2447700,-,26.088238,29.018354,30.231660,30.403884,2329204.0
08/01/2005,53.509998,53.520000,52.250000,52.459999,30.267717,2166800,-,26.039364,28.937809,30.171655,30.337532,2350362.0
07/29/2005,53.639999,54.080002,53.360001,53.520000,30.879309,1773500,-,25.993402,28.869842,30.150595,30.309261,2358422.0
07/28/2005,52.570000,53.650002,52.500000,53.639999,30.948540,2068100,-,25.944552,28.782374,30.087417,30.235986,2372276.0
07/27/2005,52.490002,52.660000,51.860001,52.380001,30.221556,1858000,-,25.896085,28.684982,30.000294,30.173096,2403978.0
07/26/2005,52.279999,52.680000,52.049999,52.290001,30.169641,2026900,-,25.851141,28.600399,29.970581,30.238872,2450502.0
07/25/2005,52.119999,52.930000,52.070000,52.279999,30.163862,1739200,-,25.806569,28.519161,29.926154,30.276374,2523318.0
07/22/2005,51.919998,52.250000,51.500000,51.869999,29.927311,2858800,-,25.762166,28.458233,29.880285,30.268874,2552440.0
07/21/2005,53.029999,53.029999,51.400002,51.660000,29.806133,2544100,-,25.719255,28.411268,29.847398,30.253873,2570488.0
07/20/2005,52.580002,53.090000,51.930000,53.029999,30.596603,2839300,-,25.674928,28.369611,29.808165,30.215795,2562356.0
07/19/2005,52.200001,52.730000,51.919998,52.680000,30.394646,2723500,-,25.626311,28.312603,29.690462,30.059435,2561864.0
07/18/2005,52.320000,52.490002,51.959999,51.970001,29.985006,1385300,-,25.579097,28.262266,29.579973,30.005777,2563608.0
07/15/2005,52.650002,53.000000,52.070000,52.250000,30.146564,2000900,-,25.532219,28.222982,29.485063,29.991930,2574136.0
07/14/2005,53.570000,54.119999,52.189999,52.549999,30.319641,2552000,-,25.484167,28.185275,29.356976,29.938848,2594378.0
07/13/2005,52.950001,53.590000,52.750000,53.520000,30.879309,2503300,-,25.435643,28.139298,29.241294,29.827493,2615332.0
07/12/2005,52.580002,53.099998,52.389999,52.939999,30.544662,2796100,-,25.383506,28.089110,29.093301,29.702290,2634150.0
07/11/2005,52.040001,52.500000,51.660000,52.150002,30.088860,2168200,-,25.333211,28.044699,28.962906,29.575934,2645386.0
07/08/2005,50.919998,51.630001,50.599998,51.610001,29.777304,2685500,-,25.284774,27.997502,28.872034,29.491696,2696024.0
07/07/2005,49.799999,51.029999,49.599998,51.000000,29.425356,2689200,-,25.238372,27.947724,28.773372,29.440922,2681646.0
07/06/2005,51.740002,51.980000,50.299999,50.320000,29.033001,2842700,-,25.194432,27.897089,28.701251,29.400534,2696050.0
07/05/2005,51.520000,52.000000,51.360001,51.750000,29.858070,2195400,-,25.152678,27.860022,28.650767,29.321490,2697712.0
07/01/2005,51.529999,51.750000,51.259998,51.730000,29.846529,1778800,-,25.107839,27.800161,28.546047,29.154169,2701314.0
06/30/2005,50.750000,52.009998,50.730000,51.330002,29.615749,3699600,-,25.062607,27.738813,28.451714,28.978196,2709490.0
06/29/2005,51.480000,51.500000,50.410000,50.619999,29.206085,1957200,-,25.017659,27.680250,28.360553,28.775103,2686676.0
06/28/2005,50.810001,51.389999,50.810001,51.349998,29.627283,2309700,-,24.974871,27.633428,28.288144,28.655095,2683590.0
06/27/2005,50.779999,50.959999,50.520000,50.750000,29.281103,2231600,-,24.930146,27.569256,28.158327,28.484311,2684242.0
06/24/2005,50.740002,50.980000,50.540001,50.689999,29.246477,2203100,-,24.889567,27.507430,28.048125,28.349879,2690334.0
06/23/2005,50.430000,51.200001,50.349998,50.730000,29.269569,3594300,-,24.849134,27.458999,27.936482,28.252373,2688610.0
06/22/2005,49.200001,50.619999,49.070000,50.299999,29.021471,4370200,-,24.807517,27.412738,27.819357,28.105822,2663014.0
06/21/2005,48.950001,49.299999,48.900002,48.950001,28.242561,2011000,-,24.768237,27.374758,27.715215,28.001968,2639880.0
06/20/2005,48.450001,48.939999,48.099998,48.849998,28.184864,1750300,-,24.731924,27.340569,27.653480,27.980043,2634806.0
06/17/2005,48.450001,48.740002,47.900002,48.680000,28.086798,3053600,-,24.696321,27.296434,27.595783,27.937926,2626646.0
06/16/2005,48.299999,48.389999,47.639999,47.810001,27.584822,2003700,-,24.660225,27.261698,27.534913,27.925231,2611432.0
06/15/2005,48.299999,48.549999,47.369999,48.540001,28.006006,3338600,-,24.625796,27.231279,27.480966,27.946002,2599266.0
06/14/2005,48.529999,48.740002,48.290001,48.389999,27.919441,2306100,-,24.587521,27.195413,27.384613,27.921193,2575786.0
06/13/2005,49.000000,49.060001,48.220001,48.419998,27.936775,2913700,-,24.549116,27.158416,27.288260,27.832342,2577110.0
06/10/2005,48.389999,49.220001,48.340000,49.000000,28.271420,2651400,-,24.510793,27.124964,27.196809,27.746372,2576304.0
06/09/2005,48.529999,48.599998,48.000000,48.189999,27.804060,2162700,-,24.471584,27.084705,27.139112,27.620592,2576232.0
06/08/2005,48.799999,48.900002,48.320000,48.500000,27.982929,1457800,-,24.434177,27.044981,27.127862,27.532893,2582240.0
06/07/2005,48.369999,49.189999,48.349998,48.570000,28.023317,2339600,-,24.395511,26.994813,27.114880,27.428462,2603390.0
06/06/2005,48.400002,48.500000,47.930000,48.119999,27.763689,1224000,-,24.357598,26.952420,27.101023,27.326917,2599920.0
06/03/2005,48.169998,48.529999,47.840000,48.459999,27.959850,1893300,-,24.320141,26.909384,27.106728,27.253641,2611702.0
06/02/2005,48.160000,48.470001,48.060001,48.169998,27.792528,1483000,-,24.282798,26.853040,27.109777,27.144594,2638486.0
06/01/2005,47.049999,48.169998,46.910000,48.110001,27.757915,3676100,-,24.245000,26.805535,27.133210,27.015931,2672064.0
05/31/2005,46.700001,47.049999,46.570000,46.849998,27.030933,2302400,-,24.207375,26.771998,27.146356,26.848033,2624024.0
05/27/2005,46.750000,47.060001,46.619999,46.930000,27.077080,1620100,-,24.173441,26.754374,27.213303,26.744178,2684558.0
05/26/2005,46.349998,46.990002,46.349998,46.820000,27.013617,1452200,-,24.140147,26.735713,27.275654,26.647247,2697146.0
05/25/2005,46.689999,46.840000,46.439999,46.669998,26.927071,2212000,-,24.107479,26.716947,27.311424,26.657632,2727088.0
05/24/2005,46.709999,46.889999,46.450001,46.689999,26.938623,1352900,-,24.074528,26.708496,27.329491,26.722830,2738048.0
05/23/2005,47.099998,47.160000,46.759998,46.810001,27.007858,2246700,-,24.040488,26.703819,27.327239,26.801298,2756466.0
05/20/2005,46.900002,47.090000,46.500000,46.849998,27.030933,3505600,-,24.005741,26.691348,27.335831,26.875130,2742622.0
05/19/2005,46.150002,46.700001,46.110001,46.570000,26.869385,2569800,-,23.969541,26.683566,27.327534,26.959816,2732528.0
05/18/2005,45.549999,46.110001,45.000000,45.939999,26.505892,2466200,-,23.934873,26.669860,27.323023,27.074960,2748216.0
05/17/2005,45.070000,45.400002,44.709999,45.200001,26.078936,3653200,-,23.901159,26.671663,27.332108,27.250489,2770966.0
05/16/2005,45.400002,45.400002,44.730000,45.049999,25.992388,4184200,-,23.869468,26.686239,27.371411,27.444678,2740068.0
05/13/2005,47.000000,47.020000,44.139999,45.250000,26.107765,5667700,-,23.836706,26.699686,27.392724,27.682427,2716648.0
05/12/2005,47.299999,47.720001,46.950001,47.000000,27.117470,3195300,-,23.802810,26.698351,27.396825,27.904061,2662888.0
05/11/2005,48.040001,48.049999,47.320000,47.799999,27.579054,3761200,-,23.761833,26.677280,27.382199,27.965216,2651798.0
05/10/2005,48.020000,48.970001,48.020000,48.450001,27.723299,2137500,-,23.715540,26.641140,27.351073,27.936152,2644416.0
05/09/2005,48.650002,48.700001,47.919998,48.490002,27.746178,2814700,-,23.669416,26.605778,27.321032,27.853181,2654588.0
05/06/2005,48.380001,49.009998,48.020000,48.720001,27.877790,2810700,-,23.622789,26.571560,27.260379,27.796533,2646132.0
05/05/2005,49.299999,49.490002,48.779999,48.970001,28.020832,1911700,-,23.575726,26.522350,27.165393,27.695252,2626446.0
05/04/2005,48.970001,49.459999,48.669998,49.389999,28.261175,3013000,-,23.529173,26.464214,27.081851,27.571085,2634512.0
05/03/2005,49.580002,49.580002,48.750000,48.970001,28.020832,3599700,-,23.483814,26.396694,26.971988,27.413727,2643230.0
05/02/2005,49.500000,49.700001,49.270000,49.580002,28.369875,3444200,-,23.439963,26.344852,26.881580,27.298143,2623212.0
04/29/2005,48.450001,49.549999,48.310001,49.500000,28.324108,3357900,-,23.394033,26.291752,26.766567,27.103022,2595714.0
04/28/2005,47.700001,48.980000,47.590000,48.459999,27.729013,4700100,-,23.347468,26.244946,26.663570,26.889589,2564790.0
04/27/2005,46.849998,47.880001,46.570000,47.689999,27.288414,1966600,-,23.303851,26.204319,26.590042,26.799181,2518268.0
04/26/2005,47.299999,47.299999,46.630001,47.000000,26.893591,3409400,-,23.260793,26.177654,26.516514,26.765994,2526794.0
04/25/2005,47.200001,47.560001,47.099998,47.500000,27.179695,2925800,-,23.219180,26.157742,26.445562,26.788883,2535208.0
04/22/2005,46.790001,47.400002,46.509998,46.950001,26.864986,2375500,-,23.175246,26.132565,26.381761,26.724225,2519324.0
04/21/2005,47.080002,47.119999,46.669998,46.799999,26.779163,2187600,-,23.133832,26.116065,26.319105,26.635533,2544678.0
04/20/2005,46.799999,47.040001,46.520000,46.639999,26.687595,2558900,-,23.092207,26.100487,26.237279,26.592617,2566686.0
04/19/2005,46.169998,47.009998,46.130001,46.950001,26.864986,1802900,-,23.050538,26.087420,26.173765,26.530248,2554902.0
04/18/2005,45.770000,46.299999,45.459999,46.169998,26.418663,2342300,-,23.008233,26.069105,26.134569,26.465017,2558414.0
04/15/2005,46.889999,47.009998,45.770000,45.770000,26.189783,2536200,-,22.967547,26.054611,26.121122,26.430113,2561138.0
04/14/2005,47.119999,47.360001,46.720001,46.880001,26.824936,2116900,-,22.929314,26.042086,26.118834,26.437552,2569170.0
04/13/2005,47.279999,47.650002,46.830002,47.110001,26.956545,2314500,-,22.887459,26.018899,26.081354,26.380903,2590492.0
04/12/2005,46.299999,47.450001,46.029999,47.400002,27.122480,3213500,-,22.846089,25.981737,26.058752,26.267034,2603312.0
04/11/2005,45.410000,46.430000,45.410000,46.369999,26.533113,1757300,-,22.803917,25.939554,26.037866,26.102240,2585402.0
04/08/2005,46.000000,46.160000,45.400002,45.400002,25.978067,1342300,-,22.765443,25.905301,26.030427,26.039297,2601270.0
04/07/2005,45.630001,46.099998,45.439999,46.049999,26.349997,2292900,-,22.729216,25.880335,26.063614,26.002676,2625136.0
04/06/2005,45.939999,45.939999,45.340000,45.549999,26.063906,1395400,-,22.689764,25.835678,26.055318,25.881942,2618228.0
04/05/2005,45.540001,45.930000,45.490002,45.810001,26.212677,2164600,-,22.652272,25.800487,26.081925,25.817283,2632198.0
04/04/2005,45.959999,45.980000,45.310001,45.560001,26.069626,2372300,-,22.612727,25.756535,26.111680,25.804121,2623432.0
04/01/2005,46.299999,46.389999,45.139999,45.900002,26.264170,2873400,-,22.573257,25.718733,26.141434,25.812132,2623662.0
03/31/2005,45.430000,46.180000,45.400002,45.889999,26.258448,2647800,-,22.532591,25.682940,26.130276,25.800116,2601290.0
03/30/2005,44.650002,45.509998,44.650002,45.119999,25.817856,2463100,-,22.492372,25.649756,26.120549,25.781805,2587884.0
03/29/2005,45.119999,45.389999,44.430000,44.520000,25.474539,2515300,-,22.454272,25.621528,26.118260,25.850469,2578314.0
03/28/2005,44.770000,45.450001,44.639999,45.270000,25.903688,2166100,-,22.418223,25.599032,26.142292,25.973492,2567934.0
03/24/2005,44.049999,44.790001,44.000000,44.759998,25.611858,1813100,-,22.378245,25.562621,26.148872,26.021556,2579340.0
03/23/2005,44.419998,44.419998,43.689999,43.939999,25.142649,3232500,-,22.341036,25.528870,26.139145,26.124553,2577320.0
03/22/2005,45.580002,45.669998,44.299999,44.419998,25.417316,3161900,-,22.307566,25.507112,26.137714,26.228695,2551624.0
03/21/2005,45.740002,45.810001,45.349998,45.580002,26.081059,1274100,-,22.272332,25.475551,26.111106,26.346567,2530976.0
03/18/2005,45.650002,45.849998,45.310001,45.700001,26.149734,5329100,-,22.232944,25.435592,26.078491,26.419238,2552366.0
03/17/2005,45.599998,46.240002,45.549999,45.689999,26.144014,2249500,-,22.194103,25.392445,26.056747,26.470736,2530420.0
03/16/2005,46.380001,46.650002,45.290001,45.570000,26.075338,2949300,-,22.156239,25.356673,26.048736,26.460436,2539490.0
03/15/2005,46.740002,47.180000,46.320000,46.320000,26.504496,2760000,-,22.118606,25.325564,26.029853,26.459293,2542148.0
03/14/2005,46.110001,46.669998,45.939999,46.669998,26.704763,2273800,-,22.078493,25.295400,26.002387,26.386050,2524886.0
03/11/2005,46.560001,46.810001,46.049999,46.110001,26.384329,1554500,-,22.036404,25.264861,25.962047,26.311092,2510250.0
03/10/2005,45.759998,46.790001,45.459999,46.560001,26.641827,3000900,-,21.996307,25.244248,25.938874,26.276188,2527470.0
03/09/2005,46.000000,46.060001,45.580002,45.759998,26.184069,3354200,-,21.953920,25.215875,25.908780,26.153737,2513632.0
03/08/2005,46.849998,46.849998,46.150002,46.480000,26.596045,3603700,-,21.912318,25.193595,25.899590,26.046734,2497778.0
03/07/2005,46.730000,47.029999,46.599998,46.849998,26.807768,2108300,-,21.867876,25.162508,25.871502,25.875645,2463812.0
03/04/2005,45.900002,46.849998,45.799999,46.599998,26.664711,3013200,-,21.821262,25.124918,25.828575,25.737744,2494248.0
03/03/2005,45.560001,45.610001,45.049999,45.509998,26.041016,2979700,-,21.775836,25.085311,25.780038,25.642757,2530734.0
03/02/2005,45.040001,45.730000,44.840000,45.549999,26.063906,2640800,-,21.733111,25.052846,25.756163,25.637035,2751178.0
03/01/2005,45.549999,45.980000,44.900002,45.040001,25.772070,3392100,-,21.690383,25.006424,25.736247,25.600413,2831648.0
02/28/2005,45.500000,45.970001,45.220001,45.360001,25.955183,2646100,-,21.648669,24.974234,25.702565,25.618725,2820456.0
02/25/2005,44.410000,45.599998,44.160000,45.500000,26.035286,2391900,-,21.606401,24.947229,25.655473,25.613003,2809018.0
02/24/2005,43.900002,44.529999,43.900002,44.419998,25.417316,1826400,-,21.563468,24.915219,25.594733,25.601559,2802372.0
02/23/2005,43.610001,44.250000,43.610001,43.889999,25.114037,2315000,-,21.524922,24.893414,25.560354,25.663824,2799646.0
02/22/2005,44.000000,44.080002,43.320000,43.490002,24.885159,3448900,-,21.488638,24.867350,25.510511,25.752446,2801590.0
02/18/2005,44.900002,44.939999,44.049999,44.439999,25.428753,2598800,-,21.455901,24.839966,25.481470,25.867359,2763506.0
02/17/2005,45.360001,45.389999,44.919998,44.939999,25.714849,2069300,-,21.420142,24.798987,25.410785,25.919406,2750034.0
02/16/2005,44.900002,45.430000,44.750000,45.410000,25.983795,1811700,-,21.383711,24.756143,25.334021,25.917318,2745538.0
02/15/2005,45.200001,45.299999,44.730000,44.910000,25.697685,2374000,-,21.345853,24.718130,25.258556,25.875290,2736912.0
02/14/2005,45.349998,45.660000,45.110001,45.360001,25.955183,2392900,-,21.309771,24.681188,25.203636,25.872081,2728816.0
02/11/2005,45.290001,45.639999,44.900002,45.259998,25.897963,3830100,-,21.271904,24.630588,25.126198,25.786405,2719626.0
02/10/2005,45.919998,46.000000,45.580002,45.700001,25.920853,2131600,-,21.234834,24.587372,25.048786,25.697943,2690272.0
02/09/2005,46.000000,46.200001,45.799999,45.910000,26.039963,3643200,-,21.197333,24.542110,24.956900,25.587907,2704850.0
02/08/2005,45.650002,46.040001,45.590000,45.840000,26.000259,3288000,-,21.159277,24.503200,24.851118,25.456885,2668506.0
02/07/2005,45.750000,46.029999,45.560001,45.900002,26.034290,1969700,-,21.120563,24.463950,24.753844,25.268575,2622188.0
02/04/2005,45.450001,45.790001,45.349998,45.750000,25.949217,1978500,-,21.081790,24.424473,24.644091,25.095580,2622920.0
02/03/2005,44.900002,45.299999,44.520000,45.299999,25.693970,2478500,-,21.041924,24.389193,24.550787,24.902165,2617044.0
02/02/2005,45.119999,45.270000,44.680000,45.070000,25.563522,2937800,-,21.003555,24.352553,24.465708,24.750723,2620408.0
02/01/2005,44.400002,45.279999,44.299999,45.250000,25.665594,3183000,-,20.967095,24.318521,24.405301,24.641821,2609538.0
01/31/2005,44.099998,44.470001,43.919998,44.250000,25.098423,2955500,-,20.930082,24.277910,24.348015,24.535190,2579578.0
01/28/2005,43.619999,44.180000,43.270000,44.099998,25.013340,2318000,-,20.894733,24.242290,24.342911,24.465991,2553528.0
01/27/2005,43.470001,44.180000,43.310001,43.759998,24.820490,2550700,-,20.859877,24.213022,24.351135,24.399628,2534068.0
01/26/2005,42.570000,43.730000,42.570000,43.599998,24.729740,2535600,-,20.826980,24.188406,24.377793,24.325893,2515630.0
01/25/2005,42.980000,43.150002,42.520000,42.520000,24.117163,1947500,-,20.796607,24.175020,24.402466,24.245351,2493348.0
01/24/2005,42.340000,43.169998,42.259998,42.849998,24.304340,2093900,-,20.771036,24.166399,24.450110,24.239112,2481818.0
01/21/2005,42.630001,42.880001,42.209999,42.340000,24.015068,1726300,-,20.744447,24.146547,24.486977,24.192603,2506250.0
01/20/2005,43.150002,43.189999,42.549999,42.630001,24.179552,2383800,-,20.720063,24.131119,24.532637,24.199410,2508194.0
01/19/2005,43.369999,43.619999,43.029999,43.150002,24.474499,1754800,-,20.695064,24.110380,24.557878,24.180692,2505228.0
01/18/2005,42.950001,43.590000,42.700001,43.369999,24.599281,1977500,-,20.667859,24.077225,24.555042,24.168781,2525630.0
01/14/2005,42.700001,43.240002,42.500000,43.029999,24.406433,1984600,-,20.640526,24.045507,24.512219,24.160841,2542506.0
01/13/2005,42.500000,43.230000,42.400002,42.930000,24.349716,1996300,-,20.613564,24.008434,24.500024,24.219831,2559710.0
01/12/2005,42.450001,42.580002,42.000000,42.459999,24.083136,2736400,-,20.586445,23.960138,24.512786,24.302641,2574558.0
01/11/2005,42.450001,42.490002,41.860001,42.180000,23.924320,1712100,-,20.560312,23.929755,24.530369,24.429693,2592142.0
01/10/2005,42.049999,42.619999,42.020000,42.410000,24.054777,1947700,-,20.534974,23.896370,24.550504,24.559581,2608946.0
01/07/2005,42.400002,42.750000,42.000000,42.029999,23.839247,2129500,-,20.508252,23.858354,24.538309,24.661108,2638484.0
01/06/2005,42.110001,42.490002,41.770000,42.459999,24.083136,2343600,-,20.481200,23.823075,24.522144,24.781352,2639346.0
01/05/2005,42.980000,43.169998,42.259998,42.299999,23.992378,4231800,-,20.452031,23.788649,24.486978,24.865864,2659394.0
01/04/2005,43.400002,43.509998,42.910000,42.939999,24.355391,2703000,-,20.423481,23.750869,24.465992,24.935063,2629632.0
01/03/2005,44.299999,44.310001,43.209999,43.230000,24.519876,3082200,-,20.394193,23.698190,24.452379,24.941302,2618288.0
12/31/2004,44.400002,44.549999,44.049999,44.070000,24.996328,1896900,-,20.364635,23.634919,24.418914,24.863596,2598796.0
12/30/2004,44.419998,44.830002,44.340000,44.389999,25.177820,1542000,-,20.333302,23.562569,24.340357,24.780218,2602998.0
12/29/2004,44.470001,44.900002,44.270000,44.700001,25.353655,2415500,-,20.299419,23.482207,24.268324,24.722931,2624836.0
12/28/2004,43.959999,44.470001,43.950001,44.470001,25.223202,2309000,-,20.264905,23.399002,24.183528,24.631045,2614204.0
12/27/2004,44.669998,44.669998,44.090000,44.200001,25.070047,2561500,-,20.231471,23.320204,24.127092,24.541428,2594002.0
12/23/2004,43.950001,44.189999,43.650002,44.150002,25.041687,1905400,-,20.198872,23.240313,24.075477,24.415511,2570240.0
12/22/2004,43.520000,43.980000,43.200001,43.950001,24.928259,3630100,-,20.167298,23.161663,24.026415,24.262936,2582062.0
12/21/2004,43.060001,43.529999,42.810001,43.520000,24.684368,4837500,-,20.137010,23.088202,23.989264,24.108092,2552122.0
12/20/2004,43.009998,44.389999,42.700001,43.049999,24.417776,14001900,-,20.107002,23.019170,23.948142,23.996921,2487740.0
12/17/2004,42.520000,43.029999,41.139999,41.860001,23.742821,6664300,-,20.078340,22.955919,23.920350,23.963457,2240800.0
12/16/2004,43.500000,43.580002,42.599998,42.599998,24.162542,2832500,-,20.052032,22.906729,23.914961,23.974232,2135128.0
12/15/2004,43.000000,43.400002,42.619999,43.380001,24.604950,2074200,-,20.023902,22.850380,23.872705,23.900497,2113340.0
12/14/2004,43.000000,43.299999,42.750000,43.080002,24.434797,2059600,-,19.993518,22.777094,23.819956,23.813717,2097502.0
12/13/2004,42.299999,42.959999,42.139999,42.889999,24.327028,1690100,-,19.964082,22.705863,23.777699,23.736011,2092318.0
12/10/2004,41.700001,42.439999,41.049999,41.980000,23.810881,2412200,-,19.935129,22.638360,23.764370,23.712756,2095404.0
12/09/2004,40.930000,41.520000,40.849998,41.459999,23.515936,1544700,-,19.907873,22.574327,23.758131,23.735443,2080610.0
12/08/2004,41.849998,41.849998,41.090000,41.220001,23.379816,1925200,-,19.881540,22.514733,23.747922,23.789895,2082228.0
12/07/2004,42.590000,42.619999,41.520000,41.560001,23.572660,1844500,-,19.855087,22.459434,23.741115,23.870436,2073248.0
12/06/2004,42.049999,42.459999,41.900002,42.459999,24.083136,1380400,-,19.827642,22.397020,23.719611,23.899363,2084262.0
12/03/2004,41.369999,42.139999,41.369999,42.049999,23.850578,1969200,-,19.797672,22.325071,23.656293,23.877243,2088182.0
12/02/2004,41.849998,41.939999,41.070000,41.299999,23.425188,1933400,-,19.769956,22.256088,23.614434,23.855690,2076418.0
12/01/2004,41.720001,41.900002,41.040001,41.849998,23.737146,2362400,-,19.745125,22.197522,23.570813,23.844913,2071306.0
11/30/2004,42.419998,42.509998,41.700001,41.709999,23.657740,2860500,-,19.717479,22.135526,23.480700,23.826194,2049254.0
11/29/2004,42.430000,42.639999,41.900002,42.480000,24.094481,1826000,-,19.689705,22.076017,23.426014,23.819388,2017652.0
11/26/2004,42.320000,42.930000,42.320000,42.380001,24.037752,972100,-,19.660093,22.011929,23.334044,23.815985,2023742.0
11/24/2004,42.799999,43.000000,42.230000,42.419998,24.060450,2006300,-,19.631220,21.947179,23.239854,23.780819,2035170.0
11/23/2004,42.080002,42.840000,42.009998,42.639999,24.185230,1684700,-,19.601474,21.878492,23.140597,23.705950,2025058.0
11/22/2004,41.500000,42.169998,41.480000,42.070000,23.861931,2646700,-,19.570616,21.807759,23.049426,23.611794,2031630.0
11/19/2004,41.849998,42.160000,41.410000,42.070000,23.861931,2394300,-,19.540966,21.744165,22.961499,23.539859,2022596.0
11/18/2004,41.270000,41.820000,41.200001,41.669998,23.635048,1685000,-,19.510855,21.690234,22.854475,23.435344,2017686.0
11/17/2004,41.770000,42.279999,40.910000,41.110001,23.317419,1653000,-,19.482422,21.640727,22.740539,23.373178,2027550.0
11/16/2004,41.599998,41.820000,41.389999,41.520000,23.549963,1345000,-,19.456500,21.593304,22.643608,23.296713,2051758.0
11/15/2004,42.480000,42.490002,41.540001,41.590000,23.589672,1628800,-,19.429496,21.545612,22.524096,23.135206,2063312.0
11/12/2004,41.939999,42.419998,41.560001,42.419998,24.060450,1421500,-,19.402485,21.493418,22.404284,23.032640,2055998.0
11/11/2004,41.349998,41.880001,40.950001,41.759998,23.686094,1371000,-,19.372671,21.433494,22.265427,22.852103,2063978.0
11/10/2004,41.380001,41.570000,40.580002,41.099998,23.311758,3315500,-,19.344227,21.377125,22.134896,22.698889,2081396.0
11/09/2004,41.299999,41.470001,41.169998,41.380001,23.243677,1823500,-,19.316120,21.324872,22.024766,22.575245,2042720.0
11/08/2004,40.740002,41.279999,40.650002,41.200001,23.142576,2235500,-,19.288258,21.267016,21.925344,22.487057,2020116.0
11/05/2004,40.970001,40.970001,40.340000,40.619999,22.816786,2774900,-,19.261432,21.208935,21.829853,22.383140,1993948.0
11/04/2004,40.450001,41.000000,40.240002,40.970001,23.013380,2821300,-,19.237497,21.158043,21.751775,22.273605,1961054.0
11/03/2004,40.000000,40.459999,39.500000,40.150002,22.552778,2844800,-,19.212959,21.106366,21.665272,22.107900,1927014.0
11/02/2004,40.320000,40.320000,39.009998,39.049999,21.934889,2738700,-,19.189571,21.061766,21.604888,21.990502,1898072.0
11/01/2004,40.000000,40.610001,39.950001,40.169998,22.564016,3615600,-,19.169462,21.028063,21.555176,21.912986,1877164.0
10/29/2004,39.950001,40.099998,39.160000,39.619999,22.255074,2552300,-,19.145813,20.985598,21.470637,21.775927,1841664.0
10/28/2004,39.549999,39.560001,38.669998,39.439999,22.153957,3424600,-,19.123899,20.945940,21.405478,21.678751,1844398.0
10/27/2004,39.750000,39.849998,39.099998,39.299999,22.075319,2172600,-,19.101690,20.912687,21.328243,21.570902,1832372.0
10/26/2004,39.500000,39.910000,39.230000,39.810001,22.361795,3346000,-,19.079928,20.875839,21.251288,21.474287,1828806.0
10/25/2004,39.000000,39.410000,38.959999,39.349998,22.103401,2743700,-,19.057196,20.833261,21.163941,21.363631,1793630.0
10/22/2004,38.270000,38.930000,37.840000,38.669998,21.721439,2135800,-,19.036597,20.796076,21.081370,21.276566,1774434.0
10/21/2004,38.599998,38.799999,38.000000,38.020000,21.356331,2107600,-,19.017895,20.770012,21.019582,21.229945,1771536.0
10/20/2004,37.849998,38.080002,37.520000,38.060001,21.378798,2107000,-,19.000475,20.752487,20.971836,21.222644,1799832.0
10/19/2004,37.799999,37.990002,37.549999,37.669998,21.159727,2633900,-,18.983594,20.731647,20.927742,21.219273,1806872.0
10/18/2004,37.820000,37.970001,37.459999,37.730000,21.193424,1883900,-,18.967401,20.711067,20.901622,21.197366,1797590.0
10/15/2004,37.750000,38.000000,37.580002,37.889999,21.283318,1298900,-,18.951529,20.688365,20.876065,21.165348,1821280.0
10/14/2004,37.450001,37.599998,37.279999,37.520000,21.075468,1373400,-,18.934936,20.658517,20.856404,21.132205,1843040.0
10/13/2004,37.950001,37.950001,37.310001,37.580002,21.109171,2496500,-,18.918934,20.635723,20.842642,21.085583,1855632.0
10/12/2004,37.400002,37.869999,37.389999,37.840000,21.255232,2133100,-,18.901813,20.608801,20.818488,21.028289,1839710.0
10/11/2004,37.799999,37.980000,37.720001,37.799999,21.232754,1618400,-,18.884029,20.578513,20.788155,20.964252,1855778.0
10/08/2004,37.950001,37.980000,37.639999,37.840000,21.255232,1654900,-,18.865910,20.542658,20.760631,20.886174,1869500.0
10/07/2004,38.000000,38.060001,37.759998,37.889999,21.283318,1380700,-,18.847190,20.504126,20.756137,20.809218,1898480.0
10/06/2004,37.419998,38.000000,37.400002,38.000000,21.345091,1743100,-,18.827936,20.456899,20.749957,20.721028,1945306.0
10/05/2004,37.220001,37.549999,37.209999,37.279999,20.940655,1282300,-,18.807490,20.396405,20.730017,20.636210,1944156.0
10/04/2004,37.330002,37.470001,37.049999,37.160000,20.873245,1800400,-,18.788197,20.347565,20.741251,20.605878,1943776.0
10/01/2004,36.750000,37.310001,36.730000,37.299999,20.951889,1844400,-,18.769093,20.298514,20.746588,20.586781,1937366.0
09/30/2004,36.700001,36.810001,36.349998,36.689999,20.609247,1672500,-,18.749730,20.248780,20.752205,20.580603,1944508.0
09/29/2004,37.430000,37.430000,36.400002,36.560001,20.536226,1625600,-,18.732787,20.210802,20.765125,20.599701,1951576.0
09/28/2004,36.419998,36.790001,36.349998,36.700001,20.614864,1476200,-,18.716495,20.183865,20.773270,20.608688,1969750.0
09/27/2004,36.470001,36.540001,36.160000,36.410000,20.451969,2395200,-,18.700175,20.156580,20.760069,20.612058,1974506.0
09/24/2004,36.299999,36.590000,35.990002,36.470001,20.485674,1576400,-,18.683924,20.131216,20.749397,20.635089,1967210.0
09/23/2004,36.419998,36.549999,36.099998,36.320000,20.401423,1381000,-,18.668250,20.101725,20.738724,20.703056,1966580.0
09/22/2004,36.250000,36.520000,36.240002,36.490002,20.496910,1677800,-,18.652319,20.073807,20.740129,20.778886,1993786.0
09/21/2004,36.950001,37.080002,36.740002,36.740002,20.637335,1259800,-,18.635490,20.037407,20.731422,20.823823,1995860.0
09/20/2004,37.040001,37.099998,36.799999,36.820000,20.682274,1280400,-,18.617035,19.996082,20.712043,20.876624,1993006.0
09/17/2004,37.029999,37.619999,37.029999,37.189999,20.890106,2130500,-,18.598111,19.950293,20.699966,20.906394,2001584.0
09/16/2004,36.490002,37.110001,36.419998,37.029999,20.800230,1543500,-,18.578080,19.904135,20.669072,20.923807,2000994.0
09/15/2004,36.400002,36.720001,36.400002,36.720001,20.626095,1500700,-,18.558010,19.857212,20.653625,20.930548,1998756.0
09/14/2004,36.950001,37.070000,36.680000,36.759998,20.648567,2013300,-,18.538919,19.811767,20.633965,20.937851,1998702.0
09/13/2004,37.900002,37.900002,36.799999,36.820000,20.682274,2195000,-,18.519580,19.766874,20.613182,20.908081,1984280.0
09/10/2004,37.869999,37.869999,37.509998,37.680000,21.165342,2148800,-,18.500141,19.718857,20.591275,20.863706,1975042.0
09/09/2004,37.430000,37.669998,37.270000,37.669998,21.159727,2178200,-,18.477688,19.666414,20.553921,20.774393,1963258.0
09/08/2004,37.619999,37.639999,37.130001,37.290001,20.946281,2863400,-,18.455725,19.612302,20.519938,20.701371,1948698.0
09/07/2004,37.549999,37.779999,37.419998,37.680000,21.165342,1922700,-,18.435970,19.567025,20.489465,20.639021,1911166.0
09/03/2004,37.540001,37.619999,37.189999,37.349998,20.979977,1263100,-,18.413599,19.517479,20.437733,20.547462,1902666.0
09/02/2004,37.270000,37.500000,37.200001,37.500000,21.064234,1820500,-,18.392875,19.474648,20.391650,20.493538,1914062.0
09/01/2004,36.860001,37.270000,36.830002,37.150002,20.867641,2241900,-,18.372408,19.428016,20.327985,20.414336,1909274.0
08/31/2004,36.279999,36.849998,36.240002,36.849998,20.699127,1381700,-,18.352245,19.379856,20.281391,20.376701,1902932.0
08/30/2004,35.950001,36.430000,35.950001,36.230000,20.350861,693300,-,18.333644,19.337183,20.234589,20.330079,1902562.0
08/27/2004,36.090000,36.150002,36.000000,36.029999,20.238523,927100,-,18.316649,19.296240,20.204086,20.318283,1921150.0
08/26/2004,36.270000,36.480000,36.049999,36.090000,20.272219,1130200,-,18.299908,19.254981,20.164161,20.318845,1942198.0
08/25/2004,36.180000,36.410000,36.060001,36.369999,20.429504,1119300,-,18.282571,19.212157,20.116981,20.333449,1955594.0
08/24/2004,36.150002,36.320000,35.950001,36.180000,20.322784,1397700,-,18.265076,19.167858,20.041605,20.338504,1960720.0
08/23/2004,36.200001,36.340000,36.000000,36.049999,20.249748,1693300,-,18.248716,19.125360,19.941486,20.339908,1956978.0
08/20/2004,36.040001,36.389999,35.950001,36.389999,20.440735,1840600,-,18.232881,19.085659,19.853931,20.328005,1956452.0
08/19/2004,36.049999,36.349998,35.950001,36.090000,20.272219,2689000,-,18.217601,19.035008,19.752928,20.289762,1948278.0
08/18/2004,36.150002,36.520000,36.029999,36.480000,20.491291,2823300,-,18.201026,18.992964,19.662578,20.241634,1921302.0
08/17/2004,36.070000,36.270000,35.970001,36.020000,20.232903,1994300,-,18.183823,18.952109,19.573529,20.186082,1884952.0
08/16/2004,36.130001,36.259998,35.889999,36.020000,20.232903,1587200,-,18.167845,18.914862,19.521352,20.139099,1866556.0
08/13/2004,36.200001,36.410000,35.860001,36.040001,20.244143,1783900,-,18.151867,18.874272,19.472239,20.089890,1877002.0
08/12/2004,36.299999,36.509998,36.200001,36.349998,20.418264,1990900,-,18.135780,18.837023,19.419221,20.009477,1876888.0
08/11/2004,36.200001,36.779999,36.119999,36.459999,20.480055,3522400,-,18.118608,18.800079,19.348863,19.900512,1869736.0
08/10/2004,36.250000,36.560001,36.020000,36.509998,20.336819,2459000,-,18.101582,18.761453,19.275138,19.744706,1834472.0
08/09/2004,36.250000,36.259998,35.810001,36.139999,20.130718,2169800,-,18.085138,18.724356,19.192142,19.543064,1819540.0
08/06/2004,35.799999,36.400002,35.599998,36.009998,20.058310,3068400,-,18.069804,18.687481,19.114159,19.379857,1817368.0
08/05/2004,35.900002,36.040001,35.430000,35.529999,19.790936,2386900,-,18.054820,18.653614,19.030884,19.216093,1788074.0
08/04/2004,35.480000,36.000000,35.310001,35.790001,19.935766,2003000,-,18.040945,18.621085,18.970448,19.083522,1795102.0
08/03/2004,35.349998,35.630001,35.130001,35.480000,19.763079,1700400,-,18.027188,18.579642,18.896364,18.960977,1802848.0
08/02/2004,34.650002,35.509998,34.650002,35.439999,19.740810,2936500,-,18.014374,18.538534,18.825902,18.903605,1808034.0
07/30/2004,34.650002,35.439999,34.500000,34.900002,19.440014,2304500,-,18.002474,18.493416,18.759059,18.854587,1783836.0
07/29/2004,34.099998,34.730000,34.049999,34.700001,19.328613,3103900,-,17.991690,18.456207,18.701129,18.828965,1781478.0
07/28/2004,33.799999,34.099998,33.270000,33.970001,18.921993,3722000,-,17.981169,18.419555,18.661859,18.797215,1756382.0
07/27/2004,33.209999,33.340000,32.849998,32.889999,18.320400,1685600,-,17.972748,18.391481,18.638463,18.805570,1717930.0
07/26/2004,33.220001,33.389999,33.040001,33.209999,18.498650,1263300,-,17.966747,18.373656,18.656567,18.841219,1733972.0
07/23/2004,33.099998,33.209999,32.959999,33.070000,18.420668,1479900,-,17.960109,18.353715,18.666036,18.848461,1780120.0
07/22/2004,33.369999,33.400002,32.889999,33.150002,18.465227,2201500,-,17.953580,18.334275,18.686924,18.845675,1795314.0
07/21/2004,34.439999,34.439999,33.580002,33.590000,18.710318,2025900,-,17.946935,18.319134,18.700293,18.857374,1808258.0
07/20/2004,34.400002,34.650002,34.250000,34.450001,19.189362,2534300,-,17.939772,18.302073,18.687760,18.831751,1805006.0
07/19/2004,34.400002,34.700001,34.299999,34.560001,19.250629,1714000,-,17.930148,18.285039,18.656567,18.748198,1783048.0
07/16/2004,34.450001,34.669998,34.360001,34.439999,19.183790,2030400,-,17.918748,18.265565,18.609220,18.663531,1783880.0
07/15/2004,34.119999,34.259998,33.950001,34.130001,19.011108,1544900,-,17.907949,18.250465,18.558809,18.573293,1799192.0
07/14/2004,33.500000,34.230000,33.369999,34.119999,19.005545,2741300,-,17.896597,18.238487,18.514805,18.526503,1816634.0
07/13/2004,33.340000,33.630001,33.290001,33.529999,18.676895,1781500,-,17.884003,18.228001,18.475256,18.471357,1808484.0
07/12/2004,33.029999,33.389999,33.029999,33.340000,18.571064,1117100,-,17.872972,18.222100,18.451304,18.471914,1826362.0
07/09/2004,33.410000,33.410000,32.939999,33.020000,18.392817,1709300,-,17.863219,18.220358,18.435986,18.483611,1888344.0
07/08/2004,33.119999,33.459999,32.970001,33.360001,18.582212,2101000,-,17.854437,18.220912,18.411756,18.528173,1914882.0
07/07/2004,32.880001,33.270000,32.799999,33.130001,18.454088,1431600,-,17.845844,18.217843,18.391146,18.543212,1923114.0
07/06/2004,33.070000,33.270000,32.880001,32.950001,18.353830,1498000,-,17.837625,18.213913,18.390868,18.543769,1930674.0
07/02/2004,33.070000,33.400002,32.970001,33.040001,18.403955,1292200,-,17.828156,18.212430,18.391703,18.564935,1949818.0
07/01/2004,33.200001,33.369999,32.689999,32.820000,18.281410,1733100,-,17.818049,18.203871,18.381676,18.554909,1964314.0
06/30/2004,33.230000,33.419998,32.849998,33.290001,18.543213,1559600,-,17.807446,18.198646,18.386690,18.544326,1966808.0
06/29/2004,33.549999,33.560001,33.009998,33.130001,18.454088,1450200,-,17.795881,18.193210,18.388082,18.503107,1978272.0
06/28/2004,33.549999,34.139999,33.529999,33.540001,18.682467,986800,-,17.783987,18.189391,18.392817,18.479155,2001352.0
06/25/2004,33.830002,33.990002,33.509998,33.549999,18.688034,1497700,-,17.770937,18.176311,18.382791,18.430694,2056820.0
06/24/2004,33.500000,33.930000,33.439999,33.820000,18.838432,1832900,-,17.757539,18.163395,18.362739,18.388361,2102338.0
06/23/2004,33.080002,33.650002,33.080002,33.630001,18.732597,1581100,-,17.743683,18.151447,18.339065,18.295338,2146264.0
06/22/2004,33.480000,33.549999,33.099998,33.139999,18.459660,1924800,-,17.730089,18.149898,18.310658,18.239080,2172810.0
06/21/2004,32.860001,33.470001,32.759998,33.330002,18.565495,1363200,-,17.718274,18.160766,18.280857,18.237967,2178426.0
06/18/2004,32.599998,32.900002,32.349998,32.860001,18.303698,1622700,-,17.706023,18.169185,18.237966,18.218471,2203826.0
06/17/2004,32.549999,32.720001,32.400002,32.630001,18.175577,1979500,-,17.694680,18.185878,18.197026,18.208443,2228624.0
06/16/2004,32.709999,32.939999,32.500000,32.549999,18.131021,1800000,-,17.682508,18.205961,18.167225,18.229054,2264206.0
06/15/2004,32.700001,33.110001,32.639999,32.700001,18.214569,1375600,-,17.669998,18.224009,18.135475,18.273058,2267678.0
06/14/2004,32.450001,32.860001,32.430000,32.669998,18.197861,1210600,-,17.657137,18.242373,18.100661,18.306479,2287938.0
06/10/2004,32.099998,32.799999,32.099998,32.790001,18.264700,1667000,-,17.644466,18.258698,18.062227,18.334888,2306686.0
06/09/2004,32.619999,32.799999,32.150002,32.150002,17.908207,1431900,-,17.631233,18.271918,18.024071,18.337116,2332454.0
06/08/2004,32.900002,33.000000,32.549999,32.619999,18.170017,1340200,-,17.618674,18.290888,18.001094,18.382792,2352592.0
06/07/2004,33.220001,33.250000,32.980000,33.119999,18.448523,1005800,-,17.606209,18.304622,17.978003,18.382235,2408896.0
06/04/2004,32.680000,33.250000,32.680000,32.980000,18.370533,1074500,-,17.592740,18.309859,17.948440,18.323747,2473668.0
06/03/2004,32.869999,33.000000,32.490002,32.680000,18.203426,2109500,-,17.579379,18.311024,17.946797,18.257462,2507346.0
06/02/2004,33.349998,33.590000,32.910000,33.000000,18.381680,1778200,-,17.567856,18.311942,17.950472,18.185608,2497360.0
06/01/2004,33.310001,33.560001,33.000000,33.340000,18.571064,1633300,-,17.554988,18.309957,17.952826,18.105397,2491660.0
05/28/2004,33.119999,33.450001,33.020000,33.299999,18.548782,1759200,-,17.541439,18.308492,17.944884,17.997892,2497306.0
05/27/2004,33.250000,33.459999,32.930000,33.180000,18.481945,1712400,-,17.528310,18.309681,17.941506,17.894843,2491150.0
05/26/2004,32.980000,33.369999,32.549999,32.830002,18.286985,2061200,-,17.514446,18.314636,17.936501,17.789566,2503730.0
05/25/2004,32.619999,33.020000,32.419998,32.970001,18.364969,1603700,-,17.500663,18.316920,17.946351,17.711025,2506562.0
05/24/2004,32.070000,32.680000,32.070000,32.610001,18.164440,2738300,-,17.486740,18.318638,17.949127,17.619396,2513324.0
05/21/2004,32.049999,32.259998,31.900000,32.070000,17.863644,2390300,-,17.473859,18.326078,17.962344,17.573771,2493470.0
05/20/2004,31.270000,31.950001,31.209999,31.790001,17.707684,1959700,-,17.461536,18.339810,17.982042,17.573134,2520008.0
05/19/2004,31.559999,31.830000,31.309999,31.389999,17.484884,1726600,-,17.449099,18.360195,18.010642,17.636132,2528502.0
05/18/2004,31.680000,31.980000,31.549999,31.559999,17.579571,2186600,-,17.438118,18.387908,18.035198,17.715336,2541250.0
05/17/2004,31.200001,31.559999,31.020000,31.410000,17.496014,1849100,-,17.425730,18.409972,18.057227,17.800256,2521046.0
05/14/2004,31.330000,31.790001,31.320000,31.450001,17.518293,1799400,-,17.413761,18.433762,18.095997,17.891876,2522460.0
05/13/2004,31.049999,31.610001,31.049999,31.290001,17.429173,2487700,-,17.401154,18.453021,18.133239,17.988170,2512092.0
05/12/2004,31.250000,32.139999,30.920000,31.420000,17.501583,3570700,-,17.387981,18.475167,18.163202,18.083437,2502666.0
05/11/2004,32.150002,32.180000,31.299999,31.600000,17.448671,2239600,-,17.373855,18.495698,18.190236,18.181677,2484332.0
05/10/2004,32.349998,32.500000,31.730000,32.070000,17.708197,2848700,-,17.360677,18.517675,18.229854,18.278859,2480856.0
05/07/2004,32.990002,33.130001,32.119999,32.340000,17.857271,1863300,-,17.345728,18.534240,18.277202,18.350916,2490126.0
05/06/2004,33.400002,33.560001,32.669998,33.209999,18.337662,1436400,-,17.330021,18.544290,18.334490,18.390949,2495528.0
05/05/2004,33.275002,33.474998,33.029999,33.099998,18.276930,1755600,-,17.312135,18.542523,18.366931,18.385152,2501316.0
05/04/2004,33.395000,33.494999,33.075001,33.375000,18.428768,2796000,-,17.293146,18.538768,18.410001,18.355059,2504036.0
05/03/2004,33.290001,33.494999,33.200001,33.345001,18.412210,2417000,-,17.274043,18.531866,18.447549,18.314198,2485376.0
04/30/2004,33.369999,33.570000,33.305000,33.470001,18.481236,2333800,-,17.253656,18.525405,18.478609,18.300118,2504100.0
04/29/2004,33.750000,33.750000,33.165001,33.290001,18.381838,2675400,-,17.233173,18.521926,18.511187,18.278307,2499176.0
04/28/2004,33.325001,33.740002,33.325001,33.474998,18.483984,4216200,-,17.214186,18.523472,18.542799,18.242968,2500288.0
04/27/2004,33.375000,33.445000,33.189999,33.360001,18.420496,3036200,-,17.196041,18.517951,18.564886,18.198795,2442220.0
04/26/2004,33.000000,33.384998,32.990002,33.375000,18.428768,2512600,-,17.178766,18.511601,18.586697,18.180849,2411572.0
04/23/2004,33.110001,33.200001,32.775002,33.064999,18.257601,1809600,-,17.160858,18.506466,18.608094,18.203488,2396376.0
04/22/2004,32.900002,33.560001,32.650002,33.105000,18.279692,2455200,-,17.145448,18.506576,18.630733,18.278032,2428956.0
04/21/2004,32.599998,32.625000,32.200001,32.555000,17.975996,2017000,-,17.131189,18.503208,18.638187,18.348710,2419000.0
04/20/2004,33.150002,33.230000,32.634998,32.634998,18.020163,1857800,-,17.119539,18.503959,18.651853,18.464943,2417752.0
04/19/2004,32.950001,33.185001,32.840000,33.090000,18.271406,2132800,-,17.107918,18.502197,18.664967,18.580899,2414500.0
04/16/2004,32.875000,33.075001,32.650002,33.075001,18.263126,2604200,-,17.095856,18.493563,18.676287,18.657100,2411268.0
04/15/2004,32.525002,33.044998,32.525002,32.650002,18.028450,3760200,-,17.083243,18.487268,18.693542,18.744067,2409348.0
04/14/2004,32.740002,33.119999,32.459999,32.674999,18.042248,3773600,-,17.071686,18.489359,18.728605,18.842630,2379912.0
04/13/2004,33.785000,33.785000,32.764999,33.035000,18.241037,4029200,-,17.059863,18.491500,18.746551,18.930978,2363320.0
04/12/2004,34.500000,34.500000,33.500000,33.785000,18.655163,2908400,-,17.047926,18.490425,18.757043,18.992545,2326976.0
04/08/2004,34.384998,34.465000,34.264999,34.415001,19.003036,2205600,-,17.032827,18.479276,18.751107,19.012699,2323240.0
04/07/2004,34.525002,34.605000,34.279999,34.384998,18.986473,2633200,-,17.016003,18.459160,18.728468,18.983434,2386072.0
04/06/2004,34.735001,34.895000,34.459999,34.660000,19.138323,2862600,-,16.999419,18.433238,18.715491,18.927664,2377752.0
04/05/2004,34.400002,34.744999,34.375000,34.735001,19.179731,3758600,-,16.982549,18.403900,18.702101,18.838763,2362616.0
04/02/2004,34.654999,34.654999,34.330002,34.470001,19.033407,1973600,-,16.965682,18.375851,18.677253,18.749035,2334676.0
04/01/2004,34.375000,34.724998,34.250000,34.650002,19.132799,2388600,-,16.949638,18.355779,18.659859,18.695474,2325512.0
03/31/2004,34.250000,34.435001,34.154999,34.435001,19.014080,2148000,-,16.932770,18.335240,18.627281,18.643017,2334548.0
03/30/2004,34.150002,34.314999,34.049999,34.275002,18.925730,2955400,-,16.916928,18.312459,18.603400,18.614580,2326852.0
03/29/2004,34.125000,34.209999,33.955002,34.150002,18.856705,2438800,-,16.900293,18.292206,18.583521,18.562124,2296704.0
03/26/2004,33.889999,34.285000,33.855000,34.150002,18.856705,4155400,-,16.884581,18.271758,18.568061,18.521540,2284236.0
03/25/2004,33.375000,33.889999,33.250000,33.884998,18.710388,4244400,-,16.867306,18.252070,18.552048,18.489515,2226668.0
03/24/2004,32.974998,33.415001,32.855000,33.375000,18.428768,2758400,-,16.851064,18.232105,18.534516,18.473501,2181176.0
03/23/2004,32.985001,33.220001,32.919998,33.049999,18.249317,1610200,-,16.835009,18.217989,18.525544,18.503319,2167776.0
03/22/2004,33.450001,33.665001,33.060001,33.110001,18.282454,1493200,-,16.819917,18.209309,18.517537,18.565438,2168712.0
03/19/2004,33.669998,33.790001,33.424999,33.500000,18.497793,1915600,-,16.804843,18.203333,18.507598,18.605470,2170896.0
03/18/2004,33.825001,34.064999,33.615002,33.700001,18.608231,1451400,-,16.790518,18.192996,18.487167,18.624244,2164452.0
03/17/2004,33.474998,33.980000,33.424999,33.919998,18.729710,2341400,-,16.774879,18.178278,18.472121,18.611545,2183168.0
03/16/2004,33.419998,33.575001,33.169998,33.325001,18.401169,2202800,-,16.757241,18.163737,18.458592,18.592219,2175556.0
03/15/2004,33.450001,33.654999,33.255001,33.415001,18.450869,1941800,-,16.740522,18.154138,18.448929,18.604918,2180120.0
03/12/2004,33.720001,33.720001,33.230000,33.570000,18.536451,1745600,-,16.723108,18.145499,18.431535,18.614581,2178656.0
03/11/2004,33.974998,34.130001,33.500000,33.595001,18.550249,3717200,-,16.707079,18.134063,18.413314,18.614581,2182304.0
03/10/2004,34.119999,34.244999,33.895000,33.915001,18.726948,2384400,-,16.691848,18.120559,18.398958,18.595532,2138272.0
03/09/2004,33.830002,34.205002,33.755001,34.174999,18.870510,2364000,-,16.675287,18.099720,18.368174,18.547769,2100432.0
03/08/2004,33.750000,33.955002,33.744999,33.834999,18.682772,1176400,-,16.656458,18.076280,18.325325,18.469636,2068436.0
03/05/2004,33.480000,33.900002,33.419998,33.840000,18.685537,1919800,-,16.637451,18.054804,18.287789,18.409726,2077804.0
03/04/2004,33.474998,33.744999,33.424999,33.470001,18.481236,1281000,-,16.617616,18.031317,18.245499,18.350090,2094740.0
03/03/2004,33.555000,33.735001,33.255001,33.570000,18.536451,2016400,-,16.597948,18.010341,18.218855,18.332696,2143788.0
03/02/2004,33.625000,33.965000,33.525002,33.555000,18.528162,2654000,-,16.578936,17.984731,18.198683,18.324965,2167692.0
03/01/2004,33.599998,33.705002,33.494999,33.590000,18.547495,2065800,-,16.559020,17.955811,18.179739,18.292940,2157160.0
02/27/2004,33.250000,33.735001,33.244999,33.570000,18.536451,3312200,-,16.537536,17.925907,18.161730,18.248490,2156780.0
02/26/2004,32.974998,33.310001,32.950001,33.250000,18.359755,2133400,-,16.516160,17.896767,18.139792,18.212046,2152360.0
02/25/2004,32.875000,33.169998,32.700001,33.049999,18.249317,1725800,-,16.494800,17.873985,18.121666,18.202384,2180916.0
02/24/2004,32.855000,32.990002,32.555000,32.759998,18.089184,1891600,-,16.473217,17.854552,18.093720,18.188580,2194908.0
02/23/2004,32.889999,33.105000,32.544998,32.750000,18.083668,1863000,-,16.452525,17.839788,18.072830,18.181014,2214972.0
02/20/2004,33.160000,33.160000,32.564999,32.759998,18.089184,3353200,-,16.432997,17.822147,18.057512,18.165853,2226824.0
02/19/2004,33.474998,33.584999,33.055000,33.154999,18.307295,2087600,-,16.412848,17.807383,18.054543,18.140908,2206540.0
02/18/2004,33.000000,33.500000,32.849998,33.430000,18.459143,2731000,-,16.391557,17.785541,18.044471,18.105014,2212808.0
02/17/2004,33.049999,33.110001,32.834999,32.974998,18.207907,1312800,-,16.368847,17.758979,18.015266,18.072400,2195160.0
02/13/2004,32.825001,33.000000,32.630001,32.785000,18.102995,1503800,-,16.346283,17.733749,18.000524,18.066538,2217996.0
02/12/2004,32.950001,33.105000,32.849998,32.910000,18.172018,1752800,-,16.324282,17.709640,17.987089,18.074970,2253112.0
02/11/2004,33.099998,33.125000,32.584999,33.075001,18.263126,3438600,-,16.300696,17.683878,17.972105,18.067538,2280120.0
02/10/2004,33.134998,33.355000,33.044998,33.349998,18.111279,1957400,-,16.276060,17.654339,17.944554,18.040948,2226160.0
02/09/2004,33.035000,33.250000,32.895000,33.169998,18.013523,1954600,-,16.251899,17.628272,17.925140,17.998861,2205948.0
02/06/2004,32.924999,33.080002,32.775002,33.020000,17.932062,1695200,-,16.228110,17.603617,17.915229,17.964647,2213372.0
02/05/2004,33.125000,33.125000,32.744999,32.849998,17.839733,1971200,-,16.204200,17.580862,17.917808,17.949170,2240612.0
02/04/2004,33.150002,33.290001,32.919998,33.049999,17.948359,2508200,-,16.181190,17.557565,17.924869,17.968178,2252788.0
02/03/2004,33.299999,33.389999,33.049999,33.389999,18.132998,2288400,-,16.157766,17.533941,17.921067,17.983927,2257132.0
02/02/2004,33.500000,33.665001,33.244999,33.419998,18.149290,2944000,-,16.133471,17.511187,17.914550,17.958131,2251076.0
01/30/2004,33.340000,33.500000,33.145000,33.490002,18.187309,2212000,-,16.108707,17.482024,17.903146,17.934509,2251732.0
01/29/2004,33.450001,33.459999,33.095001,33.325001,18.097700,2721600,-,16.084179,17.454979,17.894728,17.899209,2249304.0
01/28/2004,33.000000,33.500000,32.974998,33.139999,17.997232,5347200,-,16.059220,17.432442,17.888076,17.876671,2239632.0
01/27/2004,32.599998,32.724998,32.415001,32.575001,17.690401,2217200,-,16.033795,17.409199,17.881966,17.848160,2195040.0
01/26/2004,32.700001,32.810001,32.180000,32.540001,17.671387,2105800,-,16.010860,17.394971,17.881695,17.851418,2233416.0
01/23/2004,33.275002,33.400002,32.700001,32.735001,17.777290,2361600,-,15.987129,17.380579,17.883053,17.865810,2228064.0
01/22/2004,33.174999,33.494999,32.980000,33.200001,18.029814,1515400,-,15.962920,17.362841,17.874635,17.886446,2242732.0
01/21/2004,32.939999,33.360001,32.755001,33.340000,18.105844,2840400,-,15.937681,17.338341,17.848704,17.881559,2275920.0
01/20/2004,32.875000,32.950001,32.595001,32.915001,17.875044,1763200,-,15.912411,17.314833,17.815034,17.858207,2277232.0
01/16/2004,32.974998,33.099998,32.750000,32.985001,17.913069,1448000,-,15.887171,17.298346,17.784079,17.870970,2276384.0
01/15/2004,32.910000,32.990002,32.685001,32.840000,17.834307,1815400,-,15.863136,17.281741,17.742534,17.871783,2304352.0
01/14/2004,32.615002,33.070000,32.564999,32.910000,17.872326,1277000,-,15.840127,17.272750,17.703433,17.890248,2365352.0
01/13/2004,32.590000,32.799999,32.345001,32.615002,17.712122,1969800,-,15.815882,17.254447,17.663790,17.899480,2376452.0
01/12/2004,32.810001,32.919998,32.544998,32.634998,17.722982,2088400,-,15.792684,17.241219,17.639216,17.915773,2369992.0
01/09/2004,32.974998,33.119999,32.705002,32.805000,17.815302,1657000,-,15.769237,17.227506,17.616950,17.911971,2367684.0
01/08/2004,33.025002,33.125000,32.814999,33.115002,17.983654,1602400,-,15.744722,17.211947,17.593734,17.900295,2372264.0
01/07/2004,32.830002,33.119999,32.779999,33.110001,17.980942,1593400,-,15.719959,17.192807,17.554633,17.862824,2382508.0
01/06/2004,32.900002,33.139999,32.799999,32.910000,17.872326,2387200,-,15.694344,17.172866,17.523135,17.815849,2377700.0
01/05/2004,33.000000,33.270000,32.709999,33.150002,18.002668,1960800,-,15.670694,17.156915,17.490279,17.771861,2377628.0
01/02/2004,33.325001,33.595001,32.834999,33.000000,17.921198,2431000,-,15.645397,17.137822,17.446697,17.697189,2373356.0
12/31/2003,33.139999,33.310001,33.005001,33.180000,18.018959,1868600,-,15.620132,17.120679,17.397958,17.613285,2353756.0
12/30/2003,32.785000,33.200001,32.764999,33.080002,17.964651,1928000,-,15.594185,17.101528,17.341886,17.516619,2348884.0
12/29/2003,32.560001,32.950001,32.535000,32.915001,17.875044,1515600,-,15.568303,17.082554,17.287850,17.428099,2351884.0
12/26/2003,32.590000,32.700001,32.450001,32.564999,17.684967,492400,-,15.541268,17.068740,17.233408,17.362659,2380204.0
12/24/2003,32.349998,32.615002,32.240002,32.590000,17.698545,764200,-,15.514911,17.059048,17.189555,17.321928,2424288.0
12/23/2003,32.200001,32.470001,32.160000,32.424999,17.608942,1644800,-,15.488422,17.052292,17.143666,17.287172,2450008.0
12/22/2003,32.099998,32.264999,31.725000,32.244999,17.511187,2766600,-,15.462833,17.045777,17.102935,17.246441,2451128.0
12/19/2003,31.799999,32.259998,31.575001,32.099998,17.432444,3733400,-,15.438172,17.040042,17.061119,17.230421,2433108.0
12/18/2003,31.475000,31.924999,31.299999,31.775000,17.255949,3211600,-,15.414899,17.036149,17.027856,17.208697,2409696.0
12/17/2003,31.424999,31.459999,31.174999,31.455000,17.082163,2127400,-,15.392483,17.033434,17.014822,17.196206,2395188.0
12/16/2003,31.275000,31.450001,31.250000,31.400000,17.052294,2046800,-,15.370523,17.035210,16.995272,17.182630,2402416.0
12/15/2003,31.900000,31.930000,31.305000,31.450001,17.079453,3091200,-,15.347782,17.036461,16.984411,17.167153,2429296.0
12/12/2003,31.799999,31.855000,31.565001,31.709999,17.220642,3561200,-,15.326016,17.037597,16.978980,17.147602,2431312.0
12/11/2003,31.950001,32.035000,31.684999,31.815001,17.277664,2425400,-,15.303402,17.038742,16.959702,17.104157,2419368.0
12/10/2003,31.709999,32.064999,31.600000,31.950001,17.350981,2894800,-,15.281200,17.038479,16.944767,17.057182,2431996.0
12/09/2003,32.049999,32.049999,31.424999,31.674999,17.201637,2455600,-,15.258270,17.030870,16.924810,17.000160,2443620.0
12/08/2003,31.660000,32.099998,31.660000,31.950001,17.350981,2339000,-,15.237430,17.027317,16.909246,16.959430,2441300.0
12/05/2003,31.590000,32.075001,31.545000,31.700001,17.215206,2401000,-,15.215521,17.015111,16.881939,16.891818,2469036.0
12/04/2003,31.225000,31.639999,31.090000,31.545000,17.131041,1848600,-,15.194174,17.000543,16.867701,16.847016,2484016.0
12/03/2003,31.115000,31.455000,31.059999,31.205000,16.946402,2454600,-,15.173054,16.987338,16.863684,16.833439,2480800.0
12/02/2003,31.000000,31.150000,30.910000,31.115000,16.897522,3259600,-,15.152160,16.980818,16.870503,16.807914,2460056.0
12/01/2003,30.950001,31.174999,30.750000,31.090000,16.883942,3103200,-,15.131032,16.975597,16.894866,16.801669,2429800.0
11/28/2003,30.924999,31.020000,30.875000,30.910000,16.786192,740600,-,15.108668,16.975191,16.898527,16.810358,2437528.0
11/26/2003,31.000000,31.040001,30.750000,30.950001,16.807913,946800,-,15.086741,16.975671,16.911753,16.815246,2490120.0
11/25/2003,30.950001,31.075001,30.735001,30.900000,16.780764,2325800,-,15.063193,16.968714,16.923224,16.832353,2514508.0
11/24/2003,31.025000,31.184999,30.905001,30.924999,16.794334,3057200,-,15.040751,16.960751,16.936053,16.849460,2517532.0
11/21/2003,30.775000,30.840000,30.475000,30.705000,16.674862,2580000,-,15.019773,16.948079,16.947670,16.859062,2491460.0
11/20/2003,31.000000,31.480000,30.764999,30.875000,16.767185,2725400,-,14.999039,16.939187,16.963121,16.872060,2488380.0
11/19/2003,30.924999,31.400000,30.920000,31.295000,16.995272,1985600,-,14.978615,16.925348,16.978500,16.888386,2473640.0
11/18/2003,31.025000,31.250000,30.605000,30.735001,16.691154,2976800,-,14.957229,16.906894,16.981138,16.893929,2486232.0
11/17/2003,31.174999,31.245001,30.785000,31.000000,16.835073,2090600,-,14.937705,16.893239,16.999784,16.933092,2466300.0
11/14/2003,31.000000,31.430000,30.885000,31.250000,16.970833,2238000,-,14.918539,16.877882,17.011100,16.988062,2475840.0
11/13/2003,31.264999,31.264999,30.865000,31.000000,16.835073,3117600,-,14.898226,16.858741,17.013357,16.986696,2479516.0
11/12/2003,31.465000,31.700001,31.209999,31.264999,16.978983,4136000,-,14.878502,16.843972,17.030820,17.008260,2452248.0
11/11/2003,31.350000,31.740000,31.200001,31.715000,16.951826,1838200,-,14.858680,16.826699,17.041889,17.014095,2419308.0
11/10/2003,31.565001,31.805000,31.350000,31.600000,16.890360,3095000,-,14.837726,16.808365,17.062334,17.022647,2424760.0
11/07/2003,31.754999,31.799999,31.250000,31.440001,16.804836,3174800,-,14.816142,16.785381,17.081977,17.036277,2402116.0
11/06/2003,31.825001,31.900000,31.535000,31.674999,16.930445,2906000,-,14.796937,16.761863,17.102957,17.054183,2371384.0
11/05/2003,31.985001,32.235001,31.760000,31.900000,17.050709,1720800,-,14.778511,16.736100,17.118324,17.068615,2347568.0
11/04/2003,32.525002,32.544998,31.924999,31.959999,17.082777,2846400,-,14.759433,16.708359,17.121798,17.068347,2348512.0
11/03/2003,31.725000,32.634998,31.725000,32.525002,17.384783,4865400,-,14.740701,16.679068,17.126208,17.066476,2319344.0
10/31/2003,31.900000,32.099998,31.665001,31.725000,16.957169,1832000,-,14.721853,16.639301,17.112711,17.034137,2269008.0
10/30/2003,31.915001,31.985001,31.795000,31.900000,17.050709,1646800,-,14.705828,16.613698,17.121664,17.040018,2289324.0
10/29/2003,31.825001,31.995001,31.750000,31.875000,17.037342,1973000,-,14.690133,16.587775,17.133023,17.053380,2313468.0
10/28/2003,31.799999,31.955000,31.700001,31.875000,17.037342,1886000,-,14.674454,16.560996,17.144381,17.069683,2318440.0
10/27/2003,31.900000,32.240002,31.815001,31.855000,17.026657,2114600,-,14.657534,16.538227,17.141041,17.102021,2306960.0
10/24/2003,31.850000,31.900000,31.650000,31.775000,16.983894,1353000,-,14.640020,16.513853,17.140908,17.127678,2282296.0
10/23/2003,32.075001,32.189999,31.760000,31.945000,17.074766,2383600,-,14.623342,16.491404,17.128747,17.151731,2288724.0
10/22/2003,31.825001,32.044998,31.665001,31.895000,17.048031,1747200,-,14.606171,16.468367,17.099349,17.168032,2282716.0
10/21/2003,32.000000,32.195000,31.799999,31.924999,17.064070,1451000,-,14.588677,16.441589,17.070487,17.175249,2285948.0
10/20/2003,32.060001,32.060001,31.719999,31.920000,17.061394,1625000,-,14.573296,16.410915,17.048305,17.185940,2291640.0
10/17/2003,32.275002,32.369999,31.754999,31.834999,17.015970,2078000,-,14.556331,16.381294,17.027058,17.191285,2288656.0
10/16/2003,32.185001,32.340000,31.910000,32.150002,17.184336,2931600,-,14.539416,16.352739,17.019442,17.203311,2304196.0
10/15/2003,32.450001,32.450001,32.105000,32.180000,17.200373,2696600,-,14.520366,16.317033,17.000734,17.212666,2322312.0
10/14/2003,32.375000,32.529999,32.334999,32.480000,17.360723,2050200,-,14.501148,16.277432,16.963720,17.219079,2326136.0
10/13/2003,32.325001,32.564999,32.200001,32.334999,17.283218,1700800,-,14.480241,16.235991,16.914812,17.180061,2326980.0
10/10/2003,32.250000,32.275002,32.070000,32.224998,17.224426,1865600,-,14.460646,16.192368,16.858690,17.154138,2337484.0
10/09/2003,32.154999,32.520000,32.154999,32.250000,17.237782,2562800,-,14.440801,16.149921,16.808981,17.105764,2374100.0
10/08/2003,32.139999,32.165001,31.830000,32.029999,17.120201,2486200,-,14.420990,16.105105,16.750853,17.030667,2385524.0
10/07/2003,31.825001,32.294998,31.750000,32.125000,17.170973,2488800,-,14.401285,16.058593,16.698471,16.965724,2387288.0
10/06/2003,32.125000,32.125000,31.924999,32.020000,17.114849,3390800,-,14.380503,16.008701,16.640344,16.910670,2391956.0
10/03/2003,32.325001,32.450001,32.049999,32.060001,17.136230,3192000,-,14.360825,15.962665,16.587963,16.862832,2365580.0
10/02/2003,32.349998,32.505001,32.075001,32.325001,17.277880,2964000,-,14.341522,15.914308,16.531840,16.835572,2327936.0
10/01/2003,31.775000,32.340000,31.775000,32.299999,17.264511,3056800,-,14.321599,15.863067,16.472777,16.788803,2302500.0
09/30/2003,31.834999,31.975000,31.600000,31.750000,16.970535,3476000,-,14.301743,15.812986,16.415317,16.708360,2295144.0
09/29/2003,31.325001,31.870001,31.325001,31.850000,17.023989,2339600,-,14.283180,15.763161,16.368548,16.649564,2273504.0
09/26/2003,30.875000,31.495001,30.645000,31.320000,16.740692,3725800,-,14.263931,15.714842,16.304407,16.563242,2287220.0
09/25/2003,31.070000,31.219999,30.795000,30.844999,16.486807,3150000,-,14.245845,15.666723,16.248819,16.512197,2277692.0
09/24/2003,31.120001,31.135000,30.700001,30.815001,16.470772,1687800,-,14.228953,15.624681,16.206593,16.471040,2301704.0
09/23/2003,31.055000,31.174999,30.980000,31.094999,16.620434,1417400,-,14.210645,15.586953,16.166238,16.431219,2321056.0
09/22/2003,31.549999,31.549999,30.870001,31.125000,16.636467,1746800,-,14.190651,15.551646,16.116128,16.370018,2361128.0
09/19/2003,31.450001,31.555000,31.299999,31.549999,16.863638,3489600,-,14.170565,15.518225,16.054126,16.313094,2377156.0
09/18/2003,31.075001,31.455000,31.070000,31.450001,16.810184,3370200,-,14.151345,15.477895,15.994796,16.228107,2362888.0
09/17/2003,30.660000,30.924999,30.660000,30.795000,16.460083,2166200,-,14.130149,15.445205,15.942013,16.156750,2346464.0
09/16/2003,30.360001,30.700001,30.340000,30.650000,16.382574,2477000,-,14.111451,15.424562,15.903930,16.122275,2350796.0
09/15/2003,30.424999,30.450001,30.010000,30.235001,16.160765,1753600,-,14.094079,15.409831,15.879743,16.087532,2333968.0
09/12/2003,30.094999,30.370001,30.075001,30.365000,16.230247,2426000,-,14.076586,15.400535,15.862105,16.045573,2320124.0
09/11/2003,30.200001,30.389999,30.010000,30.075001,16.075233,1988400,-,14.059367,15.393108,15.843664,15.985440,2310076.0
09/10/2003,29.959999,30.250000,29.915001,30.070000,16.072565,2615200,-,14.042543,15.386416,15.836048,15.942146,2335972.0
09/09/2003,30.025000,30.165001,29.945000,29.950001,16.008425,1980200,-,14.024605,15.379304,15.817875,15.901257,2339244.0
09/08/2003,29.875000,30.090000,29.850000,30.059999,16.067221,2567600,-,14.007671,15.372687,15.793974,15.862238,2332732.0
09/05/2003,30.090000,30.090000,29.760000,29.959999,16.013769,2421800,-,13.990697,15.368415,15.769630,15.795158,2322580.0
09/04/2003,30.245001,30.295000,29.940001,30.115000,16.096622,1754200,-,13.973673,15.360851,15.748353,15.761484,2325488.0
09/03/2003,29.995001,30.200001,29.900000,30.150000,16.115326,2489000,-,13.957211,15.351681,15.713473,15.727276,2333012.0
09/02/2003,29.450001,30.004999,29.450001,30.000000,16.035151,2110800,-,13.939831,15.342768,15.668723,15.685584,2316104.0
08/29/2003,29.245001,29.455000,29.225000,29.450001,15.741173,1962800,-,13.922587,15.337351,15.631399,15.671955,2322816.0
08/28/2003,29.325001,29.360001,29.190001,29.240000,15.628920,1638200,-,13.905456,15.338654,15.599444,15.678636,2327772.0
08/27/2003,29.309999,29.365000,29.139999,29.264999,15.642292,1715200,-,13.889546,15.342571,15.573102,15.701888,2344496.0
08/26/2003,29.219999,29.475000,29.055000,29.305000,15.663670,1768000,-,13.873943,15.344905,15.540836,15.729950,2367932.0
08/25/2003,28.855000,29.260000,28.850000,29.219999,15.618235,1388000,-,13.859602,15.348547,15.497384,15.734494,2364124.0
08/22/2003,29.379999,29.379999,28.775000,28.805000,15.396423,2348600,-,13.846920,15.348157,15.450290,15.725711,2376860.0
08/21/2003,29.400000,29.440001,29.205000,29.330000,15.677033,2847800,-,13.834475,15.354516,15.421120,15.744103,2388524.0
08/20/2003,29.334999,29.584999,29.334999,29.475000,15.754538,2854000,-,13.819383,15.349008,15.373189,15.735222,2382376.0
08/19/2003,29.715000,29.760000,29.275000,29.370001,15.698411,2221600,-,13.803032,15.343159,15.321252,15.699670,2373976.0
08/18/2003,29.575001,29.900000,29.575001,29.745001,15.898851,1312000,-,13.787272,15.333545,15.274354,15.651862,2359000.0
08/15/2003,29.680000,29.680000,29.379999,29.575001,15.807988,881400,-,13.770523,15.320185,15.203376,15.590843,2386532.0
08/14/2003,29.790001,29.855000,29.549999,29.674999,15.861439,1674400,-,13.752909,15.309378,15.143379,15.520252,2439240.0
08/13/2003,29.825001,29.889999,29.580000,29.790001,15.922911,2083200,-,13.734878,15.304807,15.067045,15.444316,2449444.0
08/12/2003,29.549999,29.900000,29.525000,29.889999,15.709107,1908800,-,13.716067,15.295958,14.990133,15.351722,2482668.0
08/11/2003,29.625000,29.684999,29.405001,29.549999,15.530410,1735600,-,13.697454,15.285815,14.933898,15.260274,2493952.0
08/08/2003,29.740000,29.850000,29.540001,29.645000,15.580340,1475800,-,13.679435,15.276354,14.900130,15.174869,2532888.0
08/07/2003,29.400000,29.660000,29.295000,29.660000,15.588223,2855000,-,13.660918,15.264109,14.869385,15.098137,2577284.0
08/06/2003,29.000000,29.469999,28.750000,29.299999,15.399023,3837400,-,13.643967,15.258958,14.832332,15.011157,2636516.0
08/05/2003,29.049999,29.195000,28.860001,28.959999,15.220332,2887800,-,13.625771,15.261060,14.821164,14.942833,2648360.0
08/04/2003,28.709999,29.100000,28.514999,29.090000,15.288657,2092400,-,13.607797,15.264949,14.831544,14.896846,2682664.0
08/01/2003,28.915001,28.915001,28.540001,28.735001,15.102078,2226000,-,13.587427,15.261271,14.849413,14.815909,2703184.0
07/31/2003,28.565001,28.885000,28.535000,28.735001,15.102078,3696400,-,13.570418,15.256856,14.879107,14.766506,2722088.0
07/30/2003,28.500000,28.770000,28.365000,28.535000,14.996967,3134000,-,13.552910,15.249183,14.916947,14.689774,2689132.0
07/29/2003,28.075001,28.290001,27.920000,28.150000,14.794629,2574400,-,13.534845,15.240195,14.954131,14.628545,2662876.0
07/28/2003,28.145000,28.145000,27.690001,27.924999,14.676366,2722200,-,13.518850,15.238986,15.000249,14.607522,2669360.0
07/25/2003,28.065001,28.344999,28.000000,28.184999,14.813018,2072000,-,13.498915,15.236359,15.050309,14.625391,2675392.0
07/24/2003,28.004999,28.424999,27.950001,28.004999,14.718418,1309800,-,13.482156,15.225112,15.102340,14.640632,2674652.0
07/23/2003,28.184999,28.250000,27.959999,28.000000,14.715788,1692200,-,13.467040,15.215967,15.148195,14.653508,2708340.0
07/22/2003,27.750000,28.090000,27.620001,28.084999,14.760462,2689000,-,13.452186,15.203406,15.194313,14.699495,2732976.0
07/21/2003,28.190001,28.190001,27.500000,27.549999,14.479285,2394000,-,13.437979,15.186851,15.239775,14.766241,2731720.0
07/18/2003,27.450001,27.875000,27.415001,27.795000,14.608047,3025400,-,13.426324,15.176282,15.304025,14.882917,2732608.0
07/17/2003,27.200001,27.395000,27.090000,27.275000,14.334757,3249400,-,13.414013,15.167684,15.363939,14.991708,2718732.0
07/16/2003,27.875000,27.875000,27.225000,27.370001,14.384682,4350600,-,13.401462,15.162175,15.438438,15.144121,2710136.0
07/15/2003,28.475000,28.475000,27.745001,27.750000,14.584395,2655400,-,13.388251,15.155461,15.507155,15.279717,2689812.0
07/14/2003,28.700001,28.820000,28.260000,28.264999,14.855060,3421000,-,13.375025,15.142118,15.570223,15.392976,2689448.0
07/11/2003,28.260000,28.600000,28.260000,28.475000,14.965426,2548200,-,13.357520,15.118918,15.607407,15.475226,2694180.0
07/10/2003,28.815001,28.820000,28.225000,28.250000,14.847175,2776200,-,13.337335,15.093665,15.644853,15.564047,2770504.0
07/09/2003,29.350000,29.350000,28.855000,28.875000,15.175660,2549000,-,13.318488,15.065818,15.672577,15.642882,2804688.0
07/08/2003,29.750000,29.780001,29.299999,29.355000,15.427927,2382800,-,13.298036,15.029023,15.686898,15.689131,2815808.0
07/07/2003,29.924999,30.174999,29.764999,29.770000,15.646037,1635600,-,13.276796,14.986047,15.676387,15.713308,2834676.0
07/03/2003,29.900000,29.980000,29.725000,29.865000,15.695963,1061400,-,13.254079,14.938243,15.655628,15.725133,2892640.0
07/02/2003,29.955000,30.209999,29.700001,30.174999,15.858887,1923600,-,13.228449,14.887323,15.634211,15.736170,2920848.0
07/01/2003,29.905001,30.125000,29.155001,29.950001,15.740641,3283200,-,13.203996,14.834900,15.622912,15.732754,2943784.0
06/30/2003,29.830000,30.090000,29.790001,29.905001,15.716983,2778800,-,13.179885,14.785360,15.609903,15.734593,2908736.0
06/27/2003,30.215000,30.215000,29.725000,29.830000,15.677566,1654600,-,13.156079,14.736499,15.584151,15.747470,2890072.0
06/26/2003,29.885000,30.165001,29.719999,30.165001,15.853634,2060000,-,13.134487,14.686876,15.553142,15.739587,2889048.0
06/25/2003,29.950001,30.290001,29.674999,29.750000,15.635525,2567200,-,13.110932,14.635438,15.508864,15.725660,2891688.0
06/24/2003,29.725000,29.900000,29.580000,29.754999,15.638152,2130400,-,13.088740,14.584847,15.493622,15.702272,2877928.0
06/23/2003,29.959999,29.975000,29.750000,29.815001,15.669692,1643600,-,13.065814,14.530329,15.486921,15.684666,2911484.0
06/20/2003,30.200001,30.455000,29.975000,29.995001,15.764288,2446400,-,13.042232,14.479004,15.474176,15.639467,2916560.0
06/19/2003,30.155001,30.270000,29.910000,30.075001,15.806333,2210600,-,13.018987,14.422222,15.441197,15.586122,2916176.0
06/18/2003,30.030001,30.120001,29.830000,30.110001,15.824730,2474400,-,12.996377,14.364805,15.394947,15.532252,2904776.0
06/17/2003,30.240000,30.410000,29.975000,29.985001,15.759031,2887000,-,12.975530,14.307951,15.339632,15.513069,2893572.0
06/16/2003,29.920000,30.260000,29.860001,30.150000,15.845749,1577600,-,12.958982,14.253806,15.279061,15.485213,2878320.0
06/13/2003,29.975000,30.075001,29.455000,29.680000,15.598741,2024800,-,12.942997,14.193431,15.223482,15.420832,2933608.0
06/12/2003,29.480000,29.915001,29.379999,29.900000,15.714358,2931800,-,12.928943,14.143576,15.170794,15.366697,2996212.0
06/11/2003,29.420000,30.000000,29.014999,29.305000,15.401648,2540400,-,12.914373,14.093941,15.097610,15.292067,3004108.0
06/10/2003,29.059999,29.434999,28.975000,29.420000,15.462087,2434000,-,12.900982,14.046375,15.040586,15.284972,3000892.0
06/09/2003,28.985001,29.195000,28.799999,28.955000,15.217702,1472800,-,12.888134,13.998582,14.971868,15.289177,2996772.0
06/06/2003,29.455000,29.455000,28.980000,28.980000,15.230844,2688600,-,12.876645,13.954901,14.907620,15.308885,3006668.0
06/05/2003,29.745001,29.745001,29.004999,29.049999,15.267632,3516800,-,12.862564,13.908530,14.843618,15.296272,2992908.0
06/04/2003,29.455000,29.760000,29.275000,29.745001,15.632897,2184600,-,12.847776,13.863799,14.789145,15.257643,2966332.0
06/03/2003,28.924999,29.475000,28.850000,29.455000,15.480476,3744400,-,12.830092,13.808301,14.710466,15.166195,2958636.0
06/02/2003,28.740000,29.155001,28.709999,28.924999,15.201932,2473000,-,12.814090,13.761535,14.638892,15.072908,2920908.0
05/30/2003,28.405001,28.655001,28.325001,28.650000,15.057398,3682400,-,12.800265,13.716361,14.574656,15.026133,2917748.0
05/29/2003,29.184999,29.250000,28.385000,28.480000,14.968058,3695600,-,12.784699,13.672580,14.506539,14.974891,2882980.0
05/28/2003,29.495001,29.500000,29.165001,29.170000,15.330696,5816600,-,12.770650,13.629811,14.443276,14.903152,2851056.0
05/27/2003,29.334999,29.834999,29.190001,29.500000,15.504135,4429600,-,12.754151,13.578962,14.349481,14.796199,2792724.0
05/23/2003,28.865000,29.620001,28.850000,29.330000,15.414784,4603000,-,12.736321,13.518237,14.241071,14.654559,2790200.0
05/22/2003,28.315001,28.945000,28.315001,28.740000,15.104712,3118400,-,12.718168,13.458214,14.134287,14.506354,2765612.0
05/21/2003,28.174999,28.325001,28.030001,28.315001,14.881336,3171200,-,12.701479,13.404134,14.041845,14.390964,2770224.0
05/20/2003,27.950001,28.049999,27.809999,28.004999,14.718418,2048600,-,12.684489,13.356331,13.955274,14.320646,2742796.0
05/19/2003,27.985001,28.000000,27.674999,27.680000,14.547610,1821200,-,12.668081,13.313542,13.881242,14.254737,2751092.0
05/16/2003,27.475000,28.219999,27.450001,28.035000,14.734181,2898600,-,12.654030,13.278148,13.817042,14.204875,2760560.0
05/15/2003,27.309999,27.725000,27.275000,27.674999,14.544978,3023800,-,12.640331,13.238919,13.744030,14.123180,2741132.0
05/14/2003,27.250000,27.280001,27.045000,27.115000,14.250665,2035000,-,12.626368,13.201821,13.676603,14.038187,2722260.0
05/13/2003,27.225000,27.230000,27.049999,27.135000,14.261171,2994200,-,12.609218,13.166889,13.628154,13.983401,2735244.0
05/12/2003,26.840000,27.350000,26.840000,27.264999,14.087736,2924000,-,12.592883,13.136191,13.570397,13.902762,2707648.0
05/09/2003,27.065001,27.195000,26.920000,26.965000,13.932730,2626200,-,12.578137,13.108392,13.511622,13.827582,2704280.0
05/08/2003,27.200001,27.440001,26.965000,27.000000,13.950816,2438400,-,12.562270,13.086484,13.470158,13.762220,2691272.0
05/07/2003,27.209999,27.455000,27.100000,27.440001,14.178159,2331600,-,12.541851,13.062768,13.418875,13.692725,2684736.0
05/06/2003,27.150000,27.445000,27.090000,27.209999,14.059324,2819600,-,12.522850,13.039878,13.356743,13.589902,2703044.0
05/05/2003,26.995001,27.400000,26.850000,27.190001,14.048992,3334400,-,12.504651,13.018074,13.302877,13.507747,2688016.0
05/02/2003,26.450001,26.995001,26.445000,26.934999,13.917228,2637200,-,12.488485,12.996011,13.253016,13.429209,2663752.0
05/01/2003,26.520000,26.809999,26.290001,26.504999,13.695048,3657600,-,12.473674,12.975808,13.198504,13.364880,2658184.0
04/30/2003,26.235001,26.719999,26.235001,26.520000,13.702802,6364400,-,12.460952,12.957258,13.169053,13.315019,2621596.0
04/29/2003,25.924999,26.125000,25.924999,26.040001,13.454784,4485400,-,12.447764,12.936642,13.145543,13.272908,2548524.0
04/28/2003,25.775000,25.955000,25.715000,25.809999,13.335940,3105000,-,12.435987,12.915768,13.123971,13.238031,2512152.0
04/25/2003,25.655001,25.834999,25.500000,25.700001,13.279110,3326200,-,12.427249,12.897063,13.110795,13.195663,2511372.0
04/24/2003,25.350000,25.754999,25.350000,25.655001,13.255860,4533800,-,12.417537,12.873450,13.098524,13.178095,2505536.0
04/23/2003,25.510000,25.600000,25.350000,25.450001,13.149935,2471800,-,12.410251,12.854177,13.081343,13.145026,2458060.0
04/22/2003,25.670000,25.745001,25.459999,25.620001,13.237773,3070400,-,12.405170,12.843156,13.075401,13.123583,2440044.0
04/21/2003,25.690001,25.799999,25.504999,25.670000,13.263607,1530800,-,12.400481,12.828959,13.056412,13.098006,2419548.0
04/17/2003,25.540001,25.725000,25.424999,25.690001,13.273939,1845600,-,12.395786,12.817338,13.050341,13.076822,2422620.0
04/16/2003,25.709999,25.889999,25.465000,25.540001,13.196440,1603400,-,12.391405,12.806219,13.033807,13.032129,2431312.0
04/15/2003,25.450001,25.780001,25.315001,25.705000,13.281693,2192000,-,12.388317,12.798019,13.017402,13.023086,2441464.0
04/14/2003,25.090000,25.405001,25.025000,25.365000,13.106017,1879200,-,12.385854,12.792423,12.994796,13.018178,2434404.0
04/11/2003,25.400000,25.525000,24.895000,24.990000,12.912251,3808200,-,12.383536,12.788464,12.978908,13.009910,2445564.0
04/10/2003,25.100000,25.430000,25.065001,25.360001,13.103433,1897400,-,12.382125,12.788026,12.956690,13.025928,2434216.0
04/09/2003,25.174999,25.469999,24.965000,25.014999,12.925173,2427200,-,12.379967,12.786249,12.922201,13.018953,2483380.0
04/08/2003,25.100000,25.275000,25.025000,25.035000,12.935506,1640600,-,12.379042,12.782967,12.895978,13.017660,2519516.0
04/07/2003,25.549999,25.610001,25.059999,25.125000,12.982005,1914200,-,12.379532,12.775728,12.873760,13.027219,2544728.0
04/04/2003,24.940001,25.340000,24.924999,25.260000,13.051766,2124400,-,12.379460,12.775365,12.853609,13.014818,2550424.0
04/03/2003,25.365000,25.375000,24.825001,24.825001,12.827001,4342000,-,12.380519,12.779233,12.839916,13.023860,2550456.0
04/02/2003,25.990000,26.059999,25.315001,25.365000,13.106017,5155000,-,12.382530,12.787394,12.837204,13.035485,2523084.0
04/01/2003,25.205000,25.695000,25.205000,25.610001,13.232607,3326600,-,12.381802,12.792002,12.816407,13.011718,2469264.0
03/31/2003,25.299999,25.500000,25.120001,25.205000,13.023343,2379600,-,12.380073,12.799654,12.779980,12.971415,2438808.0
03/28/2003,25.200001,25.450001,25.150000,25.299999,13.072429,2228000,-,12.380540,12.814229,12.765125,12.947905,2455172.0
03/27/2003,24.825001,25.250000,24.625000,25.225000,13.033679,1967600,-,12.380187,12.831015,12.746394,12.887452,2492136.0
03/26/2003,25.290001,25.375000,24.930000,24.990000,12.912251,2000600,-,12.379404,12.848374,12.736577,12.825449,2539824.0
03/25/2003,24.875000,25.379999,24.875000,25.219999,13.031091,2188000,-,12.379033,12.863194,12.729214,12.774296,2610416.0
03/24/2003,25.440001,25.440001,24.850000,24.885000,12.858001,1799800,-,12.377273,12.873051,12.729343,12.720302,2617412.0
03/21/2003,25.225000,25.500000,25.094999,25.434999,13.142184,1858000,-,12.375926,12.888855,12.734898,12.692400,2623808.0
03/20/2003,24.825001,25.100000,24.725000,25.049999,12.943252,2315000,-,12.374857,12.898822,12.725081,12.655972,2675544.0
03/19/2003,24.830000,25.000000,24.730000,24.905001,12.868340,1944000,-,12.374686,12.910943,12.723272,12.638922,2723816.0
03/18/2003,24.799999,24.900000,24.450001,24.830000,12.829580,2099400,-,12.374350,12.933332,12.718234,12.621096,2831528.0
03/17/2003,24.150000,24.799999,24.139999,24.750000,12.788244,2900000,-,12.375603,12.950109,12.710355,12.588544,2859924.0
03/14/2003,24.150000,24.420000,24.045000,24.129999,12.467900,4303400,-,12.378297,12.967004,12.691496,12.582344,2839296.0
03/13/2003,24.350000,24.500000,23.875000,24.025000,12.413646,3373600,-,12.381615,12.985134,12.688137,12.605336,2785168.0
03/12/2003,24.075001,24.340000,23.900000,24.000000,12.400723,3349000,-,12.385925,13.003996,12.672377,12.647705,2764356.0
03/11/2003,24.500000,24.725000,24.174999,24.174999,12.491147,1799800,-,12.390679,13.019567,12.666952,12.684132,2727384.0
03/10/2003,24.639999,24.680000,24.174999,24.344999,12.578982,2463400,-,12.395384,13.037030,12.672339,12.738385,2746136.0
03/07/2003,24.670000,24.915001,24.469999,24.730000,12.777911,2294600,-,12.398526,13.050557,12.669786,12.777396,2710460.0
03/06/2003,24.514999,24.844999,24.410000,24.719999,12.772745,1927200,-,12.398398,13.060510,12.665016,12.794189,2725036.0
03/05/2003,24.215000,24.594999,24.195000,24.559999,12.690079,2080200,-,12.397991,13.068641,12.662280,12.807623,2755276.0
03/04/2003,24.629999,24.715000,24.129999,24.200001,12.504065,2684200,-,12.398107,13.075130,12.667098,12.815373,2760852.0
03/03/2003,24.750000,24.895000,24.540001,24.629999,12.726243,1614400,-,12.400437,13.088635,12.691988,12.832166,2751508.0
02/28/2003,24.834999,24.870001,24.455000,24.575001,12.697824,2755600,-,12.403881,13.099622,12.701081,12.800647,2770720.0
02/27/2003,24.920000,25.075001,24.725000,24.844999,12.837336,1975800,-,12.407516,13.111532,12.710708,12.770937,2803148.0
02/26/2003,25.240000,25.270000,24.665001,24.705000,12.764990,2111600,-,12.410638,13.120652,12.719568,12.697049,2833616.0
02/25/2003,25.450001,25.594999,25.000000,25.225000,13.033679,3247000,-,12.414157,13.130509,12.719373,12.649772,2832904.0
02/24/2003,25.000000,25.295000,24.975000,25.100000,12.969090,2068200,-,12.416381,13.133320,12.696367,12.606293,2820936.0
02/21/2003,25.225000,25.389999,24.875000,25.055000,12.945840,2121200,-,12.420036,13.136409,12.696105,12.562176,2813868.0
02/20/2003,24.670000,25.139999,24.670000,24.980000,12.907083,2358800,-,12.423024,13.139658,12.711072,12.535844,2826320.0
02/19/2003,24.525000,24.799999,24.440001,24.709999,12.767583,1828200,-,12.425159,13.137702,12.727470,12.516937,2821660.0
02/18/2003,24.049999,24.750000,24.000000,24.525000,12.671992,2710800,-,12.427486,13.134784,12.755912,12.518823,2823616.0
02/14/2003,23.940001,24.299999,23.745001,24.020000,12.411058,2666800,-,12.430015,13.133727,12.803073,12.551811,2842860.0
02/13/2003,23.420000,24.174999,23.040001,24.000000,12.400723,3066000,-,12.433667,13.145899,12.870124,12.601515,2844268.0
02/12/2003,24.250000,24.405001,23.395000,23.415001,12.098457,3034400,-,12.437010,13.149304,12.945676,12.650478,2833460.0
02/11/2003,25.025000,25.094999,24.245001,24.250000,12.292216,2160000,-,12.440770,13.161746,13.035833,12.742087,2790380.0
02/10/2003,24.715000,24.975000,24.615000,24.855000,12.598885,1571000,-,12.444752,13.174064,13.103884,12.788975,2782028.0
02/07/2003,25.100000,25.100000,24.520000,24.715000,12.527922,2045600,-,12.446611,13.175331,13.150139,12.786441,2786780.0
02/06/2003,25.059999,25.309999,24.980000,25.020000,12.682521,1684400,-,12.449438,13.180501,13.206151,12.830034,2786992.0
02/05/2003,25.350000,25.615000,25.090000,25.090000,12.718010,2280200,-,12.451011,13.181059,13.254052,12.886300,2812056.0
02/04/2003,25.549999,25.735001,25.225000,25.225000,12.786442,2111000,-,12.452407,13.176396,13.295618,12.938004,2814192.0
02/03/2003,25.500000,25.980000,25.500000,25.650000,13.001875,1839000,-,12.452799,13.173101,13.355685,12.993001,2820608.0
01/31/2003,25.305000,25.600000,25.270000,25.465000,12.908097,2437200,-,12.451235,13.166511,13.389013,13.054336,2813216.0
01/30/2003,25.725000,25.950001,25.299999,25.430000,12.890355,3240800,-,12.449899,13.160530,13.425256,13.138734,2803400.0
01/29/2003,25.174999,25.805000,25.030001,25.674999,13.014544,4355600,-,12.448543,13.158806,13.449460,13.240873,2790272.0
01/28/2003,24.875000,25.344999,24.875000,25.174999,12.761099,4234000,-,12.445881,13.151304,13.466568,13.329580,2726976.0
01/27/2003,25.174999,25.195000,24.629999,24.805000,12.573547,2901200,-,12.444835,13.147807,13.487478,13.418793,2677356.0
01/24/2003,25.799999,25.950001,25.510000,25.575001,12.963852,2199000,-,12.444642,13.142636,13.527015,13.513836,2687732.0
01/23/2003,26.090000,26.490000,26.049999,26.129999,13.245182,2126000,-,12.443184,13.132298,13.541588,13.582267,2679116.0
01/22/2003,26.090000,26.415001,25.575001,26.110001,13.235044,2973400,-,12.438995,13.117828,13.543109,13.621805,2682940.0
01/21/2003,26.785000,26.945000,26.309999,26.309999,13.336419,2464000,-,12.435531,13.109037,13.540321,13.653232,2671960.0
01/17/2003,27.129999,27.129999,26.700001,26.860001,13.615218,1803800,-,12.431115,13.103943,13.524228,13.718369,2681632.0
01/16/2003,27.455000,27.584999,27.035000,27.129999,13.752080,3197800,-,12.425859,13.089789,13.502431,13.723691,2695316.0
01/15/2003,27.490000,27.500000,26.785000,27.445000,13.911748,4076200,-,12.420279,13.067919,13.478607,13.711779,2693852.0
01/14/2003,27.150000,27.480000,27.020000,27.424999,13.901608,4352000,-,12.413901,13.039370,13.447686,13.658048,2653464.0
01/13/2003,26.684999,27.110001,26.684999,26.934999,13.653231,5530200,-,12.407850,13.012269,13.417272,13.603557,2622012.0
01/10/2003,26.875000,27.000000,26.580000,26.680000,13.523978,2537800,-,12.403330,12.990185,13.397503,13.556163,2566492.0
01/09/2003,26.975000,27.004999,26.665001,26.924999,13.648162,2119600,-,12.399300,12.965408,13.380015,13.540195,2559360.0
01/08/2003,26.730000,26.930000,26.570000,26.910000,13.640557,4444800,-,12.393758,12.937551,13.353783,13.500910,2553664.0
01/07/2003,27.600000,27.600000,26.610001,26.730000,13.549317,4728600,-,12.389458,12.907953,13.327171,13.464414,2495024.0
01/06/2003,27.000000,27.600000,26.990000,27.594999,13.987785,7329600,-,12.385735,12.876695,13.290168,13.427411,2449356.0
01/03/2003,26.905001,27.325001,26.695000,26.965000,13.668440,3519200,-,12.379229,12.835473,13.221864,13.330087,2360460.0
01/02/2003,26.600000,26.895000,26.400000,26.895000,13.632959,1868600,-,12.373225,12.799643,13.169400,13.281171,2353276.0
12/31/2002,26.490000,26.525000,26.045000,26.385000,13.374437,1597000,-,12.368758,12.770944,13.138733,13.245435,2406240.0
12/30/2002,26.200001,26.500000,26.125000,26.350000,13.356701,2333000,-,12.365379,12.738653,13.098561,13.237324,2417264.0
12/27/2002,26.350000,26.475000,25.969999,26.000000,13.179288,1500400,-,12.361680,12.704028,13.066754,13.230987,2416004.0
12/26/2002,26.260000,26.475000,26.225000,26.365000,13.364300,2737400,-,12.358844,12.664737,13.053194,13.238844,2426776.0
12/24/2002,26.315001,26.315001,26.049999,26.150000,13.255315,679600,-,12.354240,12.631454,13.018092,13.219836,2418760.0
12/23/2002,26.250000,26.285000,26.049999,26.190001,13.275594,3023400,-,12.350531,12.598359,12.994648,13.206657,2447680.0
12/20/2002,26.025000,26.135000,25.895000,26.000000,13.179288,3439200,-,12.347032,12.560527,12.966389,13.189929,2467540.0
12/19/2002,26.000000,26.000000,25.559999,25.674999,13.014544,2359000,-,12.343715,12.528853,12.931666,13.152926,2517288.0
12/18/2002,26.125000,26.245001,25.760000,26.000000,13.179288,2217000,-,12.341690,12.482351,12.912024,13.113641,2543588.0
12/17/2002,26.225000,26.344999,26.129999,26.190001,13.275594,2575000,-,12.338818,12.447989,12.886679,13.057629,2623452.0
12/16/2002,26.230000,26.325001,26.155001,26.225000,13.293330,4377000,-,12.333635,12.416380,12.853350,13.032031,2628312.0
12/13/2002,26.150000,26.350000,26.070000,26.225000,13.293330,3499200,-,12.328243,12.385413,12.828893,12.959799,2597844.0
12/12/2002,25.900000,26.670000,25.785000,26.155001,13.257855,2076000,-,12.322574,12.357931,12.796199,12.902520,2594828.0
12/11/2002,25.809999,26.049999,25.635000,25.990000,13.174218,2648600,-,12.315590,12.335738,12.762617,12.867545,2610616.0
12/10/2002,25.985001,25.985001,25.625000,25.889999,13.123526,1714800,-,12.309626,12.315169,12.719657,12.816348,2608400.0
12/09/2002,25.325001,26.075001,25.290001,25.860001,13.108317,2743800,-,12.303832,12.289191,12.685829,12.782639,2625920.0
12/06/2002,24.885000,25.315001,24.700001,25.270000,12.809254,2125800,-,12.298065,12.261874,12.656496,12.742849,2633184.0
12/05/2002,25.025000,25.245001,24.865000,24.900000,12.621696,1926000,-,12.293529,12.244471,12.655807,12.710407,2669308.0
12/04/2002,25.500000,25.975000,24.895000,24.895000,12.619166,3673000,-,12.288823,12.219120,12.678811,12.710407,2684800.0
12/03/2002,24.924999,25.799999,24.924999,25.684999,13.019619,2737200,-,12.285273,12.185305,12.693228,12.715729,2659632.0
12/02/2002,25.600000,25.600000,24.725000,24.799999,12.571006,2525600,-,12.279637,12.146469,12.675175,12.674670,2648324.0
11/29/2002,25.225000,25.395000,25.090000,25.094999,12.720548,880400,-,12.277315,12.116754,12.670840,12.697988,2686440.0
11/27/2002,25.209999,25.575001,24.955000,25.465000,12.908097,1742400,-,12.273848,12.085940,12.662140,12.689877,2741720.0
11/26/2002,25.129999,25.325001,24.850000,24.980000,12.662248,1808600,-,12.269949,12.049832,12.644186,12.657689,2766760.0
11/25/2002,25.080000,25.375000,24.865000,25.225000,12.786442,2056200,-,12.267869,12.007987,12.625332,12.622967,2772492.0
11/22/2002,24.629999,25.275000,24.375000,25.075001,12.710412,2937600,-,12.264103,11.971623,12.598774,12.589020,2768484.0
11/21/2002,24.875000,25.000000,24.445000,24.629999,12.484838,2387000,-,12.260422,11.935784,12.571288,12.570143,2746184.0
11/20/2002,25.004999,25.200001,24.375000,24.900000,12.621696,2431800,-,12.257856,11.905204,12.546367,12.601208,2742376.0
11/19/2002,24.975000,25.190001,24.700001,25.000000,12.672387,1469400,-,12.253897,11.879952,12.511616,12.647214,2730188.0
11/18/2002,25.385000,25.665001,24.865000,24.875000,12.609025,1946400,-,12.250039,11.849355,12.471842,12.670726,2764964.0
11/15/2002,24.900000,25.260000,24.820000,25.260000,12.804186,2584400,-,12.246722,11.821120,12.451292,12.675680,2768752.0
11/14/2002,24.940001,25.150000,24.719999,24.934999,12.639441,1190800,-,12.242004,11.786095,12.399078,12.643692,2761948.0
11/13/2002,24.424999,24.924999,24.275000,24.830000,12.586217,1753000,-,12.237057,11.752372,12.348379,12.634402,2787972.0
11/12/2002,25.049999,25.240000,24.254999,24.735001,12.315030,3420000,-,12.230920,11.722951,12.279804,12.630684,2808792.0
11/11/2002,25.155001,25.299999,24.565001,25.000000,12.446964,1768200,-,12.224685,11.702339,12.249059,12.627697,2808272.0
11/08/2002,25.705000,25.900000,25.105000,25.150000,12.521648,2317200,-,12.217956,11.686506,12.206740,12.608528,2875264.0
11/07/2002,26.000000,26.075001,25.155001,25.700001,12.795482,2424400,-,12.210817,11.685062,12.149857,12.572432,2856376.0
11/06/2002,25.975000,26.530001,25.950001,26.275000,13.081762,2947600,-,12.202274,11.682125,12.089863,12.491526,2830160.0
11/05/2002,25.950001,25.950001,25.254999,25.924999,12.907504,2488000,-,12.191625,11.676250,11.970247,12.376018,2813840.0
11/04/2002,25.090000,25.709999,24.959999,25.424999,12.658561,3124600,-,12.181541,11.674109,11.897930,12.272958,2796572.0
11/01/2002,25.160000,25.280001,24.764999,25.075001,12.484310,2056800,-,12.173623,11.675404,11.849761,12.226905,2758336.0
10/31/2002,25.240000,25.299999,24.860001,25.200001,12.546545,2779400,-,12.166801,11.683569,11.812793,12.154463,2767472.0
10/30/2002,24.950001,25.225000,24.629999,25.205000,12.549031,2754200,-,12.160970,11.691037,11.781427,12.062355,2777220.0
10/29/2002,24.715000,24.940001,24.250000,24.674999,12.285158,2181200,-,12.155185,11.688348,11.761387,11.928923,2773500.0
10/28/2002,24.459999,24.945000,24.400000,24.615000,12.255280,1834800,-,12.150838,11.688846,11.754416,11.870422,2784212.0
10/25/2002,24.110001,24.440001,23.799999,24.424999,12.160686,1512800,-,12.145469,11.685660,11.732883,11.804952,2792348.0
10/24/2002,24.014999,24.639999,23.844999,24.075001,11.986426,2445200,-,12.140704,11.688050,11.711972,11.727282,2795316.0
10/23/2002,23.855000,24.325001,23.430000,23.955000,11.926682,2884800,-,12.135839,11.697061,11.709607,11.688199,2807340.0
10/22/2002,24.485001,24.950001,23.475000,23.855000,11.876901,3160000,-,12.132161,11.697410,11.680979,11.564476,2827404.0
10/21/2002,23.125000,24.514999,22.950001,24.500000,12.198029,4516800,-,12.129618,11.703036,11.633556,11.522903,2805700.0
10/18/2002,23.100000,23.850000,22.700001,23.620001,11.759895,2148200,-,12.125281,11.699696,11.577545,11.472617,2764724.0
10/17/2002,22.799999,23.495001,22.350000,23.350000,11.625463,2270000,-,12.123738,11.703261,11.543813,11.471123,2788344.0
10/16/2002,23.450001,23.480000,22.434999,22.525000,11.214716,2039000,-,12.122961,11.706433,11.521533,11.500498,2789188.0
10/15/2002,23.750000,23.930000,23.350000,23.500000,11.700148,2336600,-,12.123529,11.717477,11.515932,11.593850,2793064.0
10/14/2002,22.865000,23.400000,22.450001,23.299999,11.600574,2125600,-,12.121279,11.713140,11.459423,11.638410,2788580.0
10/11/2002,23.350000,23.475000,22.620001,22.865000,11.383991,4016400,-,12.119479,11.709865,11.427808,11.660815,2796200.0
10/10/2002,21.575001,23.625000,21.190001,23.290001,11.595595,5926600,-,12.118893,11.716937,11.404532,11.696662,2765244.0
10/09/2002,22.549999,22.799999,21.400000,21.469999,10.689452,3674000,-,12.116657,11.724912,11.372543,11.731015,2738188.0
10/08/2002,23.600000,23.650000,21.875000,23.020000,11.461165,6210200,-,12.117981,11.746169,11.406026,11.797482,2723952.0
10/07/2002,23.715000,24.375000,23.375000,23.490000,11.695173,2818000,-,12.116051,11.733357,11.390094,11.744209,2667216.0
10/04/2002,23.945000,23.945000,23.320000,23.590000,11.744957,2853600,-,12.113518,11.719338,11.365200,11.682472,2666036.0
10/03/2002,24.650000,24.834999,23.920000,23.940001,11.919210,3348400,-,12.110133,11.707209,11.330597,11.616503,2674236.0
10/02/2002,24.350000,24.959999,24.125000,24.400000,12.148238,2865400,-,12.104753,11.684014,11.282303,11.542569,2714624.0
10/01/2002,24.049999,24.469999,23.525000,24.395000,12.145747,2537800,-,12.098464,11.638388,11.230648,11.438014,2721448.0
09/30/2002,23.584999,23.889999,23.070000,23.750000,11.824618,2590800,-,12.092034,11.603033,11.187582,11.280436,2743588.0
09/27/2002,23.980000,24.355000,23.455000,23.584999,11.742465,3107000,-,12.086961,11.574932,11.179118,11.194801,2762456.0
09/26/2002,23.000000,24.090000,22.965000,23.980000,11.939127,3932000,-,12.081684,11.556396,11.214468,11.112402,2752240.0
09/25/2002,22.049999,22.995001,21.799999,22.805000,11.354121,2700600,-,12.076820,11.536716,11.249942,11.014071,2731988.0
09/24/2002,22.075001,22.350000,21.809999,21.950001,10.928434,2414600,-,12.073756,11.532648,11.321636,11.014569,2761712.0
09/23/2002,22.125000,22.514999,21.900000,22.250000,11.077803,2171800,-,12.071698,11.535382,11.415238,11.035978,2842888.0
09/20/2002,22.250000,22.590000,21.930000,22.264999,11.085269,4431400,-,12.069436,11.535813,11.497512,11.047927,2852028.0
09/19/2002,22.250000,22.975000,22.125000,22.455000,11.179864,3644400,-,12.067244,11.545876,11.587877,11.044691,2824828.0
09/18/2002,21.155001,22.645000,21.155001,22.299999,11.102695,2994400,-,12.063869,11.549010,11.674881,11.022037,2812576.0
09/17/2002,22.280001,22.445000,21.075001,21.230000,10.569964,2095200,-,12.061128,11.562931,11.740477,11.023282,2792104.0
09/16/2002,21.500000,22.070000,21.350000,22.030001,10.968266,1855800,-,12.059868,11.594207,11.827481,11.094728,2780912.0
09/13/2002,21.915001,22.360001,21.700001,21.930000,10.918475,1822600,-,12.056131,11.620842,11.883866,11.163436,2764832.0
09/12/2002,22.775000,22.820000,21.879999,22.004999,10.955819,2196600,-,12.053365,11.648962,11.951951,11.316533,2776084.0
09/11/2002,22.875000,22.910000,22.500000,22.815001,11.359102,1822400,-,12.049573,11.677802,12.026011,11.485812,2763684.0
09/10/2002,22.504999,22.625000,22.150000,22.379999,11.142523,3208200,-,12.043953,11.702196,12.055261,11.628704,2768760.0
09/09/2002,22.200001,22.799999,21.660000,22.490000,11.197293,2135800,-,12.038872,11.735128,12.106045,11.794497,2747068.0
09/06/2002,22.700001,22.700001,21.950001,22.200001,11.052905,2244200,-,12.034274,11.764029,12.147732,11.947097,2740612.0
09/05/2002,22.299999,22.600000,21.950001,22.000000,10.953331,2492000,-,12.028990,11.795574,12.191993,12.131063,2734648.0
09/04/2002,22.625000,22.700001,22.049999,22.325001,11.115142,2794000,-,12.024914,11.829942,12.233529,12.327726,2710920.0
09/03/2002,22.924999,23.000000,22.254999,22.665001,11.284422,3394000,-,12.020124,11.862443,12.266119,12.457672,2696168.0
08/30/2002,24.500000,24.525000,23.299999,23.410000,11.655343,5117800,-,12.014593,11.897427,12.276062,12.560235,2685844.0
08/29/2002,25.350000,25.350000,24.844999,25.004999,12.449454,1372800,-,12.007776,11.923672,12.265136,12.604297,2623504.0
08/28/2002,25.684999,25.750000,25.250000,25.405001,12.648606,1113600,-,11.996391,11.939953,12.229543,12.587369,2639664.0
08/27/2002,25.825001,26.209999,25.584999,25.684999,12.788019,2131600,-,11.983906,11.951566,12.196831,12.566209,2660484.0
08/26/2002,25.680000,25.995001,25.400000,25.709999,12.800457,1624600,-,11.971013,11.955011,12.145044,12.481818,2654028.0
08/23/2002,25.850000,26.415001,25.379999,25.555000,12.723291,1212800,-,11.957478,11.956740,12.046051,12.417592,2668580.0
08/22/2002,26.075001,26.225000,25.650000,25.895000,12.892567,2513600,-,11.943970,11.964609,11.959597,12.348367,2669688.0
08/21/2002,25.035000,26.049999,25.035000,25.950001,12.919954,3266800,-,11.928988,11.966794,11.871894,12.252922,2648660.0
08/20/2002,24.600000,25.174999,24.299999,24.934999,12.414602,2568200,-,11.912373,11.965938,11.763869,12.139333,2612800.0
08/19/2002,24.195000,24.764999,24.135000,24.725000,12.310056,2716800,-,11.899027,11.974406,11.636485,12.074567,2602384.0
08/16/2002,24.639999,24.750000,24.125000,24.295000,12.095963,2241600,-,11.886286,11.981786,11.539882,11.991889,2577712.0
08/15/2002,24.950001,25.215000,24.549999,24.665001,12.280174,1661200,-,11.874533,11.991638,11.456062,11.925976,2567552.0
08/14/2002,24.049999,24.990000,23.900000,24.980000,12.437006,3046400,-,11.861279,12.004604,11.382839,11.871718,2566488.0
08/13/2002,24.750000,24.750000,23.990000,23.990000,11.944110,3888000,-,11.846719,12.014042,11.308743,11.827453,2530136.0
08/12/2002,24.504999,24.889999,24.344999,24.860001,12.158196,2074800,-,11.835668,12.031186,11.269074,11.808269,2487836.0
08/09/2002,24.434999,24.725000,24.205000,24.600000,12.031044,2468000,-,11.822676,12.049624,11.214421,11.674510,2477740.0
08/08/2002,24.500000,24.950001,23.875000,24.410000,11.938113,3329200,-,11.810181,12.075544,11.167837,11.570827,2476636.0
08/07/2002,24.075001,24.500000,23.799999,24.094999,11.784062,2312200,-,11.802118,12.099411,11.150353,11.490865,2432836.0
08/06/2002,23.575001,24.400000,23.575001,24.059999,11.766940,2232800,-,11.794048,12.129244,11.127978,11.388406,2412032.0
08/05/2002,23.584999,24.250000,23.299999,23.480000,11.483284,2112400,-,11.784753,12.160936,11.129567,11.198404,2395464.0
08/02/2002,24.125000,24.330000,22.950001,23.385000,11.436826,2506600,-,11.778395,12.199914,11.162090,11.087875,2386440.0
08/01/2002,24.475000,25.049999,23.555000,24.000000,11.737596,2468600,-,11.773500,12.235322,11.205251,10.986149,2374384.0
07/31/2002,24.105000,25.295000,23.650000,24.525000,11.994361,4573800,-,11.767020,12.255619,11.234595,10.893960,2358844.0
07/30/2002,22.125000,24.049999,22.115000,24.030001,11.752271,2962200,-,11.759198,12.269557,11.254769,10.790034,2348480.0
07/29/2002,22.250000,22.650000,21.850000,22.125000,10.820600,3373400,-,11.751600,12.288778,11.296095,10.729878,2366756.0
07/26/2002,22.750000,22.900000,22.110001,22.480000,10.994219,2759000,-,11.749102,12.331767,11.394520,10.754332,2336100.0
07/25/2002,21.500000,22.905001,21.275000,22.775000,11.138493,3263600,-,11.745514,12.380184,11.476927,10.764846,2312928.0
07/24/2002,19.100000,22.004999,18.924999,22.000000,10.759468,5367800,-,11.742030,12.425912,11.551510,10.809841,2286516.0
07/23/2002,21.219999,21.709999,19.600000,20.174999,9.866920,3206600,-,11.741136,12.479954,11.647123,10.867550,2226244.0
07/22/2002,21.305000,21.625000,20.565001,21.219999,10.377995,3644800,-,11.743139,12.551993,11.790786,11.060731,2189152.0
07/19/2002,22.174999,22.225000,21.115000,21.305000,10.419564,3534200,-,11.743445,12.614004,11.923568,11.236306,2171816.0
07/18/2002,22.400000,22.559999,21.969999,22.115000,10.815711,2596200,-,11.742117,12.679612,12.050970,11.424353,2141448.0
07/17/2002,22.799999,23.200001,22.250000,22.400000,10.955095,2919400,-,11.739480,12.734168,12.173359,11.575230,2144128.0
07/16/2002,22.750000,23.445000,22.299999,22.799999,11.150717,4186800,-,11.736449,12.781748,12.287066,11.719504,2111672.0
07/15/2002,22.125000,22.764999,20.875000,22.625000,11.065135,6473400,-,11.732323,12.823394,12.377544,11.862312,2050068.0
07/12/2002,23.570000,23.575001,22.500000,22.695000,11.099365,2628800,-,11.735528,12.865644,12.468632,12.034708,1944820.0
07/11/2002,22.900000,23.750000,22.799999,23.695000,11.588435,3071400,-,11.739896,12.906488,12.569502,12.189008,1918080.0
07/10/2002,24.075001,24.115000,23.025000,23.180000,11.336562,3031800,-,11.741157,12.936107,12.640172,12.293180,1878976.0
07/09/2002,24.809999,24.834999,24.000000,24.125000,11.798731,1970800,-,11.743701,12.966382,12.717200,12.426695,1858996.0
07/08/2002,25.150000,25.160000,24.700001,24.809999,12.133745,1535600,-,11.745790,12.992180,12.769163,12.520841,1858040.0
07/05/2002,25.200001,25.200001,24.799999,25.150000,12.300031,1051800,-,11.745915,13.008918,12.796429,12.610829,1864532.0
07/03/2002,25.250000,25.674999,25.075001,25.200001,12.324482,2385200,-,11.745730,13.024786,12.810856,12.677587,1878488.0
07/02/2002,25.525000,25.665001,25.150000,25.350000,12.397840,1576600,-,11.747035,13.038239,12.841056,12.771488,1873424.0
07/01/2002,26.150000,26.150000,25.670000,25.719999,12.578792,2076200,-,11.749169,13.050225,12.866609,12.854628,1869844.0
06/28/2002,25.875000,26.275000,25.709999,26.150000,12.789093,2123600,-,11.750281,13.055945,12.877736,12.892776,1854780.0
06/27/2002,25.825001,26.000000,25.250000,25.850000,12.642372,1813000,-,11.749287,13.053944,12.892285,12.902556,1837708.0
06/26/2002,26.010000,26.075001,25.450001,25.825001,12.630148,1946000,-,11.749246,13.053916,12.926520,12.949996,1827404.0
06/25/2002,26.000000,26.385000,25.770000,25.910000,12.671721,1305600,-,11.749279,13.053698,12.951585,12.987165,1810844.0
06/24/2002,26.650000,26.650000,25.879999,26.049999,12.740188,2056400,-,11.749265,13.049905,12.981784,13.007705,1824436.0
06/21/2002,26.500000,26.650000,26.245001,26.650000,13.033627,2877800,-,11.749235,13.046139,13.012351,13.017486,1807364.0
06/20/2002,27.049999,27.049999,26.459999,26.514999,12.967607,2000800,-,11.748746,13.036167,13.032280,12.982029,1782560.0
06/19/2002,27.000000,27.424999,26.924999,27.120001,13.263490,2180800,-,11.749562,13.030259,13.044262,12.944125,1769812.0
06/18/2002,26.594999,27.295000,26.549999,27.049999,13.229247,2154600,-,11.748574,13.013138,13.018708,12.910624,1742192.0
06/17/2002,26.549999,26.715000,26.410000,26.500000,12.960264,1808800,-,11.747189,12.999398,12.991810,12.878590,1719936.0
06/14/2002,26.625000,27.000000,26.260000,26.350000,12.886902,2352200,-,11.746649,12.989257,12.979461,12.862696,1714340.0
06/13/2002,26.600000,27.145000,26.500000,26.820000,13.116771,1268200,-,11.746883,12.982797,12.983618,12.882014,1695940.0
06/12/2002,26.330000,26.809999,26.200001,26.584999,13.001832,1462200,-,11.745074,12.973184,12.998535,12.903044,1701244.0
06/11/2002,26.500000,26.670000,26.254999,26.330000,12.877124,1473800,-,11.744048,12.965869,13.019687,12.916005,1695792.0
06/10/2002,25.924999,26.600000,25.750000,26.250000,12.837995,2047400,-,11.743367,12.962156,13.048909,12.955864,1683460.0
06/07/2002,25.475000,26.030001,25.450001,25.924999,12.679057,1483200,-,11.742407,12.960381,13.080454,13.007216,1671432.0
06/06/2002,26.434999,26.469999,25.635000,25.740000,12.588572,1733600,-,11.741324,12.961159,13.120427,13.082532,1675396.0
06/05/2002,26.700001,26.700001,26.045000,26.434999,12.928474,1608000,-,11.741414,12.960184,13.175996,13.144399,1678112.0
06/04/2002,26.174999,26.754999,26.174999,26.395000,12.908914,1228800,-,11.739641,12.957226,13.206748,13.126793,1676628.0
06/03/2002,26.850000,26.850000,26.025000,26.174999,12.801317,1773000,-,11.738308,12.955139,13.228008,13.105030,1686596.0
05/31/2002,27.250000,27.250000,26.745001,26.745001,13.080084,1570000,-,11.737331,12.952846,13.249593,13.096226,1688244.0
05/30/2002,26.750000,27.440001,26.750000,27.250000,13.327069,2412800,-,11.734856,12.940597,13.254472,13.085223,1700240.0
05/29/2002,26.950001,27.110001,26.715000,26.850000,13.131441,1139200,-,11.732987,12.928848,13.245197,13.094026,1693896.0
05/28/2002,27.299999,27.299999,26.945000,27.145000,13.275716,1272000,-,11.731878,12.920193,13.242092,13.123370,1708232.0
05/24/2002,27.500000,27.514999,27.000000,27.299999,13.351518,1404400,-,11.732572,12.907016,13.220823,13.141954,1736696.0
05/23/2002,27.105000,27.520000,27.105000,27.465000,13.432211,1661200,-,11.732168,12.892226,13.207678,13.153691,1742592.0
05/22/2002,26.225000,27.040001,26.184999,27.004999,13.207242,1903800,-,11.730847,12.872453,13.184601,13.158323,1733764.0
05/21/2002,25.825001,26.424999,25.575001,26.075001,12.752414,1691600,-,11.729359,12.858576,13.178910,13.207594,1727992.0
05/20/2002,25.969999,26.209999,25.674999,25.950001,12.691284,4055600,-,11.733595,12.855046,13.191146,13.286704,1729288.0
05/17/2002,26.250000,26.475000,25.049999,25.995001,12.713284,3876000,-,11.736287,12.851536,13.206440,13.350986,1687480.0
05/16/2002,27.400000,27.400000,26.350000,26.520000,12.970052,1840600,-,11.741096,12.849463,13.214014,13.402960,1648624.0
05/15/2002,27.325001,27.770000,27.100000,27.430000,13.415096,1600400,-,11.743765,12.842159,13.199965,13.423721,1647292.0
05/14/2002,27.500000,27.674999,27.209999,27.450001,13.424881,1943000,-,11.738838,12.818636,13.161256,13.396367,1655124.0
05/13/2002,27.735001,27.945000,27.285000,27.525000,13.461555,2354200,-,11.737976,12.794437,13.120975,13.360815,1649512.0
05/10/2002,28.000000,28.370001,27.635000,27.980000,13.468896,1352000,-,11.739844,12.768397,13.072001,13.299693,1628504.0
05/09/2002,28.334999,28.350000,27.975000,28.000000,13.478521,2778000,-,11.745696,12.736241,13.026150,13.261664,1630992.0
05/08/2002,28.200001,28.495001,27.850000,28.459999,13.699960,2015800,-,11.752014,12.706300,12.978976,13.210879,1616468.0
05/07/2002,27.700001,28.219999,27.500000,28.135000,13.543509,2730200,-,11.757614,12.671592,12.927588,13.150225,1618088.0
05/06/2002,27.495001,27.895000,27.495001,27.700001,13.334109,1296600,-,11.764475,12.639822,12.870786,13.095589,1593952.0
05/03/2002,27.325001,27.495001,27.030001,27.490000,13.233021,1106600,-,11.771938,12.611180,12.831193,13.061893,1603704.0
05/02/2002,27.299999,27.375000,26.879999,27.375000,13.177664,1211000,-,11.780718,12.580131,12.792202,13.025068,1614300.0
05/01/2002,27.150000,27.395000,26.895000,27.299999,13.141558,1291800,-,11.790243,12.554763,12.761514,12.976208,1618500.0
04/30/2002,26.924999,27.184999,26.760000,27.150000,13.069358,1116200,-,11.801182,12.529779,12.736241,12.926145,1614752.0
04/29/2002,27.174999,27.174999,26.555000,26.695000,12.850329,2032800,-,11.812459,12.510524,12.714579,12.881136,1626696.0
04/26/2002,27.000000,27.379999,26.600000,27.190001,13.088611,1923000,-,11.823495,12.494061,12.706636,12.844310,1615552.0
04/25/2002,27.100000,27.200001,26.850000,26.945000,12.970670,1860200,-,11.832734,12.474854,12.689667,12.790636,1622440.0
04/24/2002,27.325001,27.334999,27.000000,27.200001,13.093421,1749600,-,11.841660,12.460365,12.677031,12.747072,1660336.0
04/23/2002,27.125000,27.350000,26.905001,27.000000,12.997149,2132000,-,11.848864,12.439162,12.649352,12.704952,1654912.0
04/22/2002,26.650000,27.090000,26.620001,27.000000,12.997149,1397600,-,11.857132,12.418701,12.638521,12.645983,1640896.0
04/19/2002,26.600000,26.750000,26.250000,26.725000,12.864771,1323000,-,11.865252,12.398193,12.628894,12.600493,1650652.0
04/18/2002,26.014999,26.385000,25.975000,26.360001,12.689064,1270000,-,11.874045,12.377493,12.619988,12.559335,1654376.0
04/17/2002,26.215000,26.275000,25.950001,26.260000,12.640926,1297800,-,11.883305,12.361728,12.608917,12.546820,1682160.0
04/16/2002,25.950001,26.250000,25.950001,26.215000,12.619269,1118000,-,11.893114,12.347823,12.613851,12.546338,1694712.0
04/15/2002,26.000000,26.225000,25.600000,25.930000,12.482072,1985200,-,11.903192,12.332649,12.617822,12.548022,1738128.0
04/12/2002,26.045000,26.145000,25.805000,26.075001,12.551874,1202800,-,11.912299,12.316007,12.624561,12.568962,1766900.0
04/11/2002,26.325001,26.495001,26.030001,26.040001,12.535028,1637600,-,11.924884,12.292149,12.627570,12.588698,1801360.0
04/10/2002,25.750000,26.325001,25.725000,26.325001,12.672215,1363400,-,11.938902,12.262807,12.622997,12.606990,1842792.0
04/09/2002,26.055000,26.125000,25.750000,25.775000,12.407460,799800,-,11.950965,12.231385,12.615054,12.593753,1854348.0
04/08/2002,25.870001,26.115000,25.750000,26.055000,12.542247,1041800,-,11.963530,12.205115,12.623478,12.631060,1862700.0
04/05/2002,25.900000,26.084999,25.830000,25.870001,12.453197,1529000,-,11.973387,12.176008,12.622155,12.657295,1871940.0
04/04/2002,26.225000,26.450001,25.995001,26.100000,12.563908,1432200,-,11.985597,12.145984,12.629977,12.680641,1874768.0
04/03/2002,26.250000,26.290001,25.875000,26.250000,12.636110,1533400,-,11.999139,12.112516,12.632023,12.671014,1885552.0
04/02/2002,26.365000,26.424999,26.049999,26.250000,12.636110,1189600,-,12.012229,12.081295,12.612166,12.681364,1890956.0
04/01/2002,26.125000,26.535000,26.055000,26.365000,12.691472,857200,-,12.022953,12.050973,12.591106,12.687622,1931072.0
03/28/2002,26.500000,26.870001,26.360001,26.485001,12.749235,1446000,-,12.032122,12.024749,12.564510,12.680161,1952208.0
03/27/2002,26.100000,26.500000,25.879999,26.420000,12.717949,1681400,-,12.040989,11.997606,12.520104,12.666442,1965412.0
03/26/2002,26.549999,26.594999,25.875000,26.049999,12.539841,1869400,-,12.052162,11.971562,12.483279,12.639003,1978832.0
03/25/2002,26.674999,26.940001,26.400000,26.549999,12.780529,1533800,-,12.065664,11.944396,12.454516,12.636355,1977916.0
03/22/2002,26.355000,26.795000,26.205000,26.600000,12.804598,1727200,-,12.078637,11.912936,12.413238,12.615897,1994256.0
03/21/2002,25.900000,26.370001,25.850000,26.355000,12.686659,1855400,-,12.092095,11.877115,12.368109,12.587014,2016544.0
03/20/2002,26.049999,26.465000,25.875000,25.900000,12.467635,2169800,-,12.104908,11.847201,12.317806,12.579312,2030772.0
03/19/2002,26.355000,26.655001,26.355000,26.465000,12.739612,2095600,-,12.118772,11.825217,12.289886,12.593032,2031540.0
03/18/2002,26.000000,26.424999,25.895000,26.379999,12.698693,1856000,-,12.131618,11.797036,12.247524,12.542968,2044064.0
03/15/2002,26.450001,26.495001,25.924999,26.209999,12.616855,2695200,-,12.146279,11.772087,12.217920,12.494590,2048264.0
03/14/2002,26.100000,26.350000,26.000000,26.200001,12.612047,1699200,-,12.161807,11.749153,12.188436,12.448860,2041436.0
03/13/2002,25.995001,25.995001,25.700001,25.850000,12.443564,1219800,-,12.177302,11.723476,12.164247,12.373766,2045668.0
03/12/2002,26.150000,26.195000,25.850000,25.995001,12.513362,1615200,-,12.193319,11.699608,12.154379,12.327554,2065952.0
03/11/2002,25.750000,26.475000,25.709999,26.125000,12.575944,1756400,-,12.208873,11.674154,12.130374,12.272678,2075612.0
03/08/2002,26.195000,26.355000,25.844999,26.000000,12.515772,1965200,-,12.224251,11.647969,12.100282,12.210580,2084744.0
03/07/2002,26.184999,26.360001,25.945000,26.195000,12.609636,1933200,-,12.239816,11.620621,12.073081,12.149205,2063328.0
03/06/2002,25.719999,26.250000,25.514999,26.184999,12.604830,1774000,-,12.254580,11.587516,12.034089,12.056299,2122144.0
03/05/2002,25.325001,25.485001,25.075001,25.424999,12.238978,1992000,-,12.271287,11.556921,11.998886,11.986740,2162932.0
03/04/2002,25.309999,25.750000,25.125000,25.375000,12.214915,1662400,-,12.288910,11.535914,11.984224,11.952081,2205920.0
03/01/2002,24.850000,25.305000,24.830000,25.260000,12.159554,1303800,-,12.305630,11.512974,11.966505,11.941250,2232916.0
02/28/2002,25.000000,25.000000,24.504999,24.639999,11.861102,1476400,-,12.321860,11.486647,11.941027,11.928012,2251392.0
02/27/2002,24.934999,25.174999,24.775000,24.889999,11.981445,2051800,-,12.338736,11.467235,11.915920,11.954728,2277428.0
02/26/2002,24.725000,25.049999,24.500000,24.855000,11.964599,2096800,-,12.355788,11.444801,11.870245,11.981203,2290840.0
02/25/2002,24.450001,24.985001,24.350000,24.834999,11.954967,1523400,-,12.372699,11.421710,11.827069,11.988070,2310048.0
02/22/2002,24.139999,24.900000,24.100000,24.725000,11.902020,1784200,-,12.388700,11.396352,11.784019,11.989985,2336524.0
02/21/2002,24.500000,24.875000,24.150000,24.264999,11.680586,1636400,-,12.405292,11.377636,11.743263,11.996958,2382048.0
02/20/2002,24.580000,24.860001,24.270000,24.740000,11.909233,1421000,-,12.425169,11.358853,11.706835,12.011879,2389260.0
02/19/2002,24.825001,25.100000,24.665001,24.705000,11.892388,1104400,-,12.443542,11.331002,11.655898,12.011033,2407296.0
02/15/2002,25.174999,25.250000,24.975000,25.150000,12.106606,1713400,-,12.461480,11.305665,11.615032,12.016366,2465884.0
02/14/2002,24.924999,25.049999,24.825001,24.985001,12.027173,1475600,-,12.479656,11.276469,11.565701,11.991761,2476800.0
02/13/2002,25.299999,25.600000,25.045000,25.195000,12.128263,2267400,-,12.497631,11.246022,11.533356,11.954042,2504508.0
02/12/2002,25.555000,26.070000,25.500000,25.879999,12.246199,3755000,-,12.515507,11.214548,11.496547,11.877111,2524368.0
02/11/2002,25.305000,25.469999,24.850000,25.430000,12.033267,1478400,-,12.532646,11.175983,11.455024,11.759287,2502512.0
02/08/2002,25.250000,25.375000,25.000000,25.305000,11.974115,1431200,-,12.548063,11.139736,11.412437,11.666067,2593668.0
02/07/2002,25.004999,25.375000,25.004999,25.299999,11.971750,1885400,-,12.563798,11.107559,11.374109,11.578054,2613504.0
02/06/2002,24.799999,25.139999,24.799999,25.000000,11.829790,1509200,-,12.581012,11.072070,11.326198,11.489567,2606532.0
02/05/2002,25.200001,25.264999,24.820000,25.150000,11.900775,2659200,-,12.600278,11.040177,11.294257,11.401791,2589220.0
02/04/2002,24.950001,25.299999,24.950001,25.245001,11.945723,1925400,-,12.617497,11.004687,11.267640,11.300764,2572132.0
02/01/2002,24.620001,25.150000,24.615000,25.065001,11.860554,3288800,-,12.633386,10.971327,11.236883,11.213697,2589632.0
01/31/2002,24.004999,24.620001,23.950001,24.620001,11.649981,3423800,-,12.649644,10.934040,11.216417,11.139642,2549812.0
01/30/2002,23.504999,24.100000,23.504999,24.004999,11.358961,2925800,-,12.669166,10.903803,11.207426,11.112670,2528364.0
01/29/2002,24.049999,24.100000,23.290001,23.389999,11.067950,3709200,-,12.686770,10.879765,11.205889,11.115982,2530416.0
01/28/2002,23.320000,23.525000,23.299999,23.459999,11.101075,1941200,-,12.704395,10.861973,11.214997,11.150762,2518888.0
01/25/2002,23.500000,23.575001,23.174999,23.445000,11.093979,1217400,-,12.723333,10.845790,11.221977,11.158807,2523660.0
01/24/2002,23.200001,23.575001,23.174999,23.430000,11.086882,1503800,-,12.743458,10.827358,11.230613,11.170163,2648980.0
01/23/2002,23.080000,23.344999,22.950001,23.145000,10.952026,1670400,-,12.765491,10.808650,11.233688,11.162829,2655468.0
01/22/2002,23.405001,23.405001,23.004999,23.014999,10.890511,1971400,-,12.784813,10.793800,11.233806,11.186724,2663160.0
01/18/2002,23.500000,23.639999,23.350000,23.405001,11.075051,1803600,-,12.804386,10.777860,11.243033,11.234517,2662620.0
01/17/2002,23.915001,23.920000,23.450001,23.500000,11.120004,3195400,-,12.822360,10.756790,11.248712,11.260069,2686432.0
01/16/2002,24.100000,24.299999,23.924999,24.049999,11.380260,1914000,-,12.839150,10.732316,11.246109,11.293192,2721168.0
01/15/2002,24.200001,24.475000,23.924999,24.075001,11.392087,2106200,-,12.854627,10.696649,11.219256,11.302183,2771468.0
01/14/2002,23.635000,24.325001,23.610001,24.125000,11.415747,2352400,-,12.868194,10.663717,11.194177,11.295795,2791748.0
01/11/2002,23.745001,23.875000,23.549999,23.629999,11.181525,1823600,-,12.878585,10.630635,11.166377,11.279233,2810456.0
01/10/2002,23.275000,23.700001,23.170000,23.684999,11.207542,2350800,-,12.891512,10.601914,11.147803,11.285147,2881060.0
01/09/2002,23.700001,23.775000,23.245001,23.275000,11.013535,2841600,-,12.906510,10.570352,11.121778,11.291062,2940672.0
01/08/2002,23.900000,23.975000,23.549999,23.650000,11.190982,2566800,-,12.922117,10.540581,11.119412,11.304548,2984584.0
01/07/2002,24.125000,24.125000,23.865000,24.025000,11.368432,2208200,-,12.937807,10.511439,11.096936,11.280888,3035588.0
01/04/2002,23.950001,24.240000,23.725000,23.945000,11.330575,2721800,-,12.953129,10.475266,11.054348,11.251550,3177228.0
01/03/2002,24.049999,24.254999,23.900000,24.200001,11.451239,2066000,-,12.968132,10.439294,11.019096,11.237355,3390356.0
01/02/2002,24.150000,24.299999,23.565001,24.240000,11.470164,2353800,-,12.981088,10.416780,10.978874,11.199026,3414032.0
12/31/2001,23.750000,24.205000,23.709999,23.940001,11.328205,1910800,-,12.995935,10.390778,10.930609,11.136328,3413440.0
12/28/2001,23.754999,23.900000,23.325001,23.775000,11.250128,2234000,-,13.012586,10.362372,10.891926,11.092559,3450728.0
12/27/2001,23.750000,23.910000,23.700001,23.754999,11.240666,2098200,-,13.029346,10.341606,10.845317,11.053521,3462112.0
12/26/2001,23.725000,24.150000,23.715000,23.809999,11.266695,2213000,-,13.046830,10.325948,10.794330,11.010460,3492140.0
12/24/2001,23.200001,23.695000,23.200001,23.559999,11.148393,894400,-,13.063461,10.309445,10.749259,10.952494,3489428.0
12/21/2001,23.150000,23.180000,22.825001,23.150000,10.954387,4874000,-,13.081328,10.295077,10.701703,10.934277,3533296.0
12/20/2001,23.950001,23.975000,23.150000,23.405001,11.075051,3813400,-,13.101349,10.280643,10.665741,10.912983,3488364.0
12/19/2001,23.385000,24.344999,23.139999,23.645000,11.188621,4141400,-,13.121162,10.265560,10.618303,10.857147,3470076.0
12/18/2001,22.915001,23.475000,22.825001,23.389999,11.067950,3012200,-,13.139211,10.247324,10.572758,10.800836,3422992.0
12/17/2001,23.014999,23.014999,22.650000,22.915001,10.843186,2227600,-,13.157638,10.234796,10.519169,10.758723,3396996.0
12/14/2001,22.549999,23.100000,22.375000,23.014999,10.890511,2778200,-,13.177267,10.229548,10.483916,10.724890,3412344.0
12/13/2001,22.795000,23.100000,22.504999,22.950001,10.859749,2722400,-,13.196220,10.217088,10.447244,10.691293,3420708.0
12/12/2001,22.590000,22.850000,22.254999,22.844999,10.810059,3057200,-,13.214943,10.208678,10.413174,10.637112,3474888.0
12/11/2001,23.180000,23.370001,22.375000,22.584999,10.687035,2847200,-,13.235866,10.195553,10.387267,10.578201,3510112.0
12/10/2001,22.700001,23.215000,22.325001,23.174999,10.966219,4060400,-,13.256062,10.187580,10.361535,10.546023,3508076.0
12/07/2001,22.225000,22.725000,22.225000,22.700001,10.741453,1997000,-,13.274422,10.175231,10.320799,10.469130,3602772.0
12/06/2001,22.455000,22.455000,21.815001,22.225000,10.516684,2322800,-,13.293081,10.166912,10.294202,10.418498,3944408.0
12/05/2001,22.500000,22.530001,22.000000,22.455000,10.625517,4033800,-,13.312718,10.190701,10.273043,10.379460,3945552.0
12/04/2001,21.750000,22.504999,21.750000,22.500000,10.646815,2259200,-,13.332646,10.217651,10.242846,10.344680,3915412.0
12/03/2001,22.305000,22.350000,22.000000,22.200001,10.504856,2861000,-,13.351633,10.241529,10.205319,10.279616,3914084.0
11/30/2001,21.805000,22.350000,21.674999,22.305000,10.554540,3260400,-,13.370917,10.268339,10.159923,10.242943,3913924.0
11/29/2001,21.575001,21.879999,21.215000,21.805000,10.317947,2662200,-,13.390518,10.301580,10.119469,10.203195,3915716.0
11/28/2001,21.905001,22.000000,21.525000,21.600000,10.220940,6036200,-,13.409982,10.338393,10.091656,10.189235,3919508.0
11/27/2001,21.250000,22.025000,21.200001,21.905001,10.365262,2423000,-,13.428478,10.379235,10.067881,10.196333,3842588.0
11/26/2001,21.629999,21.650000,21.250000,21.549999,10.197282,1536800,-,13.444867,10.423641,10.031089,10.177046,3843480.0
11/23/2001,21.400000,21.715000,21.084999,21.629999,10.235139,643600,-,13.461895,10.476186,9.997476,10.172469,3877212.0
11/21/2001,21.600000,21.625000,21.125000,21.400000,10.126299,1804800,-,13.478535,10.527510,9.972411,10.169907,3922244.0
11/20/2001,21.125000,21.830000,21.110001,21.719999,10.277721,2800400,-,13.495208,10.576788,9.944087,10.166627,3941784.0
11/19/2001,21.424999,21.450001,21.000000,21.125000,9.996175,1297800,-,13.510936,10.623919,9.906800,10.141012,3931184.0
11/16/2001,21.465000,21.655001,21.215000,21.424999,10.138127,2351400,-,13.528770,10.676727,9.923268,10.131021,3959956.0
11/15/2001,21.514999,21.549999,21.250000,21.465000,10.157059,3028400,-,13.546749,10.727346,9.924865,10.076903,3948592.0
11/14/2001,21.500000,21.900000,21.290001,21.510000,10.178351,3132800,-,13.563435,10.778886,9.912406,10.035742,3932060.0
11/13/2001,21.750000,21.875000,21.389999,21.750000,10.291917,2179800,-,13.581024,10.834038,9.914080,9.994076,3918088.0
11/12/2001,21.875000,21.975000,21.400000,21.920000,10.172394,7483400,-,13.597224,10.890816,9.922374,9.939429,3926732.0
11/09/2001,22.000000,22.180000,21.840000,21.875000,10.151507,1828200,-,13.613035,10.948685,9.935832,9.885132,3818436.0
11/08/2001,21.700001,22.350000,21.555000,22.000000,10.209517,2055000,-,13.628108,11.004698,9.949754,9.822483,3821680.0
11/07/2001,21.500000,21.790001,21.400000,21.750000,10.093497,1944400,-,13.642912,11.057556,9.950914,9.774916,3810164.0
11/06/2001,21.075001,21.700001,21.075001,21.594999,10.021572,2994200,-,13.657498,11.114358,9.962284,9.721548,3801788.0
11/05/2001,20.930000,21.344999,20.885000,21.325001,9.896271,4932200,-,13.672332,11.169025,9.975046,9.672588,3773220.0
11/02/2001,21.000000,21.000000,20.549999,20.680000,9.596947,4429000,-,13.684411,11.227034,10.002310,9.715515,3711708.0
11/01/2001,20.875000,21.205000,20.850000,21.000000,9.745446,3120200,-,13.699605,11.289915,10.051501,9.772827,3658388.0
10/31/2001,21.000000,21.035000,20.830000,21.035000,9.761689,3287800,-,13.713724,11.347924,10.077605,9.789070,3625080.0
10/30/2001,20.750000,21.020000,20.674999,21.000000,9.745446,5353800,-,13.730634,11.401941,10.111482,9.834084,3607524.0
10/29/2001,20.575001,20.770000,20.400000,20.750000,9.629430,5331400,-,13.751231,11.459161,10.131901,9.905319,3530532.0
10/26/2001,20.900000,20.905001,20.000000,20.525000,9.525018,5037200,-,13.771542,11.518052,10.164850,9.986531,3472276.0
10/25/2001,20.475000,20.975000,20.250000,20.975000,9.733843,5117000,-,13.790135,11.580398,10.206036,10.077025,3404408.0
10/24/2001,20.549999,20.750000,20.000000,20.600000,9.559820,9290200,-,13.808383,11.637837,10.235620,10.126912,3340280.0
10/23/2001,20.000000,21.049999,19.825001,20.540001,9.531974,13378200,-,13.830406,11.698345,10.342936,10.203020,3200748.0
10/22/2001,22.000000,22.450001,21.674999,22.250000,10.325534,3249800,-,13.858038,11.766768,10.464986,10.277503,2989632.0
10/19/2001,21.350000,22.084999,21.174999,21.915001,10.170073,2324200,-,13.884285,11.818451,10.540745,10.289105,3034712.0
10/18/2001,22.000000,22.235001,21.250000,21.350000,9.907871,3775200,-,13.910368,11.883342,10.624510,10.330174,3052128.0
10/17/2001,22.600000,22.600000,22.000000,22.004999,10.211836,2803200,-,13.939414,11.950599,10.739947,10.366139,3021536.0
10/16/2001,22.600000,22.834999,22.350000,22.535000,10.457796,3599600,-,13.966552,12.009720,10.837285,10.388879,3040652.0
10/15/2001,22.549999,22.674999,22.305000,22.500000,10.441550,2077400,-,13.990208,12.058758,10.927547,10.358483,3085088.0
10/12/2001,22.049999,22.500000,21.850000,22.475000,10.429951,3087800,-,14.012582,12.121921,11.034747,10.343169,3101868.0
10/11/2001,22.299999,22.719999,21.650000,22.049999,10.232720,2627400,-,14.036189,12.177914,11.154477,10.335047,3124348.0
10/10/2001,22.150000,22.275000,21.860001,22.240000,10.320893,2899000,-,14.058264,12.246762,11.282908,10.344328,3154064.0
10/09/2001,22.549999,22.570000,22.000000,22.145000,10.276807,1787200,-,14.077792,12.310419,11.396372,10.482853,3283772.0
10/08/2001,22.549999,22.825001,22.299999,22.500000,10.441550,1712400,-,14.097107,12.353480,11.514246,10.652469,3404016.0
10/05/2001,22.125000,22.830000,21.900000,22.799999,10.580768,2995000,-,14.117384,12.409697,11.623998,10.792386,3517996.0
10/04/2001,22.495001,22.495001,21.750000,22.125000,10.267523,3196400,-,14.137697,12.474783,11.728414,10.918846,3545856.0
10/03/2001,22.049999,22.625000,21.969999,22.495001,10.439236,5431400,-,14.161395,12.562220,11.851740,11.113755,3504284.0
10/02/2001,22.250000,22.325001,21.750000,21.879999,10.153831,4818400,-,14.181906,12.648279,11.976575,11.285691,3431884.0
10/01/2001,22.450001,22.600000,22.000000,22.170000,10.288408,2745400,-,14.205063,12.741599,12.125424,11.496611,3363056.0
09/28/2001,22.200001,22.549999,22.049999,22.299999,10.348734,8795200,-,14.227826,12.834148,12.264297,11.726325,3339352.0
09/27/2001,21.750000,22.625000,19.375000,22.250000,10.325534,19078800,-,14.246204,12.923707,12.394468,11.973906,3183196.0
09/26/2001,25.600000,25.605000,25.075001,25.225000,11.706136,2380000,-,14.264466,13.016975,12.520811,12.221487,2848640.0
09/25/2001,25.350000,25.959999,25.344999,25.799999,11.972976,2526800,-,14.278354,13.084505,12.582184,12.309892,2834560.0
09/24/2001,26.200001,26.200001,25.375000,25.514999,11.840718,2192800,-,14.290031,13.151633,12.621282,12.376022,2824568.0
09/21/2001,25.465000,26.350000,25.209999,25.525000,11.845361,2853000,-,14.304310,13.221315,12.669081,12.455610,2821356.0
09/20/2001,26.100000,26.959999,25.905001,26.325001,12.216613,3350000,-,14.316972,13.285558,12.713864,12.537982,2788120.0
09/19/2001,26.500000,26.820000,25.250000,26.200001,12.158605,2851800,-,14.327154,13.339954,12.735327,12.589726,2761972.0
09/18/2001,27.120001,27.120001,26.330000,26.424999,12.263026,2190200,-,14.335199,13.391899,12.750526,12.667458,2733752.0
09/17/2001,27.400000,27.485001,26.415001,27.120001,12.585547,2467600,-,14.342168,13.437324,12.767696,12.754238,2719604.0
09/10/2001,27.645000,27.650000,27.209999,27.635000,12.824547,3223400,-,14.348911,13.478628,12.767116,12.802269,2716304.0
09/07/2001,27.325001,27.700001,27.174999,27.584999,12.801341,2895200,-,14.353280,13.514559,12.758007,12.815030,2686164.0
09/06/2001,27.100000,27.840000,26.975000,27.129999,12.590188,2781800,-,14.357488,13.550999,12.748229,12.820135,2668884.0
09/05/2001,27.299999,27.350000,27.049999,27.225000,12.634274,2270400,-,14.362405,13.590018,12.747981,12.854476,2667396.0
09/04/2001,27.375000,27.500000,27.200001,27.230000,12.636594,2736400,-,14.365645,13.629388,12.763923,12.866542,2665440.0
08/31/2001,27.475000,27.559999,27.225000,27.299999,12.669083,1783200,-,14.367419,13.669352,12.777577,12.882553,2670804.0
08/30/2001,28.125000,28.230000,27.375000,27.440001,12.734052,2201800,-,14.368267,13.702040,12.814855,12.889746,2736528.0
08/29/2001,28.200001,28.240000,27.875000,27.875000,12.935925,2434200,-,14.370646,13.748737,12.841688,12.880929,2749076.0
08/28/2001,28.280001,28.459999,28.200001,28.295000,13.130829,2612000,-,14.371604,13.796789,12.853286,12.833594,2738824.0
08/27/2001,27.950001,28.219999,27.950001,28.155001,13.065860,2068600,-,14.370693,13.835871,12.842228,12.781155,2721716.0
08/24/2001,27.655001,28.094999,27.525000,27.910000,12.952161,1990400,-,14.369764,13.872962,12.868922,12.731964,2736588.0
08/23/2001,27.850000,28.049999,27.695000,27.695000,12.852386,1479200,-,14.367066,13.904192,12.882792,12.700983,2740188.0
08/22/2001,27.500000,28.084999,27.450001,27.870001,12.933599,1525600,-,14.364249,13.945050,12.923929,12.676323,2755228.0
08/21/2001,27.900000,27.965000,27.389999,27.485001,12.754934,1565800,-,14.362400,13.991823,12.952437,12.641486,2748028.0
08/20/2001,26.980000,27.754999,26.975000,27.575001,12.796702,1856600,-,14.363369,14.041804,12.936183,12.661303,2801328.0
08/17/2001,27.250000,27.620001,27.174999,27.455000,12.741012,1763000,-,14.365229,14.081491,12.958969,12.672601,2794296.0
08/16/2001,26.955000,27.424999,26.715000,27.250000,12.645879,1454800,-,14.367642,14.117173,13.013672,12.739965,2802364.0
08/15/2001,27.100000,27.445000,26.754999,26.855000,12.462579,2410000,-,14.371218,14.154712,13.113345,12.802447,2859404.0
08/14/2001,27.000000,27.410000,26.865000,27.165001,12.606435,1504200,-,14.372687,14.204508,13.227325,12.872977,2858656.0
08/13/2001,27.549999,27.684999,27.065001,27.094999,12.573952,2418600,-,14.371786,14.257185,13.337996,12.903302,2866200.0
08/10/2001,27.625000,27.764999,27.250000,27.665001,12.642349,1643800,-,14.375791,14.313208,13.455090,13.005880,2845236.0
08/09/2001,27.575001,27.830000,27.395000,27.584999,12.605793,1910600,-,14.378216,14.370285,13.564308,13.064602,2855280.0
08/08/2001,28.500000,28.500000,27.504999,27.540001,12.585229,2313600,-,14.382130,14.423157,13.683466,13.171535,2857020.0
08/07/2001,28.375000,28.650000,28.150000,28.344999,12.953102,2822400,-,14.384461,14.476258,13.808335,13.263388,2840864.0
08/06/2001,28.799999,29.020000,28.145000,28.250000,12.909684,5503800,-,14.385570,14.523373,13.927149,13.211063,2826452.0
08/03/2001,29.049999,29.500000,28.850000,29.355000,13.414647,3195000,-,14.386690,14.577799,14.047906,13.245336,2758844.0
08/02/2001,28.850000,29.150000,28.600000,29.040001,13.270700,2245600,-,14.387204,14.623954,14.130049,13.287379,2741556.0
08/01/2001,28.450001,28.900000,28.280001,28.815001,13.167881,3759000,-,14.387136,14.672759,14.213333,13.424244,2775912.0
07/31/2001,29.750000,29.750000,28.049999,28.250000,12.909684,5821400,-,14.384840,14.722342,14.292733,13.581673,2751540.0
07/30/2001,29.025000,29.870001,28.200001,29.760000,13.599727,2916400,-,14.383287,14.776631,14.373962,13.772690,2699228.0
07/27/2001,29.875000,30.040001,28.870001,28.950001,13.229569,4211800,-,14.379174,14.817668,14.426514,13.904300,2684556.0
07/26/2001,29.525000,30.205000,29.400000,29.924999,13.675126,4113200,-,14.377530,14.865651,14.496090,14.064015,2658496.0
07/25/2001,26.850000,29.549999,26.500000,29.549999,13.503758,9384400,-,14.371189,14.903398,14.543501,14.195397,2612716.0
07/24/2001,28.799999,28.799999,26.799999,27.200001,12.429855,7799400,-,14.365775,14.952249,14.595369,14.353282,2442460.0
07/23/2001,30.299999,30.525000,28.080000,29.000000,13.252417,7411400,-,14.364633,15.018922,14.704016,14.643236,2352312.0
07/20/2001,32.250000,32.299999,30.075001,30.275000,13.835068,4388000,-,14.360886,15.065053,14.773134,14.850476,2238680.0
07/19/2001,32.305000,32.494999,31.920000,32.035000,14.639355,1117800,-,14.356556,15.096462,14.796555,14.972719,2186176.0
07/18/2001,32.305000,32.625000,31.990000,32.259998,14.742169,1811400,-,14.350879,15.108400,14.818033,15.002423,2189280.0
07/17/2001,32.650002,32.799999,32.349998,32.430000,14.819859,1377000,-,14.343607,15.121396,14.847851,15.003794,2183376.0
07/16/2001,32.445000,33.240002,32.355000,32.639999,14.915829,1560200,-,14.335177,15.131936,14.861104,14.975233,2187252.0
07/13/2001,32.724998,32.875000,32.360001,32.445000,14.826713,987400,-,14.325598,15.136719,14.861332,14.948728,2195576.0
07/12/2001,33.044998,33.075001,32.549999,32.799999,14.988943,2351000,-,14.314596,15.144593,14.845681,14.928164,2210668.0
07/11/2001,33.645000,33.825001,33.000000,33.005001,15.082616,1676000,-,14.300659,15.157935,14.840997,14.891606,2242456.0
07/10/2001,33.625000,33.799999,33.540001,33.544998,15.329389,2027200,-,14.286733,15.167959,14.850480,14.837455,2257260.0
07/09/2001,32.974998,33.535000,32.974998,33.535000,15.324825,2032200,-,14.269791,15.170971,14.846710,14.764796,2245996.0
07/06/2001,32.720001,32.985001,32.549999,32.950001,15.057491,1191200,-,14.252940,15.179310,14.819520,14.695792,2266392.0
07/05/2001,32.105000,32.869999,32.105000,32.685001,14.936396,2042600,-,14.238385,15.190604,14.792901,14.620390,2312072.0
07/03/2001,31.825001,32.360001,31.805000,32.290001,14.755881,1440800,-,14.226973,15.205944,14.772222,14.633642,2317948.0
07/02/2001,31.750000,32.250000,31.725000,31.805000,14.534250,1482800,-,14.217371,15.224308,14.782048,14.691908,2350756.0
06/29/2001,31.700001,32.064999,31.500000,32.060001,14.650779,2302600,-,14.206392,15.235956,14.817349,14.746974,2366772.0
06/28/2001,32.250000,32.400002,31.895000,31.995001,14.621075,1716400,-,14.195791,15.245363,14.853565,14.773936,2374716.0
06/27/2001,31.850000,32.345001,31.674999,32.000000,14.623360,2031200,-,14.184309,15.261232,14.897321,14.763197,2430472.0
06/26/2001,31.500000,31.924999,31.395000,31.820000,14.541105,2707400,-,14.172354,15.282427,14.928624,14.790388,2430796.0
06/25/2001,32.150002,32.474998,31.684999,31.955000,14.602798,2172600,-,14.158565,15.298497,14.963583,14.863504,2400484.0
06/22/2001,31.350000,32.049999,31.049999,32.025002,14.634788,3004600,-,14.141143,15.308909,14.998884,14.928624,2402888.0
06/21/2001,32.924999,32.924999,31.200001,31.299999,14.303472,5069400,-,14.122601,15.318456,15.048695,14.943248,2394928.0
06/20/2001,33.689999,33.849998,32.919998,32.974998,15.068916,2829200,-,14.104688,15.343475,15.119641,14.965412,2374904.0
06/19/2001,33.349998,33.590000,33.025002,33.564999,15.338543,1921600,-,14.082331,15.339690,15.151744,14.910802,2376776.0
06/18/2001,33.000000,33.299999,32.924999,33.009998,15.084905,1756600,-,14.058505,15.324780,15.167167,14.872187,2437104.0
06/15/2001,32.150002,33.115002,32.049999,32.650002,14.920402,2812200,-,14.035725,15.320856,15.194129,14.887725,2467496.0
06/14/2001,32.525002,32.525002,31.754999,31.760000,14.513685,2170400,-,14.013493,15.324826,15.230687,14.933194,2494928.0
06/13/2001,33.450001,33.560001,32.455002,32.595001,14.895264,2231200,-,13.994255,15.344423,15.286439,15.031445,2546160.0
06/12/2001,33.650002,33.650002,33.235001,33.419998,15.272272,1165600,-,13.971669,15.342847,15.319799,15.066860,2543312.0
06/11/2001,32.750000,33.490002,32.674999,33.380001,15.253995,4230800,-,13.947876,15.333505,15.353501,15.063661,2564808.0
06/08/2001,31.785000,32.450001,31.605000,32.345001,14.781022,1505000,-,13.924785,15.321820,15.378977,15.069145,2531992.0
06/07/2001,31.950001,32.174999,31.570000,31.785000,14.525113,2166400,-,13.903585,15.315759,15.417875,15.154142,2555600.0
06/06/2001,32.775002,32.799999,31.770000,31.780001,14.522824,4306800,-,13.883460,15.314770,15.461895,15.273870,2554176.0
06/05/2001,33.400002,33.400002,32.525002,32.720001,14.952388,2372600,-,13.863686,15.306424,15.497566,15.392686,2509516.0
06/04/2001,33.645000,33.705002,33.150002,33.349998,15.240281,1881400,-,13.841832,15.277255,15.519545,15.462146,2522376.0
06/01/2001,33.900002,33.900002,33.310001,33.645000,15.375095,1370400,-,13.818267,15.247790,15.524873,15.500533,2556108.0
05/31/2001,33.150002,33.939999,33.150002,33.910000,15.496191,2146000,-,13.794503,15.224430,15.513868,15.528180,2577100.0
05/30/2001,33.400002,33.950001,33.279999,33.369999,15.249418,1997600,-,13.769183,15.197204,15.500081,15.541433,2567624.0
05/29/2001,33.900002,33.950001,33.150002,33.349998,15.240281,1505800,-,13.744301,15.178795,15.520411,15.572737,2565156.0
05/25/2001,34.200001,34.200001,33.435001,33.500000,15.308833,2101800,-,13.718515,15.162645,15.537587,15.643341,2600852.0
05/24/2001,34.400002,34.450001,34.070000,34.205002,15.630996,2123400,-,13.692640,15.143093,15.546146,15.688809,2613836.0
05/23/2001,34.330002,34.625000,34.275002,34.404999,15.722395,2330600,-,13.665562,15.111320,15.551685,15.681608,2606412.0
05/22/2001,34.259998,34.459999,34.125000,34.380001,15.710979,3963400,-,13.638179,15.085664,15.546674,15.649920,2592968.0
05/21/2001,34.165001,34.474998,34.064999,34.240002,15.646996,2540400,-,13.609547,15.064614,15.546296,15.602446,2561312.0
05/18/2001,34.099998,34.305000,33.990002,34.189999,15.624144,3205800,-,13.580303,15.043715,15.547650,15.576944,2553888.0
05/17/2001,34.299999,34.430000,33.875000,34.250000,15.651571,2182800,-,13.549867,15.025982,15.522274,15.549213,2520420.0
05/16/2001,34.375000,34.375000,34.009998,34.200001,15.628721,2908800,-,13.519158,15.004811,15.495753,15.499556,2524932.0
05/15/2001,34.845001,34.845001,33.950001,34.055000,15.562459,1824200,-,13.487343,14.986670,15.485044,15.458728,2493376.0
05/14/2001,34.650002,34.924999,34.599998,34.895000,15.946314,871600,-,13.456741,14.974594,15.491076,15.468085,2481804.0
05/11/2001,34.259998,34.619999,34.209999,34.494999,15.763520,3292000,-,13.424355,14.956420,15.460989,15.431834,2510504.0
05/10/2001,34.369999,34.570000,33.900002,34.470001,15.558979,1729800,-,13.392086,14.937118,15.428984,15.403482,2478720.0
05/09/2001,33.820000,34.174999,33.799999,34.130001,15.405515,1762800,-,13.361840,14.921004,15.406640,15.421762,2477716.0
05/08/2001,34.115002,34.115002,33.709999,33.755001,15.236243,1273000,-,13.332023,14.908275,15.414088,15.443428,2473568.0
05/07/2001,34.125000,34.275002,33.900002,34.099998,15.391970,1516200,-,13.303594,14.897171,15.396258,15.490145,2476548.0
05/04/2001,33.650002,34.075001,33.500000,34.000000,15.346840,1570800,-,13.273845,14.881418,15.356312,15.518356,2489908.0
05/03/2001,33.974998,34.025002,33.299999,33.575001,15.154995,1976400,-,13.245474,14.874376,15.333404,15.495335,2520204.0
05/02/2001,34.450001,34.580002,33.674999,33.720001,15.220444,1742000,-,13.217587,14.865800,15.331599,15.491950,2521500.0
05/01/2001,34.709999,34.845001,34.325001,34.685001,15.656032,3940400,-,13.189034,14.854155,15.345254,15.511359,2544616.0
04/30/2001,34.509998,34.700001,34.299999,34.525002,15.583806,2416200,-,13.157082,14.830503,15.303275,15.514067,2510380.0
04/27/2001,34.875000,34.875000,34.169998,34.294998,15.479994,1464000,-,13.125831,14.807708,15.264344,15.490144,2495100.0
04/26/2001,34.615002,35.130001,34.555000,34.875000,15.741782,3052000,-,13.094759,14.790330,15.223833,15.454485,2506576.0
04/25/2001,34.000000,34.650002,34.000000,34.610001,15.622173,3475200,-,13.062853,14.764376,15.160640,15.391519,2523592.0
04/24/2001,34.950001,34.994999,34.520000,34.790001,15.703419,2336400,-,13.030325,14.739165,15.103316,15.384748,2490908.0
04/23/2001,33.615002,34.724998,33.615002,34.724998,15.674077,3081200,-,12.996576,14.714593,15.023422,15.302371,2480392.0
04/20/2001,33.400002,33.744999,33.150002,33.490002,15.116633,2283600,-,12.962838,14.685328,14.914414,15.194268,2449276.0
04/19/2001,34.025002,34.189999,33.299999,33.500000,15.121141,2699800,-,12.931345,14.661399,14.846933,15.171473,2456000.0
04/18/2001,34.744999,34.990002,33.764999,34.150002,15.414536,4504200,-,12.900914,14.631834,14.801232,15.171248,2433380.0
04/17/2001,33.895000,34.750000,33.875000,34.744999,15.683110,2047400,-,12.867592,14.595603,14.737249,15.179148,2403504.0
04/16/2001,33.450001,33.994999,33.450001,33.994999,15.344577,1191800,-,12.834894,14.553202,14.669543,15.092484,2409212.0
04/12/2001,33.549999,33.715000,33.349998,33.505001,15.123405,2292800,-,12.804534,14.515530,14.623953,15.038544,2429344.0
04/11/2001,34.455002,34.455002,33.299999,33.480000,15.112117,2606600,-,12.773617,14.481528,14.584345,14.993180,2436856.0
04/10/2001,33.875000,34.555000,33.549999,34.459999,15.554461,4068200,-,12.744453,14.450547,14.530857,14.929762,2409408.0
04/09/2001,31.950001,33.340000,31.950001,32.965000,14.879655,2922800,-,12.712602,14.414135,14.475112,14.821884,2369368.0
04/06/2001,33.000000,33.259998,31.605000,32.330002,14.593040,4938000,-,12.683921,14.386427,14.464053,14.744473,2345256.0
04/05/2001,33.799999,34.000000,32.334999,32.985001,14.888692,3276200,-,12.656945,14.368489,14.464504,14.634561,2300184.0
04/04/2001,34.299999,34.470001,33.314999,33.494999,15.118887,4183800,-,12.628559,14.341355,14.456943,14.522393,2279912.0
04/03/2001,32.950001,34.474998,32.400002,34.325001,15.493533,4732000,-,12.599428,14.305669,14.430651,14.431215,2242864.0
04/02/2001,32.799999,33.349998,32.290001,32.825001,14.816468,2088800,-,12.568763,14.259117,14.392058,14.295351,2186636.0
03/30/2001,32.750000,32.980000,32.625000,32.799999,14.805182,2240400,-,12.541416,14.226196,14.399167,14.246601,2187512.0
03/29/2001,31.900000,32.750000,31.575001,32.500000,14.669767,2590000,-,12.514058,14.190306,14.410789,14.209363,2195932.0
03/28/2001,32.000000,32.474998,31.695000,32.075001,14.477934,2685400,-,12.488665,14.156680,14.417222,14.175509,2235240.0
03/27/2001,31.400000,32.174999,31.375000,32.070000,14.475677,2095200,-,12.464469,14.113359,14.430988,14.131952,2280684.0
03/26/2001,29.889999,31.500000,29.889999,31.250000,14.105545,2073800,-,12.440183,14.076561,14.445658,14.128340,2344916.0
03/23/2001,30.440001,30.445000,29.575001,29.895000,13.493926,3015600,-,12.416119,14.045835,14.474434,14.183633,2401572.0
03/22/2001,31.480000,31.575001,29.625000,30.500000,13.767012,3568000,-,12.394028,14.038832,14.529953,14.294447,2412684.0
03/21/2001,31.440001,32.244999,31.200001,31.475000,14.207108,2420000,-,12.371318,14.040787,14.591340,14.391493,2397172.0
03/20/2001,31.745001,31.844999,31.165001,31.315001,14.134888,1672200,-,12.346000,14.030479,14.617294,14.430087,2412168.0
03/19/2001,31.924999,32.095001,31.260000,31.745001,14.328976,1874200,-,12.322536,14.012653,14.642459,14.488765,2458960.0
03/16/2001,31.514999,32.125000,31.514999,31.975000,14.432795,3290600,-,12.298237,13.993741,14.649681,14.551732,2593608.0
03/15/2001,31.424999,31.875000,31.330000,31.750000,14.331235,2751000,-,12.273758,13.984376,14.650245,14.612216,2638800.0
03/14/2001,31.865000,31.865000,30.900000,31.110001,14.042356,1752200,-,12.250125,13.998916,14.664237,14.658934,2633144.0
03/13/2001,32.200001,32.275002,31.764999,31.990000,14.439564,1658400,-,12.228955,14.029571,14.684323,14.730025,2632316.0
03/12/2001,32.355000,32.625000,32.189999,32.474998,14.658476,2380600,-,12.205799,14.048510,14.680428,14.762976,2657656.0
03/09/2001,32.650002,32.869999,32.310001,32.349998,14.602058,2169200,-,12.181887,14.069682,14.671244,14.765234,2680688.0
03/08/2001,32.575001,32.959999,32.259998,32.650002,14.737478,1532400,-,12.157385,14.090430,14.651682,14.765459,2680732.0
03/07/2001,32.625000,32.875000,32.125000,32.330002,14.593040,2408400,-,12.132206,14.099462,14.610818,14.791187,2680772.0
03/06/2001,32.970001,33.174999,32.549999,32.615002,14.721671,1331000,-,12.105871,14.105926,14.563311,14.804502,2675308.0
03/05/2001,33.500000,33.575001,33.119999,33.139999,14.958643,1245600,-,12.078691,14.114521,14.507376,14.796152,2705148.0
03/02/2001,32.985001,33.389999,32.650002,33.314999,15.037639,2306600,-,12.050327,14.108304,14.437596,14.747630,2734720.0
03/01/2001,32.775002,33.494999,32.424999,32.785000,14.798412,1702800,-,12.023043,14.092078,14.358765,14.688273,2750432.0
02/28/2001,32.799999,32.924999,31.955000,32.685001,14.753268,1679600,-,11.997157,14.078906,14.290008,14.669541,2780848.0
02/27/2001,32.650002,33.174999,32.560001,32.720001,14.769074,1555400,-,11.971295,14.073781,14.230497,14.638622,2782764.0
02/26/2001,32.355000,33.174999,32.355000,32.525002,14.681053,1422000,-,11.946294,14.071267,14.178737,14.597880,2809476.0
02/23/2001,33.450001,33.740002,31.879999,32.355000,14.604315,2184200,-,11.920927,14.077790,14.119398,14.577254,2840556.0
02/22/2001,32.630001,33.700001,32.450001,33.220001,14.994754,3085600,-,11.894871,14.076530,14.073990,14.537904,2841272.0
02/21/2001,32.599998,33.355000,32.599998,32.625000,14.726193,2041200,-,11.866326,14.072342,14.000851,14.430449,2817456.0
02/20/2001,32.674999,33.110001,32.145000,32.430000,14.638171,2897800,-,11.838855,14.074635,13.931270,14.322120,2827212.0
02/16/2001,32.450001,32.990002,32.000000,32.064999,14.473415,2228600,-,11.811355,14.062361,13.857659,14.218601,2809236.0
02/15/2001,32.450001,32.450001,31.900000,32.000000,14.444076,1652200,-,11.783605,14.052450,13.792509,14.127563,2826032.0
02/14/2001,32.125000,32.779999,31.760000,32.369999,14.611089,2037800,-,11.755062,14.053242,13.720838,14.029256,2821584.0
02/13/2001,32.139999,32.860001,31.629999,32.000000,14.444076,3902800,-,11.726825,14.047189,13.639709,13.910476,2819000.0
02/12/2001,32.740002,33.244999,31.875000,32.369999,14.361657,1841000,-,11.699356,14.052240,13.533100,13.822373,2820716.0
02/09/2001,31.980000,32.849998,31.930000,32.625000,14.474798,1810600,-,11.673775,14.052562,13.446805,13.759593,2849164.0
02/08/2001,31.375000,32.119999,31.375000,32.029999,14.210810,1525400,-,11.648232,14.048125,13.351527,13.661541,2883308.0
02/07/2001,30.875000,31.385000,30.875000,31.375000,13.920203,2619800,-,11.623539,14.039262,13.298175,13.610075,2896092.0
02/06/2001,30.600000,30.889999,30.490000,30.750000,13.642905,1568800,-,11.599025,14.033994,13.295402,13.571254,2861404.0
02/05/2001,30.500000,31.105000,30.500000,30.660000,13.602978,3010400,-,11.575495,14.039817,13.297843,13.540420,2872172.0
02/02/2001,30.340000,30.924999,30.155001,30.570000,13.563043,2332800,-,11.551158,14.041725,13.279874,13.496718,2855188.0
02/01/2001,30.059999,30.365000,30.059999,30.340000,13.461000,2198400,-,11.527288,14.043322,13.270890,13.457454,2846964.0
01/31/2001,30.500000,30.504999,29.955000,30.254999,13.423291,2668400,-,11.505070,14.045574,13.296069,13.412421,2875700.0
01/30/2001,30.700001,31.014999,30.424999,30.570000,13.563043,1234200,-,11.484080,14.042757,13.377815,13.368941,2879004.0
01/29/2001,30.975000,31.485001,30.575001,30.955000,13.733862,2066200,-,11.463029,14.031321,13.478418,13.243826,2919068.0
01/26/2001,30.650000,31.209999,29.910000,30.415001,13.494275,1717200,-,11.439983,14.013419,13.561051,13.134017,2913636.0
01/25/2001,30.625000,31.045000,30.500000,30.870001,13.696155,2684400,-,11.417263,14.007731,13.672191,13.041512,2916788.0
01/24/2001,29.500000,30.725000,29.500000,30.500000,13.531990,2262600,-,11.393198,13.996357,13.769355,12.986275,2894696.0
01/23/2001,29.799999,30.575001,29.695000,30.055000,13.334562,2331400,-,11.368142,13.984691,13.852211,13.019550,2875276.0
01/22/2001,29.775000,30.200001,29.250000,29.674999,13.165962,1920600,-,11.344007,13.975600,13.931295,13.055265,2889564.0
01/19/2001,28.750000,29.705000,28.254999,29.684999,13.170397,2132600,-,11.321721,13.960533,14.030566,13.063029,2922272.0
01/18/2001,28.625000,29.900000,28.500000,29.325001,13.010674,2661400,-,11.298137,13.942903,14.104438,13.084326,2928408.0
01/17/2001,27.625000,29.674999,27.625000,29.275000,12.988492,4555400,-,11.272736,13.933967,14.165220,13.179716,2917724.0
01/16/2001,28.600000,28.600000,26.799999,27.750000,12.311893,4957600,-,11.247379,13.933171,14.222787,13.386689,2851588.0
01/12/2001,27.830000,28.870001,27.725000,28.480000,12.635775,5306800,-,11.225673,13.950306,14.332041,13.713009,2799124.0
01/11/2001,29.500000,29.500000,27.270000,28.330000,12.569224,4906600,-,11.202414,13.962064,14.432422,13.988085,2740088.0
01/10/2001,31.225000,31.350000,29.525000,29.625000,13.143777,3571200,-,11.178952,13.977901,14.554320,14.302870,2715000.0
01/09/2001,30.750000,31.250000,30.500000,31.250000,13.864743,2792400,-,11.153288,13.970151,14.624199,14.552435,2727768.0
01/08/2001,30.450001,31.000000,30.350000,30.860001,13.691714,3169800,-,11.124757,13.941384,14.670230,14.684871,2783604.0
01/05/2001,29.875000,31.045000,29.500000,29.850000,13.243604,4011800,-,11.096487,13.935047,14.727685,14.807325,2780276.0
01/04/2001,29.625000,30.299999,28.400000,30.165001,13.383366,8606600,-,11.070794,13.932723,14.766729,14.998103,2763856.0
01/03/2001,34.000000,34.500000,31.424999,31.475000,13.964573,5550200,-,11.045475,13.932827,14.796454,15.124549,2613188.0
01/02/2001,34.875000,34.875000,33.705002,33.939999,15.058219,2468200,-,11.016914,13.914565,14.822409,15.150725,2550576.0
12/29/2000,34.700001,35.224998,34.630001,35.105000,15.575100,1710800,-,10.982952,13.876897,14.784919,15.058885,2548324.0
12/28/2000,35.325001,35.325001,34.599998,34.680000,15.386533,2925400,-,10.948084,13.828068,14.740996,14.951073,2551740.0
12/27/2000,35.275002,35.500000,35.099998,35.424999,15.717069,3532200,-,10.912615,13.790689,14.690556,14.876758,2532972.0
12/26/2000,34.250000,35.494999,34.200001,35.250000,15.639432,2171400,-,10.874084,13.741489,14.617351,14.805771,2516100.0
12/22/2000,33.650002,34.375000,33.389999,34.235001,15.189103,1534400,-,10.836814,13.682874,14.523764,14.695962,2507116.0
12/21/2000,34.125000,34.400002,33.314999,33.619999,14.916248,2135200,-,10.801929,13.631072,14.447147,14.655588,2529876.0
12/20/2000,33.250000,34.599998,33.250000,34.150002,15.151389,2823000,-,10.768476,13.588292,14.398038,14.648046,2556688.0
12/19/2000,32.099998,33.070000,32.099998,33.014999,14.647824,2724200,-,10.733713,13.543277,14.325387,14.535354,2562928.0
12/18/2000,32.700001,32.700001,31.725000,32.064999,14.226331,3092200,-,10.700999,13.498462,14.275141,14.468360,2530264.0
12/15/2000,32.250000,32.935001,31.625000,31.870001,14.139818,3223600,-,10.671465,13.462351,14.242504,14.494093,2513516.0
12/14/2000,33.150002,33.150002,32.360001,32.674999,14.496978,1775400,-,10.643169,13.423584,14.199634,14.510953,2488112.0
12/13/2000,33.299999,34.145000,33.005001,33.005001,14.643389,2891000,-,10.612550,13.383705,14.124348,14.530919,2519784.0
12/12/2000,32.775002,34.000000,32.775002,33.825001,15.007199,2976000,-,10.579858,13.350221,14.034117,14.504354,2499632.0
12/11/2000,33.000000,33.000000,32.294998,32.775002,14.541345,2220000,-,10.544876,13.320154,13.944252,14.428930,2474200.0
12/08/2000,33.349998,33.435001,32.584999,33.325001,14.785362,1894800,-,10.514371,13.295086,13.873555,14.351565,2472128.0
12/07/2000,31.735001,33.744999,31.735001,33.450001,14.840826,2529000,-,10.481841,13.262052,13.781723,14.238706,2494596.0
12/06/2000,31.500000,31.969999,31.500000,31.610001,14.024467,1999000,-,10.448430,13.225236,13.683682,14.148030,2500784.0
12/05/2000,32.250000,32.500000,31.325001,31.504999,13.977880,3068400,-,10.421650,13.197275,13.603089,14.115420,2483668.0
12/04/2000,32.325001,32.950001,32.275002,32.645000,14.483669,1429800,-,10.393962,13.161747,13.518641,14.081923,2448752.0
12/01/2000,32.937500,33.281250,32.062500,32.250000,14.308414,1908600,-,10.363480,13.118021,13.422649,13.990914,2452172.0
11/30/2000,32.812500,33.625000,32.562500,33.125000,14.696634,3988600,-,10.334604,13.070672,13.354665,13.888315,2441636.0
11/29/2000,32.062500,32.875000,31.937500,32.406250,14.377745,3263400,-,10.304316,13.015833,13.278266,13.717778,2411544.0
11/28/2000,30.906250,32.125000,30.781250,32.125000,14.252956,3517800,-,10.275755,12.971210,13.220561,13.563879,2399976.0
11/27/2000,31.187500,31.312500,30.437500,31.031250,13.767692,2164600,-,10.248149,12.939228,13.175968,13.459573,2351448.0
11/24/2000,31.375000,31.375000,30.437500,30.781250,13.656776,885400,-,10.223036,12.920584,13.125397,13.395546,2373872.0
11/22/2000,30.968750,31.718750,30.562500,31.406250,13.934069,2107200,-,10.199207,12.894220,13.063877,13.324741,2417144.0
11/21/2000,30.687500,30.875000,30.000000,30.875000,13.698366,2161200,-,10.174587,12.866148,13.035916,13.219333,2458888.0
11/20/2000,30.468750,31.250000,30.468750,30.750000,13.642905,1921600,-,10.151013,12.838677,13.007368,13.090759,2508512.0
11/17/2000,29.968750,30.781250,29.875000,30.593750,13.573584,3635200,-,10.127319,12.810464,12.994653,12.955359,2538924.0
11/16/2000,29.562500,29.968750,29.562500,29.937500,13.282423,2833600,-,10.105032,12.774658,12.968545,12.854384,2524828.0
11/15/2000,29.687500,30.125000,29.156250,29.281250,12.991265,3237400,-,10.084730,12.731378,12.963165,12.821014,2547780.0
11/14/2000,29.937500,30.000000,29.187500,29.187500,12.838753,1794600,-,10.063963,12.690082,12.970286,12.838753,2542980.0
11/13/2000,30.062500,30.906250,29.687500,30.031250,13.209899,1874800,-,10.043826,12.647723,13.004226,12.877242,2542092.0
11/10/2000,29.437500,30.000000,29.312500,29.843750,13.127419,1579800,-,10.022032,12.595474,13.006585,12.892363,2512908.0
11/09/2000,29.187500,29.968750,28.937500,29.437500,12.948722,1291600,-,10.000054,12.544394,12.985649,12.855249,2537756.0
11/08/2000,28.875000,29.531250,28.531250,29.281250,12.879992,3045800,-,9.979831,12.495997,12.968164,12.803014,2557128.0
11/07/2000,27.906250,28.218750,27.750000,28.218750,12.412624,3556000,-,9.958759,12.447878,12.963026,12.852499,2555012.0
11/06/2000,28.437500,28.437500,27.593750,27.937500,12.288913,2439400,-,9.939096,12.412946,12.987426,12.923978,2547436.0
11/03/2000,29.250000,29.250000,28.218750,28.562500,12.563833,2127200,-,9.920714,12.374729,12.993335,13.033946,2511144.0
11/02/2000,29.875000,29.968750,29.187500,29.437500,12.948722,1248600,-,9.899103,12.333727,12.986183,13.082706,2483420.0
11/01/2000,30.000000,30.250000,29.625000,29.937500,13.168654,2334400,-,9.874441,12.287469,12.948819,13.105316,2477800.0
10/31/2000,30.375000,30.500000,29.468750,30.062500,13.223644,2355000,-,9.849276,12.234914,12.915539,13.101819,2453376.0
10/30/2000,29.125000,30.625000,29.000000,30.375000,13.361102,3652200,-,9.823107,12.180444,12.902815,13.131210,2420940.0
10/27/2000,28.187500,29.062500,26.937500,29.000000,12.756278,4209600,-,9.797112,12.124583,12.909953,13.120807,2360888.0
10/26/2000,29.968750,30.062500,28.218750,28.250000,12.426372,5584200,-,9.774273,12.081088,12.936534,13.116049,2305332.0
10/25/2000,29.843750,31.031250,29.656250,30.406250,13.374844,3003400,-,9.751892,12.043107,12.971900,13.133314,2213264.0
10/24/2000,30.375000,30.750000,28.937500,29.843750,13.127419,3190800,-,9.724437,11.988056,12.953159,13.073553,2176384.0
10/23/2000,29.750000,30.500000,29.718750,30.437500,13.388596,1073200,-,9.698484,11.934154,12.928110,13.050874,2147456.0
10/20/2000,29.906250,30.468750,29.156250,29.750000,13.051432,2419600,-,9.668973,11.871841,12.868752,12.952723,2148608.0
10/19/2000,29.875000,30.250000,29.375000,30.031250,13.174816,2355600,-,9.641147,11.812473,12.831051,12.889659,2109560.0
10/18/2000,30.937500,31.250000,29.656250,29.937500,13.133686,1881600,-,9.612638,11.751654,12.769358,12.792322,2083060.0
10/17/2000,30.156250,30.875000,30.062500,30.812500,13.517556,1987000,-,9.582613,11.693286,12.710407,12.729259,2065228.0
10/16/2000,29.250000,30.375000,29.062500,30.218750,13.257069,2688600,-,9.550933,11.627851,12.641860,12.674421,2052932.0
10/13/2000,28.593750,29.468750,28.593750,28.968750,12.708698,1722200,-,9.521483,11.562403,12.611699,12.699098,2027292.0
10/12/2000,29.062500,29.437500,28.500000,28.718750,12.599023,2672400,-,9.494709,11.504192,12.618039,12.757020,2023232.0
10/11/2000,29.750000,30.250000,28.906250,29.125000,12.777239,3475800,-,9.467621,11.442951,12.605015,12.810486,2003180.0
10/10/2000,28.437500,30.000000,28.437500,29.406250,12.900630,3135000,-,9.439974,11.377603,12.592677,12.832764,1953804.0
10/09/2000,28.250000,28.968750,28.218750,28.281250,12.407085,1091000,-,9.412041,11.304904,12.563886,12.805345,1920752.0
10/06/2000,28.062500,28.875000,27.968750,28.312500,12.420790,2254800,-,9.386709,11.245603,12.555146,12.784781,1926380.0
10/05/2000,28.625000,28.968750,27.718750,27.812500,12.201446,1953400,-,9.361175,11.186570,12.523271,12.772443,1892156.0
10/04/2000,29.437500,29.875000,27.468750,28.500000,12.503050,3359000,-,9.336540,11.128736,12.469119,12.746394,1874532.0
10/03/2000,30.656250,31.281250,29.437500,29.562500,12.969178,1883400,-,9.310065,11.068872,12.390289,12.691556,1834372.0
10/02/2000,30.406250,30.781250,29.500000,30.781250,13.503845,1704400,-,9.280796,10.998329,12.277871,12.609299,1816272.0
09/29/2000,29.656250,30.687500,29.656250,30.289049,13.287914,2116400,-,9.248522,10.919263,12.132550,12.524300,1800876.0
09/28/2000,29.843750,30.656250,29.781250,29.937500,13.133686,3018200,-,9.217659,10.842345,11.996826,12.479058,1787404.0
09/27/2000,29.062500,29.937500,28.531250,29.632799,13.000013,2838400,-,9.186706,10.773124,11.866587,12.399544,1744936.0
09/26/2000,27.968750,28.843750,27.968750,28.781250,12.626439,1143200,-,9.156819,10.704677,11.740288,12.352589,1710396.0
09/25/2000,28.000000,28.437500,27.500000,27.812500,12.201446,1322600,-,9.129462,10.642345,11.642266,12.322428,1710340.0
09/22/2000,27.187500,28.281250,27.187500,28.031250,12.297409,1600800,-,9.103501,10.583630,11.551097,12.325511,1700288.0
09/21/2000,27.250000,27.843750,27.156250,27.218750,11.940964,1381800,-,9.077326,10.524351,11.461914,12.274100,1682020.0
09/20/2000,27.250000,27.406250,26.406250,27.250000,11.954670,2484000,-,9.053396,10.470845,11.396658,12.191843,1670928.0
09/19/2000,28.968750,28.968750,27.281250,27.687500,12.146605,2685000,-,9.029133,10.418964,11.325968,12.089022,1646204.0
09/18/2000,29.250000,29.250000,28.687500,28.843750,12.653852,1091400,-,9.003712,10.358361,11.243646,11.946443,1609252.0
09/15/2000,28.187500,29.593750,28.187500,29.257799,12.835496,3285800,-,8.975820,10.284357,11.139354,11.740801,1601148.0
09/14/2000,28.468750,28.468750,27.968750,28.125000,12.338542,3049000,-,8.945762,10.206177,11.026658,11.514595,1546356.0
09/13/2000,28.218750,28.843750,28.218750,28.562500,12.530470,4194400,-,8.918983,10.135765,10.936096,11.333629,1502544.0
09/12/2000,28.187500,28.375000,27.437500,28.093750,12.324825,4642400,-,8.889721,10.065857,10.840686,11.127987,1436676.0
09/11/2000,26.937500,27.968750,26.937500,27.882799,12.232281,3442200,-,8.863011,9.994363,10.746062,10.962103,1399664.0
09/08/2000,25.375000,27.000000,25.187500,26.859350,11.783292,2930400,-,8.836632,9.932589,10.648095,10.776683,1351948.0
09/07/2000,25.000000,25.437500,24.875000,25.343750,11.118395,3981200,-,8.813027,9.882372,10.563081,10.649728,1315712.0
09/06/2000,24.437500,24.937500,24.437500,24.906250,10.926462,2997400,-,8.793541,9.838805,10.513856,10.601472,1253224.0
09/05/2000,24.375000,24.562500,24.250000,24.437500,10.720818,1750200,-,8.775678,9.805861,10.478297,10.562913,1211364.0
09/01/2000,24.062500,24.312500,24.031250,24.156250,10.597429,415600,-,8.758976,9.775130,10.454547,10.540849,1196040.0
08/31/2000,23.875000,24.281250,23.875000,24.101549,10.573435,2822200,-,8.743023,9.746052,10.423909,10.537907,1208484.0
08/30/2000,23.968750,24.093750,23.812500,24.000000,10.528888,2260200,-,8.727720,9.718540,10.385143,10.538721,1183476.0
08/29/2000,24.281250,24.281250,23.843750,23.875000,10.474049,2940000,-,8.712905,9.692190,10.335548,10.538563,1155136.0
08/28/2000,23.656250,24.343750,23.656250,24.312500,10.665984,3177200,-,8.698893,9.668565,10.287338,10.553385,1140900.0
08/25/2000,24.250000,24.250000,23.812500,23.906250,10.378078,624800,-,8.683591,9.642458,10.217321,10.530021,1152476.0
08/24/2000,24.562500,24.562500,24.187500,24.218750,10.513741,741000,-,8.669928,9.621837,10.170519,10.519507,1174064.0
08/23/2000,24.218750,24.625000,24.218750,24.500000,10.635839,967600,-,8.655784,9.598232,10.118289,10.476435,1193788.0
08/22/2000,24.312500,24.406250,24.218750,24.281250,10.540874,1113200,-,8.641749,9.577341,10.051985,10.426240,1198104.0
08/21/2000,24.250000,24.312500,24.031250,24.187500,10.500176,733200,-,8.628581,9.559297,10.000433,10.393681,1196852.0
08/18/2000,24.375000,24.500000,24.250000,24.343750,10.568008,649600,-,8.615944,9.541661,9.947526,10.368245,1215972.0
08/17/2000,24.593750,24.593750,24.156250,24.375000,10.581571,1431800,-,8.603359,9.516157,9.896652,10.309910,1227788.0
08/16/2000,24.125000,24.687500,24.125000,24.250000,10.527310,980800,-,8.590510,9.486040,9.839675,10.231565,1220196.0
08/15/2000,24.062500,24.875000,23.906250,24.468750,10.622272,1159400,-,8.578063,9.459993,9.796942,10.132532,1216552.0
08/14/2000,23.625000,24.406250,23.562500,24.031250,10.432343,1744400,-,8.564880,9.430419,9.744712,10.021290,1213704.0
08/11/2000,23.312500,23.812500,23.250000,23.664049,10.272939,1130800,-,8.552582,9.410613,9.698587,9.904622,1215224.0
08/10/2000,23.375000,23.468750,23.093750,23.226549,10.083014,467200,-,8.540753,9.394537,9.648223,9.821530,1232764.0
08/09/2000,23.406250,23.562500,23.218750,23.343750,10.133891,1030600,-,8.529156,9.383616,9.610747,9.760143,1255452.0
08/08/2000,23.718750,23.718750,23.281250,23.531250,10.215288,990000,-,8.516912,9.373035,9.567336,9.677729,1260648.0
08/07/2000,22.843750,23.656250,22.687500,23.601549,10.245808,1372200,-,8.504849,9.364895,9.524602,9.607185,1250136.0
08/04/2000,22.437500,23.000000,22.125000,23.000000,9.984663,1406600,-,8.492437,9.356145,9.468134,9.526807,1267340.0
08/03/2000,22.187500,22.937500,22.125000,22.570299,9.798123,1519200,-,8.481528,9.353974,9.416582,9.483395,1279464.0
08/02/2000,21.781250,22.093750,21.781250,21.968750,9.536982,1669800,-,8.471289,9.352046,9.373001,9.447785,1275124.0
08/01/2000,21.375000,22.000000,21.375000,21.906250,9.509848,1007000,-,8.463075,9.355340,9.337051,9.461351,1273488.0
07/31/2000,21.500000,21.968750,21.312500,21.343750,9.265661,1482400,-,8.454343,9.351662,9.313311,9.468134,1268184.0
07/28/2000,21.812500,22.062500,21.656250,21.750000,9.442024,1372400,-,8.447617,9.352063,9.287535,9.492553,1255560.0
07/27/2000,21.562500,21.937500,21.500000,21.812500,9.469147,543600,-,8.439616,9.348937,9.272612,9.474916,1251476.0
07/26/2000,21.906250,21.906250,21.406250,21.445299,9.309748,1072200,-,8.431153,9.351173,9.262776,9.461351,1262252.0
07/25/2000,21.625000,22.062500,21.625000,21.906250,9.509848,1351000,-,8.423291,9.357402,9.244293,9.456942,1258468.0
07/24/2000,22.031250,22.062500,21.656250,21.750000,9.442024,978400,-,8.414952,9.358823,9.232762,9.442020,1253140.0
07/21/2000,21.937500,22.250000,21.875000,22.000000,9.550543,934600,-,8.407017,9.365358,9.219874,9.409461,1262176.0
07/20/2000,22.343750,22.437500,21.656250,21.750000,9.442024,1442800,-,8.399192,9.366503,9.199525,9.349770,1275052.0
07/19/2000,22.187500,22.500000,22.062500,22.281250,9.672644,894800,-,8.391453,9.365523,9.187315,9.298218,1264312.0
07/18/2000,22.000000,22.250000,21.781250,22.062500,9.577679,1111400,-,8.383672,9.357785,9.164253,9.212751,1275484.0
07/17/2000,21.281250,22.031250,21.281250,21.906250,9.509848,1140400,-,8.375581,9.350872,9.150008,9.158487,1273964.0
07/14/2000,21.312500,21.812500,21.218750,21.343750,9.265661,820000,-,8.367242,9.343437,9.142547,9.082517,1270544.0
07/13/2000,21.187500,21.500000,21.062500,21.500000,9.333490,687400,-,8.358751,9.336592,9.146616,9.070308,1289752.0
07/12/2000,21.562500,21.593750,21.156250,21.343750,9.265661,827200,-,8.349594,9.324634,9.146616,9.064202,1298608.0
07/11/2000,21.000000,21.625000,20.843750,21.562500,9.360623,1247800,-,8.342083,9.318594,9.162896,9.031643,1293028.0
07/10/2000,20.625000,21.250000,20.625000,21.000000,9.116433,837400,-,8.334881,9.310386,9.176800,9.023504,1287076.0
07/07/2000,20.562500,20.781250,20.562500,20.625000,8.953638,686200,-,8.327398,9.312967,9.201898,9.030287,1292100.0
07/06/2000,20.562500,20.812500,20.468750,20.562500,8.926501,546200,-,8.322493,9.321218,9.218855,9.049280,1290416.0
07/05/2000,20.937500,21.250000,20.250000,20.312500,8.817978,858400,-,8.318573,9.328134,9.226317,9.076412,1304596.0
07/03/2000,20.281250,21.156250,20.281250,20.812500,9.035037,901000,-,8.316633,9.332122,9.246666,9.115754,1300912.0
06/30/2000,20.937500,21.406250,20.125000,20.156250,8.750147,2791800,-,8.314327,9.330157,9.252092,9.141529,1299716.0
06/29/2000,21.625000,21.687500,20.843750,21.062500,9.143567,1056400,-,8.312335,9.329865,9.286686,9.202577,1257456.0
06/28/2000,20.718750,21.531250,20.281250,21.359350,9.272430,1118600,-,8.309290,9.322779,9.302965,9.222925,1257864.0
06/27/2000,21.250000,21.343750,20.593750,20.593750,8.940076,856800,-,8.305078,9.317677,9.316193,9.229031,1263632.0
06/26/2000,21.187500,21.562500,21.125000,21.375000,9.279230,904400,-,8.303443,9.323382,9.349429,9.294148,1282688.0
06/23/2000,21.125000,21.406250,21.000000,21.156250,9.184262,984000,-,8.300766,9.324853,9.375883,9.330097,1295520.0
06/22/2000,21.187500,21.312500,20.750000,21.062500,9.143567,1037800,-,8.298759,9.323662,9.407085,9.373509,1311344.0
06/21/2000,21.218750,21.750000,21.187500,21.187500,9.197828,1571800,-,8.296302,9.319795,9.443713,9.388431,1330012.0
06/20/2000,20.937500,21.375000,20.906250,21.218750,9.211395,843200,-,8.292856,9.313502,9.468907,9.376221,1326820.0
06/19/2000,21.718750,21.781250,21.187500,21.406250,9.292787,2228200,-,8.290125,9.299691,9.493421,9.377577,1328192.0
06/16/2000,21.562500,21.968750,21.218750,21.562500,9.360623,3756000,-,8.286073,9.283984,9.495080,9.362655,1312892.0
06/15/2000,21.500000,21.812500,21.250000,21.531250,9.347054,1704200,-,8.282008,9.270946,9.491335,9.370795,1295492.0
06/14/2000,22.062500,22.093750,21.375000,21.500000,9.333490,1727200,-,8.277750,9.253080,9.488268,9.383005,1308228.0
06/13/2000,22.093750,22.687500,22.000000,22.093750,9.591246,1183400,-,8.274213,9.225019,9.500640,9.403354,1286804.0
06/12/2000,22.031250,22.468750,22.031250,22.203100,9.638718,1050600,-,8.269649,9.191534,9.502137,9.404711,1310188.0
06/09/2000,21.281250,22.187500,21.250000,22.156250,9.618379,1689200,-,8.265239,9.158173,9.499248,9.421669,1308676.0
06/08/2000,20.781250,21.562500,20.750000,21.406250,9.292787,1240400,-,8.261716,9.125488,9.506768,9.440662,1306716.0
06/07/2000,21.156250,21.312500,20.875000,20.906250,9.075733,1052200,-,8.259101,9.097167,9.522517,9.498996,1307488.0
06/06/2000,21.125000,21.718750,21.062500,21.250000,9.224957,798600,-,8.257055,9.075871,9.538383,9.561592,1308892.0
06/05/2000,21.562500,21.687500,20.843750,21.062500,9.143567,1017000,-,8.255038,9.054543,9.541421,9.609266,1315024.0
06/02/2000,21.687500,21.843750,21.406250,21.750000,9.442024,1820400,-,8.252201,9.032427,9.545845,9.627506,1322904.0
06/01/2000,21.843750,21.906250,21.500000,21.812500,9.469147,2007800,-,8.247226,9.005684,9.530649,9.611875,1311072.0
05/31/2000,22.062500,22.468750,21.968750,21.968750,9.536982,1601600,-,8.242503,8.982693,9.503362,9.593532,1298156.0
05/30/2000,22.625000,22.687500,22.000000,22.125000,9.604813,1290400,-,8.237892,8.957003,9.463290,9.597926,1283568.0
05/26/2000,22.625000,23.031250,22.531250,22.593750,9.808303,464400,-,8.233653,8.930224,9.431233,9.599563,1281964.0
05/25/2000,22.812500,22.906250,22.375000,22.593750,9.808303,2232400,-,8.228009,8.906086,9.388330,9.576826,1298916.0
05/24/2000,22.500000,23.406250,22.500000,23.000000,9.876134,2012800,-,8.223075,8.875774,9.360188,9.572874,1292264.0
05/23/2000,22.531250,22.875000,22.437500,22.593750,9.701692,1302200,-,8.217608,8.838470,9.334693,9.546037,1281336.0
05/22/2000,22.062500,22.843750,22.062500,22.593750,9.701692,1588000,-,8.212820,8.808144,9.313223,9.515174,1267824.0
05/19/2000,21.562500,21.968750,21.406250,21.718750,9.325968,741800,-,8.208161,8.778355,9.279005,9.473576,1251240.0
05/18/2000,21.625000,22.156250,21.625000,21.625000,9.285716,851200,-,8.205768,8.756348,9.259548,9.464184,1267280.0
05/17/2000,22.500000,22.500000,21.437500,21.625000,9.285716,1168200,-,8.203189,8.734610,9.232040,9.449423,1276632.0
05/16/2000,22.531250,22.531250,21.718750,22.312500,9.580928,1082400,-,8.201449,8.710993,9.207215,9.413192,1302932.0
05/15/2000,22.218750,22.875000,22.218750,22.406250,9.621183,883000,-,8.197329,8.685766,9.179036,9.328654,1322124.0
05/12/2000,22.562500,22.625000,22.000000,22.312500,9.580928,1084600,-,8.193008,8.662954,9.159243,9.262903,1350476.0
05/11/2000,22.281250,22.875000,22.187500,22.750000,9.768786,1430200,-,8.189018,8.638800,9.147837,9.199835,1352556.0
05/10/2000,22.031250,22.687500,21.906250,22.375000,9.607759,1578400,-,8.183829,8.605522,9.115632,9.147502,1347908.0
05/09/2000,22.000000,22.031250,21.593750,21.875000,9.393064,905800,-,8.179834,8.573586,9.082756,9.123348,1348616.0
05/08/2000,21.500000,22.468750,21.500000,21.625000,9.285716,1453400,-,8.177622,8.554531,9.057261,9.111272,1348244.0
05/05/2000,21.250000,21.531250,20.906250,21.500000,9.232040,1035400,-,8.175688,8.534403,9.019018,9.084434,1348896.0
05/04/2000,20.781250,21.812500,20.781250,21.281250,9.138105,969400,-,8.174475,8.512933,8.982787,9.054913,1368104.0
05/03/2000,20.562500,20.781250,20.375000,20.781250,8.923411,1780400,-,8.173474,8.503540,8.961318,9.014658,1397928.0
05/02/2000,20.875000,21.062500,20.312500,20.343750,8.735551,1130200,-,8.173933,8.493879,8.937835,9.001239,1393244.0
05/01/2000,20.656250,21.093750,20.625000,20.875000,8.963667,548200,-,8.175913,8.486915,8.897579,9.029418,1390104.0
04/28/2000,21.562500,21.562500,20.843750,20.843750,8.950248,950200,-,8.176171,8.478303,8.845246,9.055583,1405844.0
04/27/2000,21.937500,21.937500,21.156250,21.531250,9.245454,1088600,-,8.176367,8.472080,8.796268,9.095839,1427896.0
04/26/2000,21.500000,22.093750,21.406250,21.812500,9.366226,602000,-,8.174829,8.460483,8.733201,9.083762,1444300.0
04/25/2000,21.437500,21.687500,20.937500,21.593750,9.272300,1255200,-,8.172687,8.447795,8.658727,9.042165,1496992.0
04/24/2000,20.937500,21.468750,20.812500,21.000000,9.017341,674200,-,8.170239,8.437251,8.595659,9.003250,1500720.0
04/20/2000,20.218750,20.875000,20.218750,20.812500,8.936830,841200,-,8.169389,8.434721,8.552720,8.953601,1540448.0
04/19/2000,20.343750,20.500000,19.875000,20.343750,8.735551,678800,-,8.168619,8.436186,8.507767,8.910661,1612284.0
04/18/2000,21.000000,21.562500,20.375000,20.468750,8.789222,1076800,-,8.168274,8.441147,8.476233,8.907977,1620872.0
04/17/2000,20.906250,21.312500,20.093750,21.000000,9.017341,1407000,-,8.167531,8.443444,8.452751,8.874431,1622456.0
04/14/2000,21.687500,22.468750,20.812500,21.484350,9.225322,1809600,-,8.165842,8.445419,8.414507,8.765740,1711096.0
04/13/2000,21.625000,22.312500,21.343750,21.781250,9.352806,1546000,-,8.162984,8.445355,8.366536,8.634910,1710212.0
04/12/2000,20.937500,21.750000,20.781250,21.250000,9.124687,1775200,-,8.159488,8.435056,8.328964,8.496698,1700892.0
04/11/2000,20.718750,21.343750,20.687500,20.843750,8.950248,1971200,-,8.158230,8.428789,8.287366,8.382640,1720308.0
04/10/2000,19.875000,20.843750,19.843750,20.687500,8.883155,1412200,-,8.158103,8.426806,8.240401,8.275290,1740328.0
04/07/2000,19.750000,20.125000,19.687500,19.843750,8.520850,911800,-,8.158118,8.423780,8.205512,8.188069,1780804.0
04/06/2000,20.218750,20.531250,19.625000,19.812500,8.507432,1463200,-,8.161107,8.431444,8.190081,8.151839,1947052.0
04/05/2000,19.812500,21.000000,19.812500,20.281250,8.708712,2886000,-,8.165584,8.434608,8.175991,8.104873,1948548.0
04/04/2000,18.593750,19.687500,18.593750,19.687500,8.453759,2341000,-,8.169764,8.430035,8.150496,8.044489,1941380.0
04/03/2000,18.625000,18.781250,18.281250,18.468750,7.930434,656000,-,8.175155,8.433212,8.133051,8.031070,1946680.0
03/31/2000,18.562500,18.937500,18.187500,18.437500,7.917013,2352600,-,8.184002,8.439435,8.152508,8.063274,2005484.0
03/30/2000,18.750000,18.781250,18.500000,18.562500,7.970687,975000,-,8.193110,8.441421,8.180687,8.098163,1977660.0
03/29/2000,18.281250,18.593750,18.250000,18.593750,7.984108,1591200,-,8.202918,8.444719,8.200815,8.161230,1979016.0
03/28/2000,18.500000,18.687500,17.968750,18.343750,7.876753,1279000,-,8.212917,8.444834,8.206853,8.192093,1965328.0
03/27/2000,18.812500,19.343750,18.656250,18.656250,8.010940,1122400,-,8.223453,8.450540,8.213562,8.205511,1960548.0
03/24/2000,18.750000,19.031250,18.656250,19.000000,8.158549,1105200,-,8.232608,8.454093,8.235032,8.222956,1960112.0
03/23/2000,18.750000,18.875000,18.593750,18.718750,8.037777,1411000,-,8.240444,8.449924,8.241071,8.228323,1965652.0
03/22/2000,19.375000,19.375000,18.750000,18.875000,8.104872,1228800,-,8.248818,8.446845,8.247109,8.247109,1956920.0
03/21/2000,19.125000,19.593750,19.062500,19.375000,8.319569,1362000,-,8.255889,8.443484,8.275288,8.256502,1952752.0
03/20/2000,19.125000,19.593750,19.093750,19.218750,8.252476,872200,-,8.262467,8.426819,8.281327,8.235032,1979244.0
03/17/2000,20.062500,20.125000,19.187500,19.250000,8.265899,1210200,-,8.269058,8.411497,8.288070,8.241742,1979284.0
03/16/2000,19.312500,20.375000,19.312500,20.031250,8.601361,1312000,-,8.275776,8.395640,8.301430,8.263211,1975784.0
03/15/2000,18.562500,19.343750,18.531250,19.312500,8.292733,1899800,-,8.281075,8.366184,8.303316,8.240400,1967356.0
03/14/2000,18.812500,18.968750,18.500000,18.656250,8.010940,1466400,-,8.289143,8.343961,8.321959,8.221613,1947708.0
03/13/2000,19.031250,19.125000,18.906250,19.062500,8.185383,626600,-,8.299654,8.331084,8.358004,8.221613,1935756.0
03/10/2000,19.031250,19.218750,18.937500,19.125000,8.212221,758800,-,8.308647,8.314453,8.385989,8.247109,1944516.0
03/09/2000,18.968750,19.218750,18.906250,19.156250,8.225638,1543800,-,8.318345,8.293840,8.419921,8.253819,1938624.0
03/08/2000,19.000000,19.375000,19.000000,19.093750,8.198800,1318800,-,8.327589,8.274284,8.459143,8.247110,1931724.0
03/07/2000,19.375000,19.593750,18.843750,18.875000,8.104872,2483200,-,8.337734,8.256589,8.498383,8.294075,1919484.0
03/06/2000,19.750000,19.875000,19.312500,19.375000,8.319569,2042000,-,8.346815,8.241303,8.538344,8.327622,1887368.0
03/03/2000,19.812500,19.906250,19.531250,19.750000,8.480595,2300600,-,8.354438,8.221193,8.578170,8.334399,1869312.0
03/02/2000,18.875000,19.500000,18.812500,19.500000,8.373245,1188600,-,8.361512,8.197068,8.615245,8.339648,1852520.0
03/01/2000,19.250000,19.281250,18.750000,18.875000,8.104872,1197800,-,8.367716,8.173765,8.638475,8.366232,1848376.0
02/29/2000,19.531250,19.531250,18.656250,18.656250,8.010940,1613800,-,8.375391,8.153974,8.673799,8.422304,1876932.0
02/28/2000,19.281250,19.906250,19.062500,19.656250,8.440339,887200,-,8.383151,8.134736,8.715807,8.494395,1860468.0
02/25/2000,19.281250,19.281250,19.000000,19.281250,8.279316,1486000,-,8.389979,8.108236,8.730382,8.524870,1868524.0
02/24/2000,20.187500,20.187500,18.812500,19.000000,8.158549,1995800,-,8.397292,8.081511,8.761621,8.586023,1871400.0
02/23/2000,19.781250,20.312500,19.781250,20.187500,8.668454,2460600,-,8.405209,8.058792,8.786973,8.671177,1845160.0
02/22/2000,19.812500,20.187500,19.812500,19.906250,8.440338,1546200,-,8.410641,8.028524,8.777555,8.702691,1820948.0
02/18/2000,20.031250,20.156250,19.718750,19.781250,8.387338,973200,-,8.417532,7.999904,8.786167,8.749066,1819388.0
02/17/2000,20.125000,20.531250,20.062500,20.125000,8.533090,1335200,-,8.424625,7.973403,8.778880,8.821942,1831052.0
02/16/2000,20.250000,20.468750,20.062500,20.375000,8.639090,2052800,-,8.430925,7.945843,8.753042,8.890843,1839032.0
02/15/2000,20.500000,20.656250,20.343750,20.437500,8.665589,1908800,-,8.436823,7.915103,8.727867,8.910718,1824456.0
02/14/2000,20.625000,20.750000,20.406250,20.593750,8.731845,3236600,-,8.442461,7.883037,8.694079,8.925294,1816592.0
02/11/2000,20.906250,21.000000,20.593750,20.625000,8.745090,1441600,-,8.447320,7.849912,8.665591,8.937219,1789140.0
02/10/2000,21.125000,21.250000,20.968750,20.968750,8.890843,2660600,-,8.452177,7.811486,8.637766,8.935894,1789824.0
02/09/2000,21.187500,21.468750,21.156250,21.250000,9.010091,4433000,-,8.456432,7.773326,8.590728,8.937219,1799348.0
02/08/2000,21.031250,21.250000,21.031250,21.187500,8.983595,1108200,-,8.459516,7.726686,8.534415,8.902769,1787708.0
02/07/2000,21.312500,21.437500,21.000000,21.000000,8.904093,1156000,-,8.461902,7.686670,8.482077,8.852418,1771748.0
02/04/2000,21.718750,21.750000,21.468750,21.500000,9.116096,5839000,-,8.464429,7.647715,8.411189,8.823268,1779792.0
02/03/2000,20.968750,21.843750,20.968750,21.750000,9.222097,1765400,-,8.465769,7.606639,8.329700,8.735817,1694108.0
02/02/2000,20.781250,21.156250,20.750000,20.843750,8.837843,1080000,-,8.468177,7.566624,8.242249,8.615241,1674496.0
02/01/2000,20.812500,21.062500,20.609350,20.781250,8.811343,2746000,-,8.472378,7.536944,8.156786,8.545015,1672308.0
01/31/2000,20.625000,20.875000,20.281250,20.875000,8.851094,2972200,-,8.476455,7.508323,8.075297,8.462864,1642664.0
01/28/2000,20.906250,21.250000,20.593750,20.593750,8.731845,3436000,-,8.479567,7.479438,8.001096,8.393963,1623848.0
01/27/2000,20.500000,21.093750,20.468750,21.000000,8.904093,9224200,-,8.481933,7.455058,7.932195,8.339637,1571536.0
01/26/2000,19.937500,20.562500,19.718750,20.437500,8.665589,1538000,-,8.482991,7.428292,7.846069,8.244237,1401128.0
01/25/2000,20.281250,20.281250,19.843750,20.000000,8.480089,2527600,-,8.487925,7.408417,7.775181,8.166061,1382644.0
01/24/2000,19.437500,20.500000,19.375000,20.312500,8.612591,2606000,-,8.493595,7.390927,7.716881,8.111735,1361032.0
01/21/2000,19.125000,19.531250,18.781250,19.437500,8.241586,3596200,-,8.498859,7.371582,7.653280,7.999109,1406696.0
01/20/2000,19.062500,19.093750,18.625000,18.906250,8.016334,961400,-,8.505530,7.360452,7.606905,7.923583,1371276.0
01/19/2000,18.906250,19.281250,18.843750,19.187500,8.135588,1042800,-,8.513583,7.356702,7.569804,7.869258,1380036.0
01/18/2000,19.125000,19.218750,18.625000,18.843750,7.989831,906800,-,8.521039,7.352136,7.523428,7.768556,1372592.0
01/14/2000,19.187500,19.500000,19.031250,19.250000,8.162088,1040000,-,8.528969,7.351791,7.479703,7.687730,1423972.0
01/13/2000,18.843750,19.406250,18.687500,19.312500,8.188585,1100600,-,8.535590,7.349570,7.424052,7.608229,1438688.0
01/12/2000,18.500000,18.937500,18.406250,18.750000,7.950084,1382200,-,8.541951,7.346035,7.370389,7.524753,1426692.0
01/11/2000,18.625000,18.843750,18.562500,18.593750,7.883834,974400,-,8.549440,7.347793,7.320039,7.447902,1417400.0
01/10/2000,18.406250,18.843750,18.281250,18.718750,7.936832,1020400,-,8.557516,7.349830,7.276976,7.384301,1412152.0
01/07/2000,17.687500,18.687500,17.500000,17.656250,7.486329,2686600,-,8.564624,7.350545,7.237888,7.322026,1423184.0
01/06/2000,17.437500,18.000000,17.187500,17.656250,7.486329,874200,-,8.573345,7.358964,7.214037,7.307451,1394648.0
01/05/2000,16.812500,17.875000,16.812500,17.625000,7.473076,1035200,-,8.580405,7.364508,7.192837,7.290226,1440344.0
01/04/2000,16.750000,17.062500,16.562500,16.812500,7.128572,890600,-,8.586507,7.368748,7.176937,7.270351,1469508.0
01/03/2000,17.250000,17.312500,16.500000,16.937500,7.181573,917400,-,8.594716,7.382230,7.175612,7.278301,1473820.0
12/31/1999,17.375000,17.500000,17.093750,17.375000,7.367078,868800,-,8.601765,7.393869,7.169650,7.271676,1471640.0
12/30/1999,16.812500,17.375000,16.812500,17.343750,7.353827,1064600,-,8.607759,7.402582,7.155074,7.239875,1463248.0
12/29/1999,17.062500,17.062500,16.750000,16.937500,7.181573,464200,-,8.612732,7.410514,7.128574,7.216025,1455464.0
12/28/1999,17.125000,17.281250,16.906250,17.093750,7.247824,1198800,-,8.618566,7.424766,7.118636,7.192175,1455028.0
12/27/1999,17.250000,17.562500,17.218750,17.250000,7.314077,706800,-,8.623430,7.435080,7.090149,7.169650,1446396.0
12/23/1999,17.343750,17.343750,17.218750,17.312500,7.340578,877400,-,8.627707,7.447205,7.073586,7.153749,1451184.0
12/22/1999,17.093750,17.250000,17.093750,17.250000,7.314077,1139200,-,8.631084,7.457232,7.054373,7.120624,1452320.0
12/21/1999,16.875000,17.312500,16.875000,17.156250,7.274327,1461000,-,8.634082,7.466482,7.041785,7.095449,1451688.0
12/20/1999,16.843750,17.062500,16.750000,17.000000,7.208074,981400,-,8.637343,7.475742,7.039135,7.083523,1440488.0
12/17/1999,16.625000,16.812500,16.625000,16.781250,7.115324,2625600,-,8.641447,7.488419,7.046423,7.072923,1432196.0
12/16/1999,16.687500,16.750000,16.562500,16.625000,7.049073,790600,-,8.645887,7.503212,7.059673,7.067623,1389724.0
12/15/1999,16.468750,16.812500,16.125000,16.781250,7.115324,1290000,-,8.649124,7.521945,7.077561,7.070273,1387020.0
12/14/1999,16.500000,16.593750,16.218750,16.375000,6.943073,1629800,-,8.650623,7.537522,7.097436,7.041122,1374816.0
12/13/1999,16.875000,16.875000,16.500000,16.562500,7.022571,683800,-,8.652280,7.560988,7.128574,7.045097,1367208.0
12/10/1999,16.656250,16.968750,16.656250,16.875000,7.155074,1250000,-,8.653220,7.579728,7.161037,7.010647,1373032.0
12/09/1999,16.843750,16.906250,16.437500,16.531250,7.009325,1468200,-,8.653881,7.593465,7.183562,6.993422,1396920.0
12/08/1999,16.781250,16.812500,16.500000,16.656250,7.062323,1556400,-,8.655463,7.604627,7.215362,6.988122,1390548.0
12/07/1999,16.875000,16.906250,16.656250,16.875000,7.155074,1734200,-,8.657547,7.613423,7.246500,6.988122,1408976.0
12/06/1999,16.843750,16.937500,16.562500,16.750000,7.102074,1324000,-,8.660317,7.625591,7.280189,6.994747,1398892.0
12/03/1999,16.656250,17.062500,16.437500,16.656250,7.062323,1515600,-,8.662778,7.641957,7.320449,7.019923,1429932.0
12/02/1999,15.968750,16.687500,15.937500,16.687500,7.075572,1864000,-,8.665373,7.653105,7.365963,7.051723,1480992.0
12/01/1999,16.187500,16.312500,15.968750,16.093750,6.823818,1475800,-,8.668733,7.671046,7.414737,7.084849,1463132.0
11/30/1999,15.937500,16.500000,15.937500,16.468750,6.982823,3136800,-,8.672648,7.697420,7.474137,7.153750,1451108.0
11/29/1999,16.125000,16.125000,15.375000,15.750000,6.678071,3851000,-,8.674444,7.726365,7.526894,7.212050,1406988.0
11/26/1999,16.437500,16.468750,16.375000,16.468750,6.982823,310200,-,8.677259,7.764280,7.592275,7.311427,1362516.0
11/24/1999,16.500000,16.593750,16.312500,16.406250,6.956321,1558200,-,8.678677,7.791656,7.641765,7.373702,1368196.0
11/23/1999,16.937500,17.000000,16.593750,16.656250,7.062323,1554800,-,8.680227,7.823222,7.689312,7.442603,1361596.0
11/22/1999,17.250000,17.312500,17.031250,17.031250,7.221327,784800,-,8.680553,7.850577,7.724371,7.504879,1351300.0
11/19/1999,17.281250,17.500000,17.250000,17.343750,7.353827,970600,-,8.680841,7.878411,7.747559,7.565631,1349820.0
11/18/1999,17.468750,17.656250,17.281250,17.406250,7.380331,1263800,-,8.681097,7.906210,7.770003,7.620975,1346032.0
11/17/1999,17.593750,17.656250,17.312500,17.468750,7.406827,2031400,-,8.681789,7.934262,7.789161,7.680204,1350100.0
11/16/1999,17.906250,18.031250,17.687500,17.718750,7.512825,820400,-,8.682852,7.959170,7.808955,7.744625,1336308.0
11/15/1999,17.968750,18.156250,17.812500,17.843750,7.565831,703800,-,8.683260,7.979084,7.820836,7.794525,1327480.0
11/12/1999,18.062500,18.156250,18.031250,18.093750,7.671832,613800,-,8.683339,8.001073,7.837254,7.841738,1331716.0
11/11/1999,18.031250,18.156250,17.812500,17.937500,7.605579,1447000,-,8.683519,8.017284,7.841837,7.873123,1328268.0
11/10/1999,18.125000,18.343750,17.750000,18.031250,7.645327,4889200,-,8.683778,8.036126,7.857575,7.909827,1321224.0
11/09/1999,18.656250,18.750000,18.156250,18.375000,7.685080,1825200,-,8.683649,8.053128,7.867405,7.936021,1251184.0
11/08/1999,18.843750,18.906250,18.656250,18.718750,7.828850,1399400,-,8.684015,8.071948,7.871979,7.943863,1227592.0
11/05/1999,19.187500,19.250000,18.812500,18.906250,7.907268,670600,-,8.682969,8.088939,7.867405,7.929486,1213800.0
11/04/1999,19.312500,19.312500,18.875000,19.062500,7.972617,3475800,-,8.681972,8.105930,7.864137,7.919030,1223908.0
11/03/1999,19.250000,19.312500,19.125000,19.250000,8.051039,1775800,-,8.680459,8.124751,7.858256,7.898119,1278484.0
11/02/1999,19.125000,19.406250,19.125000,19.156250,8.011826,500800,-,8.678490,8.139127,7.854988,7.873286,1256228.0
11/01/1999,19.000000,19.250000,19.000000,19.218750,8.037965,917600,-,8.677097,8.152222,7.849107,7.847146,1258988.0
10/29/1999,19.156250,19.218750,18.937500,19.093750,7.985685,712000,-,8.675825,8.167893,7.853028,7.832769,1256628.0
10/28/1999,19.031250,19.281250,18.906250,19.062500,7.972617,1572000,-,8.674309,8.179703,7.851721,7.810551,1259460.0
10/27/1999,18.468750,19.125000,18.468750,18.906250,7.907268,1259800,-,8.673553,8.189190,7.845186,7.805323,1239188.0
10/26/1999,18.406250,18.687500,18.406250,18.562500,7.763500,3159000,-,8.673187,8.201534,7.828195,7.798788,1228876.0
10/25/1999,18.625000,18.687500,18.375000,18.375000,7.685080,2493400,-,8.673791,8.218562,7.815125,7.800095,1170892.0
10/22/1999,18.656250,18.937500,18.562500,18.656250,7.802709,1106200,-,8.674978,8.239999,7.819046,7.805323,1134696.0
10/21/1999,18.656250,18.750000,18.281250,18.562500,7.763500,808400,-,8.676017,8.257535,7.824928,7.809244,1117968.0
10/20/1999,18.531250,18.781250,18.500000,18.656250,7.802709,449200,-,8.677505,8.278696,7.817739,7.818393,1108328.0
10/19/1999,19.000000,19.000000,18.531250,18.531250,7.750432,675400,-,8.679617,8.298297,7.826235,7.836691,1114200.0
10/18/1999,18.687500,18.937500,18.500000,18.875000,7.894197,442400,-,8.682179,8.318170,7.845839,7.851067,1110848.0
10/15/1999,18.937500,18.937500,18.375000,18.562500,7.763500,767200,-,8.684843,8.335683,7.872632,7.873286,1109864.0
10/14/1999,18.750000,18.968750,18.718750,18.937500,7.920336,946200,-,8.687655,8.357361,7.913149,7.892891,1111380.0
10/13/1999,18.531250,18.750000,18.312500,18.750000,7.841919,934200,-,8.689620,8.374351,7.934714,7.885049,1102668.0
10/12/1999,18.531250,18.625000,18.156250,18.593750,7.776570,1107600,-,8.691725,8.396269,7.969349,7.857602,1099648.0
10/11/1999,18.875000,18.875000,18.437500,18.500000,7.737361,901000,-,8.694914,8.415877,8.002024,7.830156,1090308.0
10/08/1999,18.875000,19.031250,18.656250,18.750000,7.841919,566800,-,8.698488,8.436269,8.045808,7.832770,1089812.0
10/07/1999,19.062500,19.125000,18.781250,18.781250,7.854988,502000,-,8.701224,8.455086,8.090899,7.840611,1111388.0
10/06/1999,19.000000,19.156250,18.906250,19.093750,7.985685,655400,-,8.704525,8.472609,8.137297,7.817085,1113348.0
10/05/1999,19.343750,19.437500,18.687500,18.875000,7.894197,679800,-,8.706857,8.489068,8.170626,7.815779,1124004.0
10/04/1999,19.062500,19.656250,19.062500,19.406250,8.116385,1249400,-,8.708701,8.510198,8.201340,7.840611,1127596.0
10/01/1999,18.812500,19.062500,18.593750,19.031250,7.959546,975000,-,8.708802,8.525851,8.228787,7.871979,1144456.0
09/30/1999,18.281250,19.156250,18.250000,18.750000,7.841919,2444400,-,8.708869,8.546449,8.254927,7.933407,1146392.0
09/29/1999,18.000000,18.406250,18.000000,18.093750,7.567454,1149600,-,8.709207,8.568366,8.290215,7.984379,1115220.0
09/28/1999,18.500000,18.562500,17.750000,17.937500,7.502102,2477800,-,8.710729,8.597323,8.336613,8.081096,1126864.0
09/27/1999,18.875000,19.062500,18.531250,18.562500,7.763500,1230000,-,8.713146,8.629911,8.392814,8.173892,1094124.0
09/24/1999,18.312500,19.375000,18.312500,18.937500,7.920336,2876000,-,8.714823,8.654947,8.438558,8.258847,1104740.0
09/23/1999,19.125000,19.312500,17.750000,18.218750,7.619730,4068600,-,8.716347,8.676329,8.480382,8.341187,1067756.0
09/22/1999,19.406250,19.500000,18.968750,19.062500,7.972617,971000,-,8.719562,8.702690,8.545078,8.457509,1009900.0
09/21/1999,19.906250,19.906250,19.187500,19.468750,8.142521,874600,-,8.721329,8.721993,8.584941,8.525473,1035100.0
09/20/1999,20.531250,20.687500,20.156250,20.156250,8.430060,930800,-,8.721553,8.734799,8.611142,8.562069,1037308.0
09/17/1999,19.968750,20.562500,19.968750,20.500000,8.573832,1627400,-,8.720402,8.743145,8.630717,8.585595,1036792.0
09/16/1999,20.187500,20.312500,19.812500,19.968750,8.351643,594200,-,8.718847,8.747324,8.630832,8.576446,1061656.0
09/15/1999,20.343750,20.562500,20.062500,20.406250,8.534624,1228200,-,8.717583,8.753622,8.635599,8.596051,1070136.0
09/14/1999,20.375000,20.437500,20.125000,20.156250,8.430060,1040000,-,8.716414,8.755744,8.635092,8.592130,1068796.0
09/13/1999,20.843750,20.843750,20.312500,20.593750,8.613044,710800,-,8.716209,8.760732,8.644333,8.611735,1072188.0
09/10/1999,20.937500,21.031250,20.750000,20.906250,8.743741,781200,-,8.715152,8.761544,8.651529,8.618269,1087012.0
09/09/1999,20.687500,21.062500,20.593750,21.000000,8.782950,1467200,-,8.713001,8.759742,8.648315,8.619576,1133412.0
09/08/1999,20.093750,20.687500,20.093750,20.687500,8.652252,1341800,-,8.710148,8.761547,8.650245,8.632646,1131652.0
09/07/1999,20.843750,20.843750,20.250000,20.343750,8.508487,379000,-,8.708296,8.767000,8.656772,8.644409,1152624.0
09/03/1999,20.312500,20.750000,20.312500,20.718750,8.665319,915600,-,8.707131,8.774552,8.668550,8.660215,1221936.0
09/02/1999,20.250000,20.375000,20.062500,20.281250,8.482341,441400,-,8.705182,8.783618,8.673778,8.675838,1304900.0
09/01/1999,20.312500,20.531250,20.250000,20.437500,8.547692,1094800,-,8.704085,8.802027,8.692029,8.685218,1326236.0
08/31/1999,20.531250,20.625000,20.218750,20.312500,8.495413,1387200,-,8.702220,8.821969,8.703139,8.675147,1322100.0
08/30/1999,20.875000,20.906250,20.593750,20.625000,8.626111,645600,-,8.700426,8.842699,8.725257,8.678053,1323900.0
08/27/1999,20.812500,20.937500,20.687500,20.750000,8.678387,709800,-,8.698106,8.864174,8.731800,8.676931,1379052.0
08/26/1999,20.937500,21.375000,20.875000,20.937500,8.756810,1176000,-,8.695713,8.885377,8.735729,8.684789,1418640.0
08/25/1999,20.750000,21.375000,20.687500,21.312500,8.913651,6204600,-,8.692108,8.908887,8.737028,8.677054,1422076.0
08/24/1999,21.062500,21.218750,20.875000,21.218750,8.769877,663000,-,8.687283,8.930293,8.727902,8.667844,1310944.0
08/23/1999,21.312500,21.343750,20.812500,20.968750,8.666551,638800,-,8.683052,8.954575,8.729839,8.669135,1316440.0
08/20/1999,20.875000,21.531250,20.781250,21.343750,8.821547,799600,-,8.679525,8.978082,8.744047,8.676885,1339360.0
08/19/1999,20.312500,20.875000,20.156250,20.750000,8.576138,853600,-,8.675036,8.996164,8.747921,8.671718,1365616.0
08/18/1999,20.687500,20.687500,20.312500,20.437500,8.446982,558400,-,8.671088,9.018896,8.768587,8.698841,1385540.0
08/17/1999,20.968750,20.968750,20.500000,20.625000,8.524479,744200,-,8.667475,9.040337,8.793127,8.731131,1404788.0
08/16/1999,21.281250,21.312500,20.812500,20.843750,8.614888,259800,-,8.662852,9.062552,8.817667,8.772462,1404624.0
08/13/1999,21.125000,21.312500,21.093750,21.187500,8.756964,683600,-,8.657901,9.081668,8.843499,8.786669,1424640.0
08/12/1999,21.281250,21.281250,21.000000,21.000000,8.679465,269800,-,8.651741,9.098716,8.856414,8.786669,1441760.0
08/11/1999,21.250000,21.343750,21.218750,21.343750,8.821547,326400,-,8.646281,9.118349,8.871914,8.797002,1455496.0
08/10/1999,21.281250,21.468750,21.218750,21.250000,8.782791,742800,-,8.640795,9.140047,8.877726,8.787960,1469932.0
08/09/1999,21.343750,21.343750,21.125000,21.156250,8.744049,507800,-,8.636001,9.166654,8.885475,8.790543,1472712.0
08/06/1999,21.281250,21.500000,20.968750,21.218750,8.769877,393200,-,8.630965,9.191452,8.887412,8.811209,1496464.0
08/05/1999,21.156250,21.562500,21.125000,21.406250,8.847371,843000,-,8.626049,9.219092,8.891287,8.824124,1590260.0
08/04/1999,21.593750,21.625000,21.187500,21.218750,8.769877,510600,-,8.620123,9.243633,8.888058,8.838332,1600012.0
08/03/1999,21.406250,21.656250,21.218750,21.625000,8.937786,783200,-,8.614147,9.272791,8.882892,8.855123,1628700.0
08/02/1999,21.218750,21.437500,21.000000,21.187500,8.756964,640600,-,8.608080,9.292455,8.868039,8.862872,1627236.0
07/30/1999,21.187500,21.312500,21.000000,21.187500,8.756964,876200,-,8.603229,9.314201,8.864164,8.900328,1635224.0
07/29/1999,21.000000,21.437500,21.000000,21.250000,8.782791,1645600,-,8.598627,9.336969,8.858997,8.926160,1652088.0
07/28/1999,21.343750,21.406250,21.062500,21.125000,8.731129,600000,-,8.592961,9.353596,8.852540,8.946826,1652988.0
07/27/1999,21.562500,21.687500,21.281250,21.312500,8.808626,1188200,-,8.588924,9.371767,8.859643,8.967491,1657480.0
07/26/1999,21.500000,21.750000,21.500000,21.656250,8.950701,859400,-,8.585434,9.386855,8.865456,8.980407,1692996.0
07/23/1999,21.656250,21.750000,21.437500,21.531250,8.899035,2092400,-,8.580299,9.403959,8.862227,8.963616,1717348.0
07/22/1999,21.718750,21.812500,21.593750,21.750000,8.989449,1071800,-,8.574425,9.420818,8.873205,8.958450,1704440.0
07/21/1999,21.812500,21.937500,21.562500,21.625000,8.937786,885800,-,8.566854,9.435868,8.893871,8.937784,1708112.0
07/20/1999,21.875000,21.968750,21.812500,21.812500,9.015279,1731800,-,8.559417,9.452208,8.924223,8.910661,1713896.0
07/19/1999,21.781250,22.093750,21.687500,22.093750,9.131523,840800,-,8.551156,9.468276,8.950055,8.873205,1698904.0
07/16/1999,21.781250,21.968750,21.781250,21.812500,9.015279,1760800,-,8.542126,9.481764,8.978470,8.827999,1750632.0
07/15/1999,21.625000,22.031250,21.609350,21.750000,8.989449,1026800,-,8.531623,9.497320,9.014634,8.791835,1730972.0
07/14/1999,21.625000,21.750000,21.531250,21.625000,8.937786,1175800,-,8.520937,9.513905,9.061777,8.758254,1767584.0
07/13/1999,21.437500,21.656250,21.406250,21.625000,8.937786,2231000,-,8.510260,9.531012,9.114086,8.751796,1760700.0
07/12/1999,21.281250,21.343750,21.156250,21.250000,8.782791,985000,-,8.498960,9.546329,9.166395,8.750504,1742928.0
07/09/1999,21.218750,21.406250,21.218750,21.406250,8.847371,905000,-,8.489183,9.565001,9.219351,8.760837,1782400.0
07/08/1999,21.062500,21.312500,20.875000,21.250000,8.782791,2870600,-,8.478958,9.582893,9.263265,8.787961,1801788.0
07/07/1999,20.906250,21.062500,20.906250,20.968750,8.666551,1018200,-,8.469244,9.599776,9.309762,8.849957,1766172.0
07/06/1999,20.906250,21.031250,20.812500,20.906250,8.640721,1161200,-,8.459923,9.615659,9.352385,8.937785,1759916.0
07/02/1999,20.812500,21.156250,20.812500,21.000000,8.679465,1209600,-,8.450607,9.631036,9.402111,9.026905,1763948.0
07/01/1999,20.812500,21.218750,20.687500,20.937500,8.653638,1452000,-,8.440973,9.645127,9.446671,9.128940,1765292.0
06/30/1999,21.500000,21.500000,20.875000,20.937500,8.653638,3101200,-,8.431281,9.666127,9.494459,9.237434,1789596.0
06/29/1999,21.593750,21.593750,21.437500,21.468750,8.873204,1379200,-,8.421090,9.686615,9.544831,9.365300,1752868.0
06/28/1999,21.500000,21.750000,21.500000,21.593750,8.924871,2390400,-,8.409740,9.701689,9.596495,9.476377,1744116.0
06/25/1999,22.000000,22.000000,21.375000,21.500000,8.886122,3844600,-,8.397695,9.712662,9.655908,9.582286,1734300.0
06/24/1999,22.687500,22.843750,22.031250,22.062500,9.118606,5063800,-,8.385532,9.719040,9.710800,9.677864,1678444.0
06/23/1999,23.000000,23.218750,22.687500,22.750000,9.402758,1508200,-,8.372518,9.718978,9.762464,9.738569,1611476.0
06/22/1999,23.187500,23.312500,23.031250,23.093750,9.544827,888000,-,8.357212,9.723973,9.796045,9.769567,1668380.0
06/21/1999,23.468750,23.531250,22.906250,23.062500,9.531918,1477200,-,8.341257,9.725359,9.830194,9.766984,1672616.0
06/18/1999,23.500000,23.562500,23.125000,23.468750,9.699821,3403200,-,8.325554,9.728026,9.849646,9.777317,1676016.0
06/17/1999,23.750000,23.781250,23.562500,23.562500,9.738572,2689200,-,8.310756,9.725545,9.856868,9.764401,1637208.0
06/16/1999,24.187500,24.468750,24.000000,24.031250,9.932304,1347800,-,8.296200,9.723312,9.864709,9.751485,1612144.0
06/15/1999,24.093750,24.375000,24.062500,24.156250,9.983968,648000,-,8.280613,9.717204,9.848800,9.724362,1709524.0
06/14/1999,23.687500,24.343750,23.656250,24.156250,9.983968,937800,-,8.263708,9.709040,9.831587,9.716613,1736316.0
06/11/1999,23.468750,23.812500,23.468750,23.812500,9.841896,1784800,-,8.246555,9.699087,9.810538,9.729529,1767648.0
06/10/1999,23.500000,23.562500,23.343750,23.531250,9.725657,2112400,-,8.229302,9.691463,9.808738,9.743736,1836480.0
06/09/1999,23.062500,23.531250,23.062500,23.500000,9.712740,1849800,-,8.212630,9.685908,9.809555,9.786359,1869900.0
06/08/1999,23.187500,23.312500,23.000000,23.031250,9.519001,1520800,-,8.195836,9.681635,9.811017,9.822523,1931020.0
06/07/1999,23.250000,23.312500,23.156250,23.312500,9.635241,736000,-,8.179450,9.678424,9.822805,9.893403,1965516.0
06/04/1999,23.375000,23.750000,23.031250,23.156250,9.570663,1260600,-,8.162545,9.670331,9.831977,9.921975,2026156.0
06/03/1999,23.500000,23.500000,22.812500,23.250000,9.609411,1539600,-,8.145776,9.656881,9.843739,9.949334,2037944.0
06/02/1999,23.937500,24.093750,23.343750,23.375000,9.661077,956600,-,8.128568,9.638565,9.852924,9.977933,2068320.0
06/01/1999,24.375000,24.406250,23.750000,23.968750,9.906477,1048200,-,8.110672,9.620751,9.860805,9.973238,2078748.0
05/28/1999,24.343750,24.500000,24.187500,24.468750,10.113130,881800,-,8.091366,9.594448,9.855137,9.946561,2108872.0
05/27/1999,24.468750,24.468750,24.031250,24.156250,9.983968,1695400,-,8.071394,9.563501,9.834662,9.891547,2112808.0
05/26/1999,24.625000,24.656250,24.250000,24.562500,10.151878,5083000,-,8.050842,9.530791,9.821284,9.873740,2110488.0
05/25/1999,25.062500,25.062500,24.500000,24.625000,10.074384,1330600,-,8.029389,9.494722,9.800789,9.832751,2064984.0
05/24/1999,24.500000,25.250000,24.468750,25.000000,10.227798,1945000,-,8.008446,9.457646,9.778416,9.799510,2056884.0
05/21/1999,24.156250,24.281250,24.000000,24.250000,9.920965,710000,-,7.986307,9.416479,9.740062,9.752207,2045024.0
05/20/1999,24.156250,24.218750,23.937500,24.062500,9.844254,1040000,-,7.965702,9.378381,9.714492,9.741979,2050716.0
05/19/1999,23.625000,24.218750,23.593750,24.187500,9.895396,1719400,-,7.945726,9.339771,9.691479,9.738144,2044232.0
05/18/1999,23.562500,23.687500,23.468750,23.500000,9.614130,1690600,-,7.925678,9.300394,9.681891,9.727916,2055420.0
05/17/1999,23.375000,23.625000,23.031250,23.562500,9.639704,824600,-,7.906975,9.268688,9.685087,9.748372,2057828.0
05/14/1999,23.843750,23.843750,23.250000,23.375000,9.562994,2964000,-,7.888389,9.235959,9.684448,9.763713,2096880.0
05/13/1999,23.812500,24.093750,23.781250,23.968750,9.805902,2077000,-,7.869942,9.198627,9.679973,9.777776,2073988.0
05/12/1999,23.781250,24.125000,23.656250,23.812500,9.741980,1447000,-,7.849974,9.150812,9.649929,9.768827,2054500.0
05/11/1999,23.906250,24.093750,23.781250,23.812500,9.741980,1255400,-,7.830264,9.101463,9.618606,9.768827,2050832.0
05/10/1999,23.937500,23.968750,23.750000,23.843750,9.754763,1175000,-,7.810492,9.050836,9.614131,9.757321,2056868.0
05/07/1999,24.000000,24.218750,23.812500,24.000000,9.818689,982200,-,7.790657,9.001487,9.607100,9.727916,2050344.0
05/06/1999,23.906250,24.062500,23.687500,23.968750,9.805902,3427200,-,7.770625,8.951626,9.599429,9.687005,2056312.0
05/05/1999,23.875000,24.000000,23.781250,23.937500,9.793117,777800,-,7.750411,8.905089,9.587923,9.644815,2001524.0
05/04/1999,23.812500,24.031250,23.625000,24.000000,9.818689,2857400,-,7.730077,8.863411,9.579613,9.635865,2035636.0
05/03/1999,23.687500,24.000000,23.687500,23.937500,9.793117,831600,-,7.709555,8.818920,9.570024,9.621802,2000460.0
04/30/1999,23.718750,23.843750,23.500000,23.718750,9.703624,1342400,-,7.688853,8.774685,9.559157,9.605182,2050232.0
04/29/1999,23.750000,23.843750,23.625000,23.750000,9.716410,2958600,-,7.668722,8.735564,9.548290,9.582170,2195648.0
04/28/1999,23.531250,23.812500,23.531250,23.812500,9.741980,1874400,-,7.648465,8.693374,9.535505,9.531031,2192452.0
04/27/1999,23.375000,23.562500,23.250000,23.531250,9.626919,1089800,-,7.628203,8.645374,9.520803,9.468385,2184948.0
04/26/1999,23.000000,23.125000,22.812500,23.125000,9.460717,705400,-,7.609007,8.597658,9.514410,9.470942,2191940.0
04/23/1999,22.968750,23.312500,22.906250,23.000000,9.409575,1362800,-,7.590397,8.553770,9.509296,9.486283,2200220.0
04/22/1999,23.375000,23.562500,22.875000,22.937500,9.384002,1276800,-,7.572226,8.510905,9.500347,9.511853,2197780.0
04/21/1999,23.656250,23.718750,23.500000,23.718750,9.703624,2667200,-,7.554306,8.465776,9.476056,9.531031,2240408.0
04/20/1999,23.437500,23.812500,23.406250,23.656250,9.678055,1264800,-,7.534726,8.417282,9.425557,9.523360,2216028.0
04/19/1999,23.281250,23.812500,23.250000,23.531250,9.626919,941600,-,7.515642,8.371822,9.380171,9.518247,2228392.0
04/16/1999,22.750000,23.156250,22.562500,23.156250,9.473498,1899600,-,7.496508,8.329656,9.328392,9.513132,2230240.0
04/15/1999,22.312500,22.750000,22.312500,22.500000,9.205019,1051800,-,7.477772,8.292577,9.283007,9.514410,2216088.0
04/14/1999,23.187500,23.250000,22.250000,22.281250,9.115525,1715400,-,7.460195,8.260363,9.240178,9.539980,2220004.0
04/13/1999,23.625000,23.750000,23.500000,23.593750,9.652488,4353400,-,7.442575,8.229687,9.201824,9.573220,2201248.0
04/12/1999,23.718750,23.875000,23.406250,23.500000,9.614130,1099800,-,7.422270,8.190794,9.130229,9.557878,2155852.0
04/09/1999,23.468750,23.625000,23.406250,23.625000,9.665274,1647200,-,7.402463,8.151659,9.057995,9.532309,2156688.0
04/08/1999,23.531250,23.812500,23.312500,23.406250,9.575775,1462800,-,7.382462,8.110744,8.975534,9.488841,2144068.0
04/07/1999,23.562500,23.656250,23.312500,23.531250,9.626919,1436000,-,7.362970,8.074395,8.892433,9.421082,2157232.0
04/06/1999,23.437500,23.562500,23.312500,23.531250,9.626919,6216800,-,7.343529,8.034247,8.807414,9.327753,2143760.0
04/05/1999,23.468750,23.468750,23.250000,23.406250,9.575775,1987600,-,7.324456,7.995866,8.727509,9.242095,2042948.0
04/01/1999,23.125000,23.343750,23.031250,23.187500,9.486280,2504400,-,7.305454,7.957750,8.648883,9.143653,2025312.0
03/31/1999,23.187500,23.437500,23.125000,23.125000,9.460717,5226400,-,7.286777,7.921173,8.559390,9.051603,1994104.0
03/30/1999,23.156250,23.250000,22.968750,23.093750,9.447927,3783400,-,7.268964,7.886620,8.457112,8.940375,1905216.0
03/29/1999,22.781250,23.218750,22.750000,23.218750,9.499068,4905800,-,7.250908,7.853332,8.348442,8.830427,1845004.0
03/26/1999,22.593750,23.218750,22.562500,22.875000,9.358439,3245600,-,7.232780,7.817003,8.234019,8.702580,1772692.0
03/25/1999,22.156250,22.625000,22.093750,22.562500,9.230590,3768000,-,7.214559,7.786262,8.130462,8.583681,1757280.0
03/24/1999,21.375000,21.750000,21.281250,21.750000,8.898187,1850000,-,7.196302,7.758330,8.035215,8.462226,1718924.0
03/23/1999,21.312500,21.500000,21.062500,21.250000,8.693627,3058400,-,7.179278,7.738055,7.964260,8.363783,1711668.0
03/22/1999,20.968750,21.437500,20.937500,21.437500,8.770339,1478000,-,7.163338,7.722629,7.915039,8.287075,1684048.0
03/19/1999,20.875000,21.312500,20.843750,21.000000,8.591351,2554400,-,7.147076,7.707434,7.856229,8.212923,1707908.0
03/18/1999,20.531250,20.937500,20.500000,20.937500,8.565782,1078600,-,7.132261,7.696829,7.805729,8.154114,1717180.0
03/17/1999,20.375000,20.562500,20.312500,20.406250,8.348442,1579400,-,7.117512,7.690014,7.764818,8.067178,1709432.0
03/16/1999,20.125000,20.500000,20.093750,20.406250,8.348442,2807800,-,7.104034,7.688304,7.727742,7.973849,1712068.0
03/15/1999,20.000000,20.281250,19.937500,20.093750,8.220598,925600,-,7.090004,7.689873,7.677420,7.866457,1666076.0
03/12/1999,19.625000,20.312500,19.625000,19.968750,8.169455,1352000,-,7.076430,7.691981,7.628445,7.765457,1658880.0
03/11/1999,19.375000,19.843750,19.375000,19.593750,8.016038,994600,-,7.062314,7.694860,7.583288,7.677242,1646580.0
03/10/1999,19.375000,19.562500,19.281250,19.343750,7.913757,715800,-,7.048781,7.699797,7.545802,7.608205,1636964.0
03/09/1999,19.562500,19.718750,19.312500,19.375000,7.926544,2278800,-,7.035637,7.709808,7.506491,7.564737,1629996.0
03/08/1999,19.687500,19.750000,19.468750,19.625000,8.028824,1811000,-,7.022613,7.720320,7.474111,7.543002,1596808.0
03/05/1999,19.437500,19.562500,19.093750,19.562500,8.003256,2777200,-,7.009445,7.727525,7.442924,7.499534,1577000.0
03/04/1999,18.062500,18.812500,18.031250,18.812500,7.696423,1819400,-,6.995731,7.737764,7.418692,7.457344,1552272.0
03/03/1999,17.843750,18.125000,17.750000,18.125000,7.415156,1102600,-,6.982769,7.752878,7.414848,7.462457,1552740.0
03/02/1999,17.625000,18.000000,17.562500,17.781250,7.274522,1263600,-,6.970972,7.769833,7.423806,7.481634,1544160.0
03/01/1999,17.687500,17.687500,17.281250,17.625000,7.210598,1557200,-,6.957350,7.787078,7.439164,7.488383,1565972.0
02/26/1999,17.812500,17.937500,17.625000,17.812500,7.287305,848800,-,6.943687,7.802321,7.464027,7.491432,1561440.0
02/25/1999,18.281250,18.281250,17.750000,17.906250,7.325661,1280600,-,6.930002,7.814769,7.482531,7.489333,1574164.0
02/24/1999,18.843750,18.843750,18.156250,18.281250,7.479076,687800,-,6.916426,7.825693,7.497225,7.483399,1592924.0
02/23/1999,18.562500,18.937500,18.500000,18.843750,7.709202,2483400,-,6.901902,7.835819,7.511186,7.448246,1611116.0
02/22/1999,18.531250,18.625000,18.312500,18.562500,7.594141,1098600,-,6.885625,7.843613,7.506703,7.405219,1600788.0
02/19/1999,18.875000,18.875000,18.500000,18.531250,7.581356,3320200,-,6.870105,7.856232,7.512389,7.386313,1605472.0
02/18/1999,18.656250,19.062500,18.500000,18.937500,7.747557,8613200,-,6.854829,7.869863,7.516821,7.380039,1555984.0
02/17/1999,18.250000,19.000000,18.218750,18.843750,7.606925,2798800,-,6.839023,7.881431,7.512312,7.367238,1429136.0
02/16/1999,18.125000,18.281250,18.093750,18.187500,7.342006,1499200,-,6.824100,7.893037,7.518620,7.365977,1403104.0
02/12/1999,17.968750,18.031250,17.781250,17.937500,7.241088,1439400,-,6.810322,7.910194,7.540697,7.389946,1396328.0
02/11/1999,17.875000,18.062500,17.812500,18.000000,7.266317,1119400,-,6.795423,7.930631,7.562773,7.436622,1378724.0
02/10/1999,17.937500,18.125000,17.781250,18.000000,7.266317,1240800,-,6.780639,7.947283,7.590526,7.475729,1372648.0
02/09/1999,18.062500,18.093750,17.656250,17.656250,7.127551,3408200,-,6.765794,7.967971,7.618910,7.511051,1352408.0
02/08/1999,18.281250,18.375000,17.968750,18.031250,7.278930,1448200,-,6.751704,7.993202,7.656755,7.574127,1299832.0
02/05/1999,18.625000,18.718750,18.156250,18.343750,7.405084,1883000,-,6.736796,8.015657,7.688924,7.608188,1294296.0
02/04/1999,18.875000,18.906250,18.562500,18.625000,7.518618,1034000,-,6.721559,8.033822,7.719201,7.638464,1299244.0
02/03/1999,18.906250,19.062500,18.750000,18.875000,7.619542,1192000,-,6.705453,8.047699,7.746323,7.653603,1297396.0
02/02/1999,18.687500,18.906250,18.687500,18.812500,7.594316,1247600,-,6.688541,8.060945,7.776599,7.657387,1304872.0
02/01/1999,19.000000,19.031250,18.687500,18.781250,7.581695,777600,-,6.671696,8.074569,7.810029,7.671263,1313028.0
01/29/1999,19.031250,19.156250,18.625000,19.093750,7.707848,2083600,-,6.654552,8.088446,7.852290,7.691447,1326176.0
01/28/1999,18.875000,19.203100,18.750000,18.968750,7.657383,1141600,-,6.637259,8.099547,7.883197,7.688924,1302248.0
01/27/1999,19.187500,19.250000,18.812500,18.875000,7.619542,1016200,-,6.619737,8.109892,7.915997,7.705324,1289760.0
01/26/1999,19.187500,19.437500,19.093750,19.218750,7.758307,2121000,-,6.602043,8.120236,7.948165,7.726770,1291124.0
01/25/1999,19.218750,19.218750,18.875000,18.875000,7.619542,762400,-,6.584197,8.128310,7.980965,7.739384,1288028.0
01/22/1999,18.937500,19.093750,18.781250,19.093750,7.707848,1176200,-,6.567165,8.139916,8.022595,7.769661,1400976.0
01/21/1999,19.093750,19.218750,18.937500,19.000000,7.670002,1105800,-,6.549451,8.146475,8.056656,7.799937,1404404.0
01/20/1999,19.031250,19.125000,18.812500,18.968750,7.657383,944000,-,6.532107,8.152048,8.098916,7.839044,1412844.0
01/19/1999,19.156250,19.218750,18.906250,19.156250,7.733076,782000,-,6.515006,8.157375,8.138654,7.895812,1439368.0
01/15/1999,19.000000,19.281250,18.937500,19.281250,7.783541,772800,-,6.497767,8.161935,8.165146,7.948796,1457720.0
01/14/1999,19.312500,19.375000,18.875000,19.031250,7.682616,1290200,-,6.480397,8.164738,8.182807,8.013133,1473452.0
01/13/1999,19.406250,19.687500,19.187500,19.375000,7.821383,2475000,-,6.463291,8.166819,8.197315,8.077470,1489560.0
01/12/1999,19.531250,20.000000,19.312500,19.406250,7.833998,1850200,-,6.445249,8.164879,8.201730,8.126670,1475776.0
01/11/1999,19.500000,19.593750,19.406250,19.531250,7.884456,1487200,-,6.426904,8.160195,8.203622,8.169561,1510992.0
01/08/1999,19.750000,19.781250,19.500000,19.625000,7.922306,1677400,-,6.408187,8.155000,8.208668,8.222545,1555412.0
01/07/1999,19.843750,20.031250,19.562500,19.843750,8.010609,2671000,-,6.389641,8.147054,8.217499,8.275529,1549776.0
01/06/1999,20.125000,20.156250,19.937500,19.968750,8.061070,3018000,-,6.370774,8.138589,8.228222,8.313374,1547280.0
01/05/1999,20.531250,20.562500,20.250000,20.375000,8.225068,691200,-,6.351595,8.131855,8.238314,8.358789,1539768.0
01/04/1999,20.687500,20.937500,20.437500,20.468750,8.262913,1711200,-,6.331475,8.123835,8.243360,8.381496,1599964.0
12/31/1998,20.625000,20.875000,20.562500,20.875000,8.426909,508200,-,6.310865,8.113313,8.239576,8.381496,1647452.0
12/30/1998,20.625000,20.718750,20.531250,20.625000,8.325992,565800,-,6.289616,8.100508,8.228222,8.352481,1757420.0
12/29/1998,20.468750,20.750000,20.437500,20.593750,8.313377,737000,-,6.268570,8.087230,8.225068,8.317159,1793112.0
12/28/1998,20.843750,20.843750,20.437500,20.468750,8.262913,513800,-,6.247708,8.072460,8.214345,8.276790,1826348.0
12/24/1998,20.937500,21.031250,20.687500,20.843750,8.414294,367400,-,6.227399,8.061689,8.216237,8.237683,1898204.0
12/23/1998,20.875000,20.937500,20.593750,20.937500,8.452143,619400,-,6.206273,8.049137,8.214976,8.194792,1953784.0
12/22/1998,21.031250,21.093750,20.687500,20.781250,8.389065,820600,-,6.184537,8.036824,8.212453,8.159469,1997468.0
12/21/1998,20.906250,21.093750,20.781250,21.093750,8.515215,1540800,-,6.163416,8.022035,8.208668,8.143069,2052372.0
12/18/1998,20.343750,21.000000,20.343750,20.937500,8.452143,1842800,-,6.141304,8.010205,8.193530,8.117839,2207188.0
12/17/1998,20.187500,20.562500,20.093750,20.468750,8.262913,673600,-,6.119507,8.003374,8.185014,8.105224,2277952.0
12/16/1998,19.750000,20.312500,19.750000,20.156250,8.136761,2354200,-,6.097874,7.996590,8.185645,8.097655,2375200.0
12/15/1998,19.593750,19.750000,19.593750,19.750000,7.972764,1330600,-,6.076872,7.988342,8.192584,8.103963,2402776.0
12/14/1998,19.437500,19.718750,19.343750,19.593750,7.909688,1485000,-,6.056690,7.978391,8.207091,8.132978,2431416.0
12/11/1998,19.562500,19.781250,19.375000,19.500000,7.871844,2218600,-,6.036462,7.969203,8.220337,8.151901,2464980.0
12/10/1998,20.000000,20.062500,19.781250,19.781250,7.985382,1597400,-,6.016182,7.959027,8.233583,8.194792,2505720.0
12/09/1998,20.437500,20.437500,20.000000,20.062500,8.098917,1967000,-,5.995335,7.945834,8.242413,8.235160,2538548.0
12/08/1998,20.375000,20.593750,20.312500,20.375000,8.225068,1332800,-,5.973920,7.922146,8.247459,8.265436,2521028.0
12/07/1998,20.687500,20.718750,20.375000,20.468750,8.262913,845800,-,5.951693,7.894690,8.237998,8.274267,2520716.0
12/04/1998,20.312500,20.750000,20.312500,20.625000,8.325992,2270800,-,5.929338,7.865481,8.222284,8.269221,2541428.0
12/03/1998,20.343750,20.625000,20.250000,20.281250,8.187222,1497200,-,5.906908,7.832518,8.202170,8.264805,2574224.0
12/02/1998,20.343750,20.562500,20.218750,20.312500,8.199838,1160400,-,5.885232,7.805320,8.190864,8.273635,2583856.0
12/01/1998,20.062500,20.687500,20.062500,20.468750,8.262913,559200,-,5.863553,7.777372,8.177057,8.281205,2609084.0
11/30/1998,20.531250,20.625000,20.062500,20.062500,8.098917,815600,-,5.841439,7.748910,8.153245,8.281205,2619064.0
11/27/1998,20.750000,20.750000,20.562500,20.562500,8.300756,228800,-,5.819850,7.722980,8.134518,8.288774,2669308.0
11/25/1998,20.562500,20.906250,20.531250,20.781250,8.389065,779400,-,5.797547,7.692516,8.099470,8.272374,2704664.0
11/24/1998,20.531250,20.906250,20.531250,20.812500,8.401679,1171400,-,5.774625,7.659786,8.061251,8.249667,2722652.0
11/23/1998,20.375000,20.750000,20.281250,20.593750,8.313377,2130400,-,5.751934,7.626057,8.017419,8.229483,2730336.0
11/20/1998,20.562500,20.562500,20.343750,20.343750,8.212452,941600,-,5.729567,7.592101,7.981117,8.201729,2702712.0
11/19/1998,20.562500,20.656250,20.375000,20.515600,8.281829,1565800,-,5.707588,7.559913,7.956713,8.175347,2714116.0
11/18/1998,20.531250,20.656250,20.437500,20.500000,8.275530,1655400,-,5.685085,7.524595,7.933824,8.139535,2732404.0
11/17/1998,20.437500,20.812500,20.312500,20.500000,8.275530,1435000,-,5.661615,7.488156,7.906889,8.108092,2732792.0
11/16/1998,20.125000,20.468750,20.062500,20.468750,8.262913,887200,-,5.638205,7.452963,7.882446,8.072910,2744428.0
11/13/1998,20.156250,20.406250,20.093750,20.250000,8.174608,517200,-,5.614975,7.414534,7.852404,8.025286,2755144.0
11/12/1998,20.156250,20.312500,20.093750,20.156250,8.136761,1084400,-,5.591892,7.378120,7.822418,7.980262,2802904.0
11/11/1998,20.312500,20.312500,20.062500,20.218750,8.161990,1966200,-,5.569645,7.343211,7.801798,7.926565,2833784.0
11/10/1998,20.093750,20.343750,20.093750,20.312500,8.199838,6409800,-,5.547507,7.314774,7.783032,7.872836,2847552.0
11/09/1998,19.937500,20.250000,19.937500,20.156250,8.035843,1347600,-,5.525297,7.287324,7.764865,7.805356,2802100.0
11/06/1998,19.812500,19.968750,19.781250,19.937500,7.948630,1527800,-,5.506255,7.262905,7.745554,7.760504,2813824.0
11/05/1998,19.906250,20.093750,19.781250,19.875000,7.923712,2270200,-,5.487826,7.235994,7.744308,7.738079,2819388.0
11/04/1998,20.125000,20.187500,19.781250,19.968750,7.961093,1699600,-,5.470167,7.208585,7.753652,7.728112,2814392.0
11/03/1998,19.593750,19.968750,19.562500,19.875000,7.923712,1559400,-,5.452438,7.177189,7.751783,7.705686,2805372.0
11/02/1998,19.281250,19.625000,19.281250,19.531250,7.786669,2095600,-,5.434720,7.146541,7.741816,7.691982,2804856.0
10/30/1998,19.062500,19.562500,19.031250,19.375000,7.724374,1785800,-,5.417571,7.117886,7.726243,7.679523,2828672.0
10/29/1998,19.187500,19.218750,18.875000,19.062500,7.599787,3611000,-,5.400732,7.088234,7.712538,7.664573,2829408.0
10/28/1998,19.000000,19.187500,18.937500,19.125000,7.624701,3708200,-,5.385104,7.061323,7.700703,7.677032,3052276.0
10/27/1998,19.218750,19.250000,18.625000,18.875000,7.525034,1395600,-,5.369175,7.033167,7.685753,7.693228,3079840.0
10/26/1998,19.406250,19.562500,19.031250,19.031250,7.587328,2546200,-,5.353979,7.006023,7.655229,7.724375,3080412.0
10/23/1998,19.625000,19.718750,19.375000,19.375000,7.724374,2642400,-,5.338472,6.975916,7.618476,7.730604,3058512.0
10/22/1998,19.406250,19.843750,19.406250,19.625000,7.824048,3701000,-,5.322455,6.942333,7.572379,7.750538,3035648.0
10/21/1998,19.593750,19.718750,19.375000,19.406250,7.736833,4085600,-,5.305588,6.908227,7.515069,7.779192,3012248.0
10/20/1998,19.343750,19.812500,19.312500,19.531250,7.786669,6006600,-,5.289568,6.870961,7.469594,7.797880,2944668.0
10/19/1998,19.125000,19.468750,19.093750,19.218750,7.662081,2350400,-,5.273358,6.832453,7.420383,7.791651,2844468.0
10/16/1998,19.406250,19.406250,18.875000,19.000000,7.574873,2398800,-,5.258064,6.796928,7.379269,7.772963,2824020.0
10/15/1998,19.531250,19.531250,19.031250,19.375000,7.724374,4106600,-,5.242971,6.761430,7.340647,7.760504,2791608.0
10/14/1998,19.656250,20.062500,19.437500,19.531250,7.786669,3146400,-,5.226955,6.722941,7.293304,7.724374,2724376.0
10/13/1998,19.437500,19.812500,19.375000,19.656250,7.836501,2803600,-,5.211155,6.684188,7.241600,7.678277,2698868.0
10/12/1998,20.000000,20.000000,18.750000,19.187500,7.649621,3565800,-,5.195107,6.645174,7.185536,7.586083,2681896.0
10/09/1998,20.312500,20.312500,19.437500,19.875000,7.923712,9281600,-,5.179640,6.609652,7.133833,7.506348,2630696.0
10/08/1998,19.750000,20.500000,19.625000,20.343750,8.110591,5381000,-,5.163214,6.569630,7.067802,7.394219,2463908.0
10/07/1998,19.500000,19.937500,19.343750,19.875000,7.923712,5536000,-,5.145971,6.524889,6.988066,7.250945,2369952.0
10/06/1998,18.812500,19.500000,18.781250,19.375000,7.724374,3733000,-,5.128724,6.482659,6.914560,7.141308,2273296.0
10/05/1998,18.750000,18.781250,18.343750,18.750000,7.475202,2762600,-,5.112355,6.444171,6.854136,7.049114,2208636.0
10/02/1998,18.500000,19.000000,18.500000,18.687500,7.450282,3163200,-,5.096938,6.410421,6.797449,6.985575,2175904.0
10/01/1998,18.375000,18.593750,18.250000,18.468750,7.363075,4255600,-,5.081118,6.377169,6.742630,6.920790,2133272.0
09/30/1998,17.500000,18.375000,17.500000,18.375000,7.325698,3238800,-,5.065793,6.346152,6.694041,6.862234,2068304.0
09/29/1998,17.250000,17.343750,17.062500,17.343750,6.914560,1091000,-,5.050713,6.314902,6.664764,6.804924,2021460.0
09/28/1998,17.031250,17.250000,16.906250,17.187500,6.852268,1317200,-,5.038452,6.291139,6.660403,6.784990,2015644.0
09/25/1998,16.750000,17.312500,16.750000,17.062500,6.802432,1881400,-,5.027677,6.268376,6.658534,6.761318,2011020.0
09/24/1998,17.000000,17.187500,16.343750,16.750000,6.677844,3910600,-,5.016799,6.245384,6.648567,6.741384,1997280.0
09/23/1998,17.156250,17.156250,16.875000,17.125000,6.827349,1978800,-,5.006367,6.225374,6.642338,6.725188,1931360.0
09/22/1998,17.093750,17.375000,17.000000,17.062500,6.802432,2421800,-,4.995423,6.202128,6.620535,6.687812,1923576.0
09/21/1998,17.093750,17.218750,16.937500,17.156250,6.839806,1058200,-,4.984427,6.179872,6.599978,6.659157,1887724.0
09/18/1998,17.000000,17.312500,16.937500,17.062500,6.802432,3327800,-,4.973480,6.158830,6.575684,6.609323,1886300.0
09/17/1998,16.812500,17.000000,16.625000,17.000000,6.777517,1996600,-,4.962778,6.137554,6.547652,6.564471,1838664.0
09/16/1998,16.718750,16.937500,16.562500,16.937500,6.752594,1678800,-,4.952376,6.117512,6.521489,6.525849,1809288.0
09/15/1998,16.531250,16.843750,16.531250,16.843750,6.715221,1555600,-,4.941454,6.098460,6.494703,6.524604,1801000.0
09/14/1998,16.531250,16.656250,16.406250,16.593750,6.615550,749200,-,4.930718,6.079910,6.467333,6.535817,1793236.0
09/11/1998,16.343750,16.718750,16.062500,16.562500,6.603094,1511800,-,4.920657,6.064824,6.440655,6.555751,1813712.0
09/10/1998,16.125000,16.375000,16.062500,16.343750,6.515884,2480200,-,4.910188,6.048761,6.412761,6.555751,1831052.0
09/09/1998,16.375000,16.375000,16.031250,16.187500,6.453588,1674800,-,4.900155,6.032972,6.392906,6.559488,1824064.0
09/08/1998,15.968750,16.437500,15.875000,16.343750,6.515884,2016800,-,4.890434,6.017692,6.363903,6.553259,1819184.0
09/04/1998,15.937500,16.125000,15.687500,15.906250,6.341460,1423000,-,4.880108,5.999204,6.331172,6.540800,1790244.0
09/03/1998,15.937500,16.250000,15.781250,15.937500,6.353919,2905200,-,4.870360,5.984205,6.308389,6.542046,1782776.0
09/02/1998,16.593750,16.750000,15.875000,16.031250,6.391295,2628400,-,4.860256,5.970183,6.280692,6.530833,1778360.0
09/01/1998,17.125000,17.250000,16.343750,16.906250,6.740142,2654600,-,4.849672,5.955659,6.251125,6.517128,1739860.0
08/31/1998,17.062500,17.562500,17.062500,17.125000,6.827349,4137200,-,4.837285,5.934403,6.206568,6.464802,1702472.0
08/28/1998,16.500000,17.187500,16.406250,17.093750,6.814891,1933800,-,4.824462,5.912629,6.159491,6.398849,1643704.0
08/27/1998,16.250000,16.812500,16.250000,16.562500,6.603094,1806000,-,4.811150,5.892576,6.112423,6.325560,1642132.0
08/26/1998,16.250000,16.500000,16.125000,16.437500,6.553256,2020400,-,4.798614,5.876023,6.078398,6.269771,1630876.0
08/25/1998,16.093750,16.187500,15.937500,16.031250,6.391295,1248600,-,4.786158,5.859976,6.044412,6.226323,1611892.0
08/24/1998,16.000000,16.093750,15.906250,16.031250,6.391295,1533600,-,4.774625,5.850111,6.015458,6.174547,1620044.0
08/21/1998,15.562500,15.968750,15.437500,15.937500,6.353919,3286400,-,4.763374,5.839020,5.985892,6.121545,1618468.0
08/20/1998,15.625000,15.718750,15.500000,15.656250,6.241791,1822600,-,4.752310,5.829413,5.957581,6.074733,1586744.0
08/19/1998,15.750000,15.750000,15.500000,15.687500,6.254251,14754400,-,4.741750,5.818859,5.934876,6.030550,1603016.0
08/18/1998,15.656250,15.843750,15.562500,15.843750,6.216875,5086400,-,4.731015,5.805359,5.912775,5.985122,1333380.0
08/17/1998,15.593750,15.812500,15.593750,15.718750,6.167827,1424200,-,4.720128,5.790890,5.890091,5.948335,1262636.0
08/14/1998,15.437500,15.718750,15.343750,15.500000,6.081993,1451200,-,4.709486,5.777647,5.868019,5.920132,1250656.0
08/13/1998,15.500000,15.656250,15.312500,15.406250,6.045206,1499200,-,4.699556,5.766366,5.849625,5.899286,1268040.0
08/12/1998,15.093750,15.640600,15.031250,15.593750,6.118780,2531000,-,4.689415,5.758028,5.830006,5.887024,1278776.0
08/11/1998,14.812500,15.000000,14.750000,14.968750,5.873533,706600,-,4.679470,5.747973,5.807934,5.862500,1251492.0
08/10/1998,14.875000,15.093750,14.750000,14.937500,5.861274,996600,-,4.671146,5.743558,5.797511,5.856369,1280300.0
08/07/1998,14.781250,15.062500,14.593750,15.000000,5.885799,1328000,-,4.663166,5.737182,5.788928,5.850238,1322712.0
08/06/1998,14.656250,14.812500,14.531250,14.781250,5.799964,778200,-,4.655063,5.729580,5.784023,5.840429,1360664.0
08/05/1998,14.812500,14.875000,14.500000,14.781250,5.799964,745000,-,4.646938,5.720506,5.780958,5.839203,1390008.0
08/04/1998,15.093750,15.125000,14.875000,14.906250,5.849010,1871000,-,4.638305,5.710696,5.779732,5.840429,1413612.0
08/03/1998,14.875000,15.062500,14.593750,15.000000,5.885799,1955000,-,4.629257,5.699415,5.777279,5.831846,1403544.0
07/31/1998,15.125000,15.125000,14.906250,14.968750,5.873533,1005800,-,4.619913,5.688134,5.772375,5.815905,1387376.0
07/30/1998,14.968750,15.156250,14.937500,15.093750,5.922586,942200,-,4.610969,5.678570,5.771762,5.799964,1628552.0
07/29/1998,14.875000,14.968750,14.843750,14.968750,5.873533,683200,-,4.601497,5.665327,5.765631,5.772988,1663428.0
07/28/1998,14.781250,14.937500,14.750000,14.812500,5.812228,703200,-,4.592440,5.649935,5.758273,5.753369,1700880.0
07/27/1998,14.750000,14.906250,14.625000,14.781250,5.799964,500000,-,4.583633,5.634806,5.752142,5.738654,1804956.0
07/24/1998,14.750000,14.843750,14.656250,14.750000,5.787704,1126000,-,4.575113,5.609811,5.741720,5.727618,1814668.0
07/23/1998,14.750000,14.843750,14.500000,14.750000,5.787704,1031600,-,4.567218,5.583617,5.731910,5.727618,1812796.0
07/22/1998,14.687500,14.875000,14.625000,14.812500,5.812228,1007200,-,4.559493,5.558867,5.725166,5.722713,1814144.0
07/21/1998,14.656250,14.687500,14.468750,14.687500,5.763180,896600,-,4.551701,5.534831,5.717808,5.719034,1818416.0
07/20/1998,14.562500,14.625000,14.437500,14.593750,5.726391,800200,-,4.544380,5.511053,5.713516,5.722713,1825640.0
07/17/1998,14.500000,14.625000,14.406250,14.562500,5.714127,1086000,-,4.537074,5.485603,5.714129,5.728844,1828524.0
07/16/1998,14.375000,14.437500,14.250000,14.406250,5.652819,1194400,-,4.529661,5.461121,5.719035,5.743559,1817556.0
07/15/1998,14.437500,14.468750,14.281250,14.468750,5.677343,614600,-,4.522553,5.438588,5.725166,5.758273,1824608.0
07/14/1998,14.750000,14.750000,14.375000,14.437500,5.665079,1589600,-,4.515098,5.416767,5.728844,5.763178,1834160.0
07/13/1998,14.687500,14.750000,14.406250,14.500000,5.689607,629200,-,4.507985,5.395914,5.740493,5.765631,1832676.0
07/10/1998,14.562500,14.843750,14.468750,14.750000,5.787704,987000,-,4.500412,5.373849,5.747850,5.755821,1863628.0
07/09/1998,14.593750,14.750000,14.562500,14.625000,5.738655,946000,-,4.492687,5.343321,5.752142,5.736202,1861180.0
07/08/1998,14.843750,14.843750,14.687500,14.718750,5.775441,527800,-,4.485489,5.314737,5.750916,5.727618,1856568.0
07/07/1998,14.781250,15.000000,14.781250,14.781250,5.799964,1264400,-,4.478107,5.285177,5.741106,5.716582,1866808.0
07/06/1998,15.000000,15.000000,14.718750,14.750000,5.787704,1167400,-,4.470602,5.255367,5.725778,5.704320,1866156.0
07/02/1998,14.656250,15.000000,14.656250,14.937500,5.861274,1773000,-,4.463159,5.225561,5.711677,5.699415,1857188.0
07/01/1998,14.687500,14.843750,14.687500,14.781250,5.799964,2378800,-,4.455460,5.195488,5.694510,5.694510,1857860.0
06/30/1998,14.562500,14.781250,14.500000,14.593750,5.726391,2130800,-,4.448069,5.165437,5.685926,5.692058,1826816.0
06/29/1998,14.218750,14.562500,14.218750,14.500000,5.689607,1430800,-,4.441101,5.135654,5.680408,5.694510,1809496.0
06/26/1998,14.312500,14.375000,14.125000,14.250000,5.591509,569800,-,4.434092,5.106366,5.678569,5.715356,1800816.0
06/25/1998,14.375000,14.437500,14.156250,14.250000,5.591509,1049600,-,4.427517,5.077595,5.676117,5.739880,1817504.0
06/24/1998,14.375000,14.468750,14.218750,14.406250,5.652819,2684400,-,4.421111,5.050751,5.671825,5.768082,1831880.0
06/23/1998,14.406250,14.625000,14.375000,14.437500,5.665079,703400,-,4.414286,5.020754,5.656498,5.774213,1794664.0
06/22/1998,14.625000,14.781250,14.406250,14.468750,5.677343,785200,-,4.407399,4.989067,5.638718,5.765630,1799868.0
06/19/1998,14.812500,14.812500,14.437500,14.625000,5.738655,1198800,-,4.400395,4.959302,5.619098,5.747237,1794784.0
06/18/1998,14.781250,14.968750,14.718750,14.812500,5.812228,1855200,-,4.393366,4.928792,5.598253,5.723939,1790644.0
06/17/1998,14.656250,14.718750,14.281250,14.718750,5.775441,1243200,-,4.385744,4.895848,5.577407,5.694510,1775412.0
06/16/1998,14.906250,14.937500,14.531250,14.656250,5.750914,1071200,-,4.378362,4.864361,5.551657,5.679795,1762768.0
06/15/1998,14.812500,15.312500,14.750000,15.031250,5.898062,1656200,-,4.371103,4.834088,5.519308,5.666307,1760396.0
06/12/1998,14.906250,15.000000,14.750000,14.875000,5.836749,1454800,-,4.363333,4.801834,5.477195,5.641782,1738156.0
06/11/1998,14.562500,15.000000,14.562500,14.968750,5.873533,1700200,-,4.355532,4.771289,5.412868,5.612354,1732640.0
06/10/1998,14.156250,14.718750,14.125000,14.562500,5.714127,2636200,-,4.346926,4.739044,5.343091,5.575568,1726972.0
06/09/1998,14.062500,14.250000,14.031250,14.218750,5.579247,1272600,-,4.339004,4.709025,5.284895,5.538782,1689608.0
06/08/1998,14.156250,14.281250,14.000000,14.000000,5.493412,1549200,-,4.331362,4.680740,5.236453,5.511806,1687500.0
06/05/1998,14.031250,14.187500,13.968750,14.031250,5.505674,825200,-,4.324600,4.653691,5.190497,5.490960,1668432.0
06/04/1998,14.218750,14.250000,14.000000,14.062500,5.517936,2320400,-,4.317247,4.627840,5.137909,5.472567,1675500.0
06/03/1998,14.375000,14.437500,14.250000,14.343750,5.628294,2036000,-,4.309507,4.602226,5.086514,5.460305,1651116.0
06/02/1998,14.406250,14.437500,14.218750,14.312500,5.616033,1166800,-,4.300998,4.574165,5.031406,5.423519,1636964.0
06/01/1998,14.062500,14.500000,14.062500,14.406250,5.652819,2147000,-,4.292822,4.545866,4.979920,5.372310,1642264.0
05/29/1998,14.125000,14.125000,13.906250,14.125000,5.542463,3117200,-,4.284679,4.515629,4.928402,5.312608,1607872.0
05/28/1998,13.562500,14.062500,13.531250,14.031250,5.505674,3225600,-,4.277196,4.488320,4.880595,5.213383,1567772.0
05/27/1998,13.437500,13.625000,13.343750,13.625000,5.346270,2245400,-,4.269517,4.460544,4.818377,5.110614,1519920.0
05/26/1998,13.500000,13.593750,13.343750,13.531250,5.309482,1925200,-,4.262310,4.436437,4.766536,5.031009,1491788.0
05/22/1998,13.500000,13.562500,12.968750,13.468750,5.284957,1367600,-,4.255883,4.414270,4.715933,4.961101,1480912.0
05/21/1998,13.625000,13.718750,13.437500,13.562500,5.321743,1146600,-,4.249688,4.392353,4.667159,4.890034,1505064.0
05/20/1998,13.500000,13.812500,13.468750,13.750000,5.395316,13064600,-,4.242983,4.368015,4.615943,4.803251,1498936.0
05/19/1998,13.375000,13.750000,13.343750,13.656250,5.260436,2686000,-,4.235802,4.343408,4.564058,4.712722,1268640.0
05/18/1998,13.093750,13.312500,13.062500,13.250000,5.103942,2555800,-,4.229512,4.320055,4.515907,4.639292,1240820.0
05/15/1998,13.250000,13.500000,13.062500,13.125000,5.055794,5907000,-,4.224384,4.299832,4.472572,4.587531,1238152.0
05/14/1998,11.625000,11.875000,11.531250,11.812500,4.550214,985600,-,4.218955,4.277442,4.431042,4.544196,1159804.0
05/13/1998,11.750000,11.843750,11.625000,11.625000,4.477990,1032400,-,4.215511,4.265164,4.411180,4.547807,1169392.0
05/12/1998,11.968750,12.000000,11.812500,11.812500,4.550214,1099000,-,4.212212,4.254330,4.399744,4.526139,1216624.0
05/11/1998,11.843750,12.000000,11.812500,11.968750,4.610404,1220800,-,4.208660,4.240607,4.379882,4.502064,1218624.0
05/08/1998,11.625000,11.968750,11.593750,11.875000,4.574290,1257800,-,4.204915,4.224718,4.353399,4.470766,1211576.0
05/07/1998,11.593750,11.593750,11.406250,11.562500,4.453913,944400,-,4.201134,4.209550,4.334139,4.444283,1217672.0
05/06/1998,11.812500,11.812500,11.625000,11.656250,4.490026,537600,-,4.198063,4.196790,4.322102,4.428634,1216856.0
05/05/1998,11.750000,11.812500,11.625000,11.750000,4.526137,1547000,-,4.194378,4.182586,4.305851,4.415393,1242160.0
05/04/1998,12.000000,12.062500,11.875000,11.906250,4.586327,1092200,-,4.190621,4.167900,4.289600,4.392522,1238976.0
05/01/1998,11.875000,12.031250,11.875000,12.000000,4.622440,1515400,-,4.186562,4.152974,4.272146,4.357613,1238556.0
04/30/1998,11.625000,11.906250,11.625000,11.906250,4.586327,2176800,-,4.182866,4.137565,4.255293,4.317889,1227960.0
04/29/1998,11.156250,11.250000,11.031250,11.062500,4.261311,864600,-,4.179621,4.123120,4.241450,4.274553,1205424.0
04/28/1998,11.125000,11.187500,11.046850,11.187500,4.309463,715400,-,4.178110,4.114694,4.241450,4.273350,1354348.0
04/27/1998,11.125000,11.156250,11.000000,11.156250,4.297424,1039800,-,4.176250,4.104130,4.236635,4.257701,1371896.0
04/24/1998,11.031250,11.343750,11.000000,11.187500,4.309463,1231800,-,4.174396,4.094982,4.230014,4.236033,1372176.0
04/23/1998,11.187500,11.281250,11.125000,11.156250,4.297424,719000,-,4.172047,4.084888,4.221588,4.223995,1363696.0
04/22/1998,11.062500,11.312500,11.000000,11.312500,4.357612,1806600,-,4.169921,4.076209,4.217375,4.215569,1384332.0
04/21/1998,10.937500,11.250000,10.937500,11.156250,4.297424,826600,-,4.167332,4.065857,4.211356,4.196309,1383020.0
04/20/1998,10.875000,11.125000,10.875000,11.000000,4.237237,1264800,-,4.164827,4.056238,4.207745,4.186679,1426492.0
04/17/1998,10.812500,11.000000,10.750000,10.968750,4.225200,996800,-,4.162460,4.047119,4.205939,4.186679,1456232.0
04/16/1998,10.937500,10.968750,10.625000,10.781250,4.152974,1404200,-,4.159991,4.034248,4.201726,4.192698,1469280.0
04/15/1998,10.812500,11.281250,10.781250,11.031250,4.249273,1768400,-,4.157448,4.023056,4.202930,4.208347,1476536.0
04/14/1998,10.687500,10.843750,10.687500,10.781250,4.152974,823600,-,4.154153,4.010408,4.196309,4.209550,1479808.0
04/13/1998,10.875000,10.875000,10.593750,10.593750,4.080747,963600,-,4.151015,3.998512,4.195707,4.215569,1496372.0
04/09/1998,11.000000,11.000000,10.843750,10.875000,4.189086,531000,-,4.148020,3.990644,4.201726,4.223996,1537848.0
04/08/1998,10.812500,11.062500,10.812500,10.937500,4.213161,991800,-,4.144809,3.981548,4.201726,4.219181,1602920.0
04/07/1998,10.781250,10.937500,10.718750,10.812500,4.165012,1093600,-,4.141532,3.972441,4.196309,4.219181,1745524.0
04/06/1998,11.062500,11.062500,10.875000,10.906250,4.201125,611000,-,4.138333,3.973691,4.196309,4.226403,1742424.0
04/03/1998,11.062500,11.250000,11.000000,11.000000,4.237237,952600,-,4.134682,3.974924,4.190892,4.228810,1758720.0
04/02/1998,11.187500,11.187500,11.031250,11.125000,4.285388,544200,-,4.130851,3.978017,4.183670,4.225199,1770564.0
04/01/1998,11.062500,11.187500,10.906250,11.187500,4.309463,1179000,-,4.126888,3.980618,4.166215,4.210754,1792608.0
03/31/1998,10.906250,11.156250,10.906250,11.062500,4.261311,1416800,-,4.122695,3.982032,4.147557,4.197513,1797368.0
03/30/1998,10.750000,10.937500,10.750000,10.937500,4.213161,768000,-,4.118852,3.983940,4.131306,4.183068,1794352.0
03/27/1998,10.812500,10.843750,10.718750,10.812500,4.165012,1167200,-,4.115141,3.986810,4.113852,4.175845,1794444.0
03/26/1998,10.812500,10.875000,10.750000,10.750000,4.140935,595800,-,4.111345,3.992993,4.096397,4.179456,1781136.0
03/25/1998,11.000000,11.000000,10.812500,10.937500,4.213161,1178600,-,4.107562,3.998952,4.080146,4.184271,1787268.0
03/24/1998,11.000000,11.031250,10.875000,11.000000,4.237237,1101200,-,4.103417,4.004406,4.060284,4.173438,1785812.0
03/23/1998,10.968750,11.000000,10.656250,10.968750,4.225200,1328400,-,4.099043,4.009378,4.037413,4.166215,1807212.0
03/20/1998,10.781250,10.968750,10.687500,10.906250,4.201125,1431800,-,4.094838,4.015296,4.015745,4.152974,1799864.0
03/19/1998,10.781250,10.843750,10.625000,10.750000,4.140935,427400,-,4.090754,4.020287,3.997689,4.142140,1788852.0
03/18/1998,10.656250,10.843750,10.625000,10.843750,4.177049,1112200,-,4.087079,4.028125,3.983243,4.121676,1796748.0
03/17/1998,10.843750,10.843750,10.687500,10.687500,4.116861,833000,-,4.082897,4.035475,3.967595,4.097601,1791100.0
03/16/1998,10.781250,10.875000,10.750000,10.750000,4.140935,838800,-,4.078800,4.045204,3.953751,4.079545,1785916.0
03/13/1998,10.937500,11.062500,10.781250,10.906250,4.201125,1381400,-,4.074800,4.053512,3.935769,4.051858,1785476.0
03/12/1998,10.593750,10.875000,10.500000,10.875000,4.189086,2575200,-,4.070498,4.059911,3.917712,4.013338,1770760.0
03/11/1998,10.750000,10.812500,10.656250,10.656250,4.104825,840200,-,4.066799,4.068665,3.898496,3.976021,1730816.0
03/10/1998,10.625000,10.812500,10.625000,10.812500,4.165012,1549800,-,4.063521,4.079104,3.886429,3.947131,1719160.0
03/09/1998,10.500000,10.656250,10.500000,10.625000,4.092786,1295000,-,4.059726,4.086931,3.870178,3.908610,1693776.0
03/06/1998,10.281250,10.656250,10.281250,10.625000,4.092786,2422400,-,4.056725,4.097845,3.856364,3.878516,1692232.0
03/05/1998,10.218750,10.281250,10.218750,10.218750,3.936298,1989600,-,4.053378,4.109230,3.840789,3.853237,1665820.0
03/04/1998,10.125000,10.218750,10.093750,10.218750,3.936298,1465000,-,4.050501,4.119987,3.823056,3.844811,1651432.0
03/03/1998,9.937500,10.218750,9.906250,10.218750,3.936298,3394000,-,4.047728,4.130273,3.805911,3.837588,1637224.0
03/02/1998,9.812500,10.062500,9.812500,10.031250,3.864071,1199000,-,4.044748,4.139386,3.789940,3.827958,1586884.0
02/27/1998,9.843750,9.906250,9.781250,9.906250,3.815920,868400,-,4.042026,4.147829,3.774644,3.819679,1585852.0
02/26/1998,9.843750,9.906250,9.812500,9.906250,3.815920,1562600,-,4.039440,4.157470,3.768215,3.822086,1594324.0
02/25/1998,9.812500,9.937500,9.812500,9.906250,3.815920,903600,-,4.036854,4.167346,3.764135,3.820971,1631948.0
02/24/1998,9.843750,9.875000,9.687500,9.812500,3.779808,1802800,-,4.034476,4.180275,3.761228,3.825727,1647960.0
02/23/1998,9.843750,9.968750,9.750000,9.843750,3.791844,1387800,-,4.032278,4.198624,3.783614,3.831746,1630292.0
02/20/1998,10.000000,10.000000,9.843750,9.968750,3.839995,1071200,-,4.030228,4.215323,3.807159,3.834212,1609732.0
02/19/1998,9.937500,10.062500,9.937500,10.000000,3.852033,985600,-,4.028144,4.230354,3.834755,3.828341,1594584.0
02/18/1998,10.062500,10.093750,10.000000,10.031250,3.864071,1050000,-,4.025896,4.246084,3.862924,3.801302,1583664.0
02/17/1998,10.062500,10.250000,10.031250,10.218750,3.839995,8310800,-,4.023070,4.260869,3.888729,3.774234,1581336.0
02/13/1998,10.093750,10.093750,10.000000,10.062500,3.781280,1592800,-,4.020364,4.277074,3.914564,3.751922,1427356.0
02/12/1998,10.031250,10.250000,10.031250,10.218750,3.839995,1053800,-,4.017847,4.294689,3.943335,3.729610,1408624.0
02/11/1998,10.218750,10.281250,10.031250,10.125000,3.804766,807800,-,4.015038,4.311834,3.975041,3.714344,1405140.0
02/10/1998,10.187500,10.343750,10.125000,10.281250,3.863481,1750800,-,4.012196,4.327100,4.006747,3.707298,1392448.0
02/09/1998,10.000000,10.218750,9.937500,10.218750,3.839995,1741000,-,4.008750,4.341191,4.037867,3.696729,1364668.0
02/06/1998,10.093750,10.156250,10.000000,10.156250,3.816508,3000200,-,4.005318,4.356457,4.070160,3.735482,1412560.0
02/05/1998,10.000000,10.062500,9.812500,10.062500,3.781280,2751800,-,4.002314,4.370314,4.105390,3.780106,1376912.0
02/04/1998,9.500000,9.531250,9.437500,9.531250,3.581647,1649200,-,3.999591,4.384876,4.138858,3.841170,1348508.0
02/03/1998,9.500000,9.562500,9.437500,9.562500,3.593390,1767000,-,3.997761,4.403430,4.186417,3.924546,1339020.0
02/02/1998,9.593750,9.750000,9.531250,9.625000,3.616875,1932000,-,3.995873,4.420575,4.233977,4.003225,1327120.0
01/30/1998,9.812500,9.843750,9.437500,9.468750,3.558160,1651800,-,3.993764,4.436076,4.283298,4.077207,1315684.0
01/29/1998,9.937500,9.937500,9.687500,9.812500,3.687335,3037400,-,3.991741,4.451577,4.333206,4.157060,1295924.0
01/28/1998,9.875000,9.937500,9.750000,9.937500,3.734310,3784600,-,3.989383,4.463320,4.374894,4.235739,1255876.0
01/27/1998,10.250000,10.250000,9.687500,10.000000,3.757792,8122000,-,3.986894,4.473889,4.419518,4.306197,1189768.0
01/26/1998,11.468750,11.500000,11.250000,11.250000,4.227519,938600,-,3.984496,4.483988,4.462967,4.379004,1066268.0
01/23/1998,11.687500,11.687500,11.156250,11.343750,4.262748,1425800,-,3.979852,4.482484,4.479408,4.404839,1152260.0
01/22/1998,11.718750,11.750000,11.625000,11.687500,4.391922,1544800,-,3.974824,4.479148,4.498197,4.430674,1132880.0
01/21/1998,11.687500,11.750000,11.593750,11.750000,4.415407,1646400,-,3.969151,4.472552,4.511701,4.436545,1116944.0
01/20/1998,11.718750,11.718750,11.531250,11.656250,4.380180,1417000,-,3.963361,4.465937,4.514637,4.448289,1091924.0
01/16/1998,11.593750,11.687500,11.500000,11.593750,4.356693,1266000,-,3.957746,4.461155,4.518160,4.464729,1074328.0
01/15/1998,11.875000,11.875000,11.531250,11.593750,4.356693,772600,-,3.952560,4.456843,4.519922,4.489389,1061204.0
01/14/1998,11.906250,11.937500,11.718750,11.906250,4.474123,501800,-,3.947582,4.452305,4.516399,4.509353,1075080.0
01/13/1998,12.000000,12.000000,11.718750,11.812500,4.438892,902400,-,3.942016,4.444967,4.507591,4.514050,1077944.0
01/12/1998,11.750000,11.968750,11.750000,11.937500,4.485868,1105800,-,3.936731,4.436979,4.501133,4.532839,1070880.0
01/09/1998,12.000000,12.312500,11.937500,11.937500,4.485868,2171200,-,3.931003,4.428053,4.499958,4.546931,1067972.0
01/08/1998,11.843750,12.062500,11.687500,12.031250,4.521095,961000,-,3.925690,4.420254,4.510527,4.553976,1048512.0
01/07/1998,11.937500,12.031250,11.781250,11.843750,4.450638,881200,-,3.920304,4.410171,4.515812,4.565720,1040620.0
01/06/1998,12.000000,12.187500,11.906250,12.062500,4.532838,822200,-,3.915063,4.403754,4.522857,4.586857,1033768.0
01/05/1998,12.250000,12.343750,12.000000,12.093750,4.544582,829800,-,3.909204,4.397273,4.528142,4.580986,1034516.0
01/02/1998,12.218750,12.343750,12.187500,12.250000,4.603298,573800,-,3.903183,4.391686,4.531078,4.571591,1051960.0
12/31/1997,12.031250,12.218750,12.031250,12.125000,4.556327,816800,-,3.897179,4.384924,4.533426,4.550454,1065656.0
12/30/1997,12.375000,12.375000,11.937500,12.031250,4.521095,645600,-,3.891410,4.377296,4.538711,4.523445,1075376.0
12/29/1997,12.437500,12.437500,12.031250,12.312500,4.626783,578000,-,3.886128,4.368341,4.547518,4.501133,1082248.0
12/26/1997,12.187500,12.375000,12.187500,12.312500,4.626783,257400,-,3.880525,4.356596,4.544582,4.469426,1086488.0
12/24/1997,12.375000,12.375000,12.125000,12.125000,4.556327,280600,-,3.874715,4.344400,4.541646,4.452986,1098408.0
12/23/1997,12.375000,12.562500,12.312500,12.343750,4.638527,1217800,-,3.869776,4.334966,4.543995,4.467078,1105544.0
12/22/1997,12.000000,12.437500,11.937500,12.406250,4.662014,1101800,-,3.864529,4.322761,4.537536,4.465903,1089340.0
12/19/1997,11.593750,11.968750,11.593750,11.906250,4.474123,1270200,-,3.859580,4.310762,4.529903,4.458857,1079536.0
12/18/1997,11.812500,11.875000,11.593750,11.843750,4.450638,754600,-,3.855571,4.302296,4.531664,4.475298,1073764.0
12/17/1997,11.531250,11.750000,11.500000,11.687500,4.391922,877000,-,3.851367,4.295202,4.531664,4.490564,1083212.0
12/16/1997,11.562500,11.718750,11.375000,11.406250,4.286235,1147400,-,3.847769,4.291539,4.531664,4.516399,1075440.0
12/15/1997,11.250000,11.437500,11.187500,11.437500,4.297976,1292000,-,3.844595,4.290667,4.534013,4.553977,1059236.0
12/12/1997,11.750000,11.750000,10.968750,11.468750,4.309721,3443800,-,3.841674,4.289786,4.532839,4.593903,1049172.0
12/11/1997,12.500000,12.500000,11.656250,11.875000,4.462382,1704200,-,3.838797,4.289573,4.530490,4.619738,992640.0
12/10/1997,12.406250,12.500000,12.250000,12.500000,4.697242,919400,-,3.834639,4.285629,4.520508,4.630307,989876.0
12/09/1997,12.156250,12.312500,12.062500,12.312500,4.626783,359800,-,3.829410,4.276311,4.493264,4.620912,989048.0
12/08/1997,12.281250,12.343750,12.156250,12.218750,4.591555,313800,-,3.824845,4.268402,4.466723,4.609169,993068.0
12/05/1997,12.125000,12.468750,12.062500,12.343750,4.638527,439600,-,3.820352,4.260295,4.440249,4.600949,1000748.0
12/04/1997,12.312500,12.312500,12.218750,12.250000,4.603298,933600,-,3.815313,4.252378,4.412556,4.588031,1009180.0
12/03/1997,12.406250,12.406250,12.218750,12.375000,4.650269,611800,-,3.810761,4.243810,4.389445,4.572765,1016716.0
12/02/1997,12.500000,12.500000,12.343750,12.406250,4.662014,656200,-,3.806493,4.235657,4.363986,4.546930,1014100.0
12/01/1997,12.218750,12.500000,12.187500,12.500000,4.697242,879600,-,3.802167,4.228398,4.337375,4.514049,1035048.0
11/28/1997,12.187500,12.312500,12.156250,12.156250,4.568068,173200,-,3.797332,4.220434,4.307874,4.471774,1036084.0
11/26/1997,12.281250,12.312500,12.156250,12.156250,4.568068,361800,-,3.793143,4.215054,4.281447,4.441242,1054288.0
11/25/1997,12.093750,12.250000,12.000000,12.250000,4.603298,4135600,-,3.788954,4.209673,4.255020,4.410710,1062792.0
11/24/1997,11.906250,12.062500,11.875000,12.000000,4.509351,1217800,-,3.784390,4.204040,4.229652,4.365617,1012816.0
11/21/1997,12.031250,12.031250,11.875000,12.000000,4.509351,1331600,-,3.780295,4.200285,4.205032,4.324276,1009544.0
11/20/1997,11.937500,12.000000,11.875000,12.000000,4.509351,1174800,-,3.776001,4.196756,4.186054,4.279550,1007208.0
11/19/1997,11.656250,12.000000,11.500000,11.843750,4.450638,1172000,-,3.771707,4.192324,4.171026,4.237081,1002376.0
11/18/1997,11.531250,11.718750,11.437500,11.687500,4.391922,1360200,-,3.767607,4.188841,4.161754,4.206125,993196.0
11/17/1997,11.500000,11.625000,11.437500,11.531250,4.333206,663800,-,3.763700,4.187209,4.155418,4.181041,980372.0
11/14/1997,11.375000,11.500000,11.250000,11.375000,4.274491,1035000,-,3.760187,4.186301,4.147504,4.160700,981256.0
11/13/1997,11.375000,11.437500,11.250000,11.343750,4.262748,479200,-,3.757167,4.186566,4.137448,4.143973,971668.0
11/12/1997,11.156250,11.375000,11.062500,11.343750,4.262748,1947000,-,3.754205,4.186841,4.126287,4.121651,980356.0
11/11/1997,11.343750,11.562500,11.312500,11.500000,4.152361,5238200,-,3.751244,4.188244,4.113998,4.099329,967972.0
11/10/1997,11.281250,11.375000,11.250000,11.343750,4.095945,456800,-,3.748535,4.190952,4.110613,4.093687,891504.0
11/07/1997,11.125000,11.281250,11.093750,11.250000,4.062094,748000,-,3.747206,4.195014,4.107228,4.085789,899564.0
11/06/1997,11.468750,11.468750,11.156250,11.312500,4.084660,395400,-,3.747242,4.199753,4.107228,4.092558,915264.0
11/05/1997,11.437500,11.625000,11.437500,11.468750,4.141078,537200,-,3.747565,4.204944,4.105535,4.104971,982160.0
11/04/1997,11.312500,11.500000,11.250000,11.468750,4.141078,609800,-,3.747506,4.207652,4.103278,4.117383,1012820.0
11/03/1997,11.375000,11.437500,11.281250,11.437500,4.129793,1466400,-,3.747148,4.207877,4.106663,4.129795,1034848.0
10/31/1997,11.312500,11.500000,11.187500,11.375000,4.107227,645000,-,3.746647,4.207877,4.112305,4.134308,1052460.0
10/30/1997,11.062500,11.375000,10.968750,11.187500,4.039526,549200,-,3.746458,4.206749,4.119640,4.130923,1069392.0
10/29/1997,11.250000,11.437500,11.031250,11.187500,4.039526,960400,-,3.746607,4.208780,4.132616,4.130923,1076712.0
10/28/1997,10.875000,11.375000,10.718750,11.343750,4.095945,1198200,-,3.747156,4.208690,4.143899,4.128667,1190944.0
10/27/1997,11.312500,11.500000,11.062500,11.125000,4.016960,566400,-,3.747322,4.206169,4.150670,4.127538,1188676.0
10/24/1997,11.625000,11.687500,11.437500,11.437500,4.129793,538600,-,3.747884,4.204361,4.161389,4.128667,1209080.0
10/23/1997,11.625000,11.687500,11.500000,11.656250,4.208781,859600,-,3.747781,4.201381,4.164210,4.121897,1223360.0
10/22/1997,11.812500,11.875000,11.781250,11.812500,4.265198,1702000,-,3.747284,4.197689,4.165902,4.106099,1230364.0
10/21/1997,11.562500,11.843750,11.562500,11.812500,4.265198,1258600,-,3.746305,4.193302,4.161389,4.089174,1213564.0
10/20/1997,11.250000,11.593750,11.250000,11.562500,4.174930,1302800,-,3.745326,4.187396,4.160261,4.083532,1199696.0
10/17/1997,11.000000,11.375000,11.000000,11.281250,4.073378,989200,-,3.744500,4.181995,4.166467,4.090302,1191004.0
10/16/1997,11.125000,11.281250,11.062500,11.187500,4.039526,790000,-,3.744181,4.181011,4.177750,4.108356,1183812.0
10/15/1997,11.218750,11.250000,11.093750,11.125000,4.016960,853400,-,3.743931,4.181137,4.190726,4.134308,1179204.0
10/14/1997,11.281250,11.343750,11.187500,11.312500,4.084660,637400,-,3.743994,4.180414,4.204831,4.159132,1183852.0
10/13/1997,11.250000,11.406250,11.125000,11.156250,4.028243,407600,-,3.743619,4.177902,4.216678,4.173801,1183516.0
10/10/1997,11.125000,11.343750,11.031250,11.250000,4.062094,611600,-,3.743525,4.177387,4.231347,4.194111,1201048.0
10/09/1997,11.312500,11.406250,11.125000,11.218750,4.050808,981600,-,3.743163,4.177713,4.244887,4.206523,1229312.0
10/08/1997,11.531250,11.562500,11.343750,11.343750,4.095945,1227000,-,3.742957,4.176095,4.256735,4.225705,1232784.0
10/07/1997,11.625000,11.687500,11.531250,11.656250,4.208781,488400,-,3.742525,4.171406,4.265762,4.233604,1230084.0
10/06/1997,11.875000,11.906250,11.687500,11.750000,4.242630,337200,-,3.741429,4.163592,4.270840,4.236989,1229312.0
10/03/1997,12.000000,12.000000,11.687500,11.781250,4.253914,788800,-,3.739965,4.155534,4.273096,4.242631,1234180.0
10/02/1997,11.781250,11.906250,11.718750,11.906250,4.299048,617200,-,3.738444,4.147685,4.274789,4.247144,1233576.0
10/01/1997,11.781250,11.906250,11.750000,11.812500,4.265198,1566000,-,3.736697,4.138066,4.273661,4.247144,1264936.0
09/30/1997,11.687500,11.781250,11.625000,11.718750,4.231348,878000,-,3.735320,4.129557,4.277046,4.250529,1249208.0
09/29/1997,11.593750,11.718750,11.531250,11.718750,4.231348,560800,-,3.734311,4.119990,4.279867,4.259556,1243364.0
09/26/1997,11.718750,11.812500,11.562500,11.593750,4.186212,697800,-,3.733202,4.110857,4.283252,4.268583,1255328.0
09/25/1997,11.625000,11.843750,11.593750,11.750000,4.242630,861200,-,3.732319,4.102627,4.288893,4.283251,1260568.0
09/24/1997,11.812500,11.875000,11.562500,11.562500,4.174930,1310400,-,3.731054,4.095437,4.293971,4.287765,1254488.0
09/23/1997,11.875000,11.875000,11.656250,11.750000,4.242630,481000,-,3.730526,4.090687,4.299049,4.297920,1240344.0
09/22/1997,12.000000,12.000000,11.812500,11.906250,4.299048,1703600,-,3.729361,4.085016,4.294535,4.304690,1243292.0
09/19/1997,11.937500,11.968750,11.843750,11.906250,4.299048,931400,-,3.727913,4.077783,4.286072,4.303562,1225608.0
09/18/1997,12.000000,12.000000,11.875000,11.906250,4.299048,1083400,-,3.726566,4.070332,4.273660,4.302434,1233796.0
09/17/1997,12.000000,12.000000,11.875000,11.906250,4.299048,787000,-,3.724919,4.061147,4.265762,4.300177,1230432.0
09/16/1997,12.000000,12.093750,11.968750,11.968750,4.321615,1636800,-,3.723472,4.052612,4.252560,4.303562,1250796.0
09/15/1997,12.000000,12.062500,11.937500,11.968750,4.321615,1054200,-,3.722211,4.042975,4.234976,4.300177,1250680.0
09/12/1997,11.875000,12.000000,11.843750,12.000000,4.332897,1214800,-,3.720950,4.032471,4.215223,4.297921,1246356.0
09/11/1997,11.812500,11.937500,11.781250,11.875000,4.287766,933200,-,3.719732,4.021089,4.197617,4.294536,1247088.0
09/10/1997,11.906250,12.000000,11.843750,11.843750,4.276482,713000,-,3.719139,4.009960,4.184437,4.300178,1274052.0
09/09/1997,11.812500,12.031250,11.812500,11.937500,4.310334,719000,-,3.718503,3.997321,4.172905,4.300178,1302116.0
09/08/1997,11.937500,12.000000,11.843750,11.875000,4.287766,708000,-,3.717997,3.982920,4.155885,4.284380,1304492.0
09/05/1997,11.937500,11.968750,11.875000,11.875000,4.287766,555600,-,3.717803,3.967669,4.136740,4.268583,1304192.0
09/04/1997,11.937500,11.937500,11.812500,11.843750,4.276482,913600,-,3.716715,3.951550,4.123560,4.244887,1308380.0
09/03/1997,11.906250,12.125000,11.812500,12.000000,4.332897,1327800,-,3.715684,3.936959,4.112028,4.231347,1417936.0
09/02/1997,11.968750,12.000000,11.812500,11.875000,4.287766,1414800,-,3.714370,3.921456,4.094423,4.201558,1429596.0
08/29/1997,11.875000,12.031250,11.843750,11.906250,4.299048,859800,-,3.713090,3.906205,4.077988,4.169775,1470896.0
08/28/1997,11.906250,12.031250,11.875000,11.906250,4.299048,1533000,-,3.711849,3.889644,4.063160,4.132524,1482148.0
08/27/1997,11.843750,12.156250,11.562500,12.031250,4.344184,3740200,-,3.710840,3.873082,4.052127,4.100698,1468884.0
08/26/1997,11.406250,11.906250,11.375000,11.843750,4.276482,2070200,-,3.709700,3.856052,4.033415,4.068696,1425496.0
08/25/1997,11.468750,11.593750,11.375000,11.500000,4.152361,1711200,-,3.708899,3.839942,4.012664,4.045633,1406956.0
08/22/1997,11.250000,11.437500,11.156250,11.437500,4.129793,2347000,-,3.708813,3.826748,3.995950,4.027390,1390836.0
08/21/1997,11.437500,11.468750,11.187500,11.218750,4.050808,1491600,-,3.708365,3.813572,3.981448,4.004896,1367880.0
08/20/1997,11.500000,11.500000,11.312500,11.468750,4.141078,915200,-,3.708313,3.800674,3.971981,4.002232,1368004.0
08/19/1997,11.375000,11.656250,11.375000,11.625000,4.035013,6672000,-,3.707240,3.785536,3.955831,3.992710,1372528.0
08/18/1997,11.218750,11.437500,11.187500,11.437500,3.969931,1084800,-,3.706318,3.772520,3.946069,3.987287,1276676.0
08/15/1997,11.437500,11.468750,11.250000,11.312500,3.926546,1586600,-,3.705627,3.760371,3.935222,3.986202,1280764.0
08/14/1997,11.625000,11.718750,11.406250,11.468750,3.980779,1252600,-,3.704868,3.749525,3.927629,3.993795,1269208.0
08/13/1997,11.718750,11.750000,11.062500,11.593750,4.024166,1209800,-,3.703838,3.737593,3.917325,4.003557,1268000.0
08/12/1997,11.531250,11.687500,11.500000,11.656250,4.045859,862000,-,3.702117,3.725228,3.910274,3.998133,1270696.0
08/11/1997,11.281250,11.468750,11.187500,11.437500,3.969931,565200,-,3.700097,3.711127,3.904851,3.979694,1278916.0
08/08/1997,11.468750,11.468750,11.218750,11.250000,3.904852,868200,-,3.698552,3.697677,3.904309,3.964509,1330668.0
08/07/1997,11.718750,11.718750,11.562500,11.593750,4.024166,629600,-,3.697428,3.686396,3.905936,3.958000,1355244.0
08/06/1997,11.500000,11.656250,11.500000,11.656250,4.045859,559600,-,3.695612,3.672729,3.901055,3.941730,1413268.0
08/05/1997,11.343750,11.625000,11.312500,11.468750,3.980779,1085800,-,3.693972,3.660798,3.890750,3.918952,1436540.0
08/04/1997,11.437500,11.500000,11.375000,11.406250,3.959085,620600,-,3.692562,3.650168,3.885327,3.904851,1435996.0
08/01/1997,11.625000,11.687500,11.437500,11.531250,4.002472,1284200,-,3.691356,3.639104,3.879361,3.884242,1475288.0
07/31/1997,11.562500,11.781250,11.531250,11.750000,4.078399,2024800,-,3.689838,3.628908,3.869056,3.861464,1512688.0
07/30/1997,11.093750,11.468750,11.093750,11.437500,3.969931,1155200,-,3.687751,3.615805,3.853329,3.831093,1617108.0
07/29/1997,11.000000,11.187500,10.687500,11.125000,3.861465,1092000,-,3.686491,3.603627,3.841397,3.822415,1635428.0
07/28/1997,11.093750,11.187500,10.906250,11.000000,3.818078,449800,-,3.685773,3.594033,3.830550,3.830008,1652636.0
07/25/1997,11.187500,11.187500,11.000000,11.062500,3.839769,580600,-,3.685082,3.584476,3.819161,3.844109,1704960.0
07/24/1997,11.000000,11.125000,11.000000,11.125000,3.861465,758600,-,3.684567,3.574071,3.803433,3.853871,1717268.0
07/23/1997,11.031250,11.218750,11.000000,11.000000,3.818078,2185200,-,3.684039,3.562817,3.784451,3.860379,1718148.0
07/22/1997,10.906250,11.125000,10.843750,11.062500,3.839769,779600,-,3.683632,3.552431,3.770893,3.862548,1687280.0
07/21/1997,10.750000,10.812500,10.625000,10.812500,3.752996,585800,-,3.683307,3.542441,3.756792,3.865802,1700996.0
07/18/1997,10.750000,10.875000,10.562500,10.875000,3.774688,1159000,-,3.683132,3.534187,3.745403,3.874480,1738488.0
07/17/1997,11.187500,11.250000,10.875000,10.875000,3.774688,959800,-,3.682848,3.526328,3.730217,3.876649,1735732.0
07/16/1997,11.312500,11.375000,11.187500,11.187500,3.883158,557200,-,3.682279,3.519299,3.715032,3.875564,1737780.0
07/15/1997,11.343750,11.375000,11.312500,11.343750,3.937392,603200,-,3.680883,3.509686,3.695507,3.860379,1764408.0
07/14/1997,11.312500,11.406250,11.312500,11.406250,3.959085,628400,-,3.679406,3.496914,3.672187,3.831093,1768232.0
07/11/1997,11.312500,11.406250,11.312500,11.343750,3.937392,819400,-,3.677821,3.483708,3.648866,3.794213,1781540.0
07/10/1997,11.125000,11.312500,11.125000,11.312500,3.926546,1340800,-,3.676154,3.470520,3.625546,3.752995,1774948.0
07/09/1997,11.218750,11.250000,11.062500,11.062500,3.839769,915200,-,3.674731,3.457550,3.599513,3.708523,1762260.0
07/08/1997,11.062500,11.187500,11.062500,11.156250,3.872311,1805200,-,3.673837,3.445485,3.576735,3.679237,1760652.0
07/07/1997,11.000000,11.062500,10.968750,11.062500,3.839769,1631000,-,3.672780,3.431524,3.552330,3.647781,1735948.0
07/03/1997,10.906250,11.062500,10.875000,10.937500,3.796382,838000,-,3.671886,3.417800,3.528467,3.616326,1716268.0
07/02/1997,10.750000,10.906250,10.718750,10.843750,3.763842,1251400,-,3.671209,3.406188,3.507858,3.583785,1713312.0
07/01/1997,10.437500,10.781250,10.375000,10.750000,3.731302,2281400,-,3.670410,3.395642,3.488876,3.554499,1707656.0
06/30/1997,10.343750,10.562500,10.312500,10.500000,3.644528,2116200,-,3.669964,3.385331,3.472606,3.530636,1674764.0
06/27/1997,10.281250,10.375000,10.250000,10.343750,3.590293,837800,-,3.669856,3.376756,3.457420,3.513281,1650496.0
06/26/1997,10.031250,10.187500,10.031250,10.156250,3.525212,693000,-,3.669640,3.368851,3.442777,3.503519,1678492.0
06/25/1997,10.218750,10.250000,10.000000,10.031250,3.481826,765000,-,3.669560,3.361418,3.433557,3.498096,1699432.0
06/24/1997,10.250000,10.281250,10.093750,10.218750,3.546905,6391400,-,3.669887,3.356097,3.426506,3.490503,1720456.0
06/23/1997,10.125000,10.375000,10.000000,10.250000,3.557754,1910800,-,3.669888,3.349889,3.421625,3.474233,1611056.0
06/20/1997,10.062500,10.187500,10.062500,10.156250,3.525212,3479800,-,3.669740,3.344295,3.416202,3.456878,1585800.0
06/19/1997,10.062500,10.125000,10.000000,10.000000,3.470979,1422400,-,3.669565,3.339766,3.410236,3.440608,1546652.0
06/18/1997,10.000000,10.000000,9.875000,10.000000,3.470979,869800,-,3.670041,3.335492,3.411321,3.431930,1537184.0
06/17/1997,10.000000,10.062500,9.875000,10.062500,3.492672,1570800,-,3.670611,3.331218,3.408935,3.423253,1545896.0
06/16/1997,10.125000,10.125000,9.875000,10.000000,3.470979,1143200,-,3.670978,3.326510,3.402352,3.414575,1533632.0
06/13/1997,10.000000,10.125000,9.937500,10.062500,3.492672,905200,-,3.671644,3.322236,3.397891,3.401559,1540516.0
06/12/1997,9.937500,10.000000,9.812500,10.000000,3.470979,1199200,-,3.672485,3.318773,3.390270,3.382035,1547084.0
06/11/1997,9.750000,9.937500,9.750000,9.812500,3.405897,1497800,-,3.673245,3.316574,3.382697,3.369018,1563208.0
06/10/1997,9.750000,9.812500,9.687500,9.750000,3.384205,1141400,-,3.674141,3.315676,3.377341,3.362510,1564312.0
06/09/1997,9.750000,9.812500,9.687500,9.750000,3.384205,1879400,-,3.675051,3.315627,3.373069,3.369018,1570824.0
06/06/1997,9.687500,9.812500,9.687500,9.687500,3.362511,1289200,-,3.676055,3.314748,3.370872,3.375526,1551576.0
06/05/1997,9.750000,9.875000,9.718750,9.750000,3.384205,1008800,-,3.677168,3.315963,3.369760,3.379865,1541556.0
06/04/1997,9.812500,9.875000,9.750000,9.750000,3.384205,1192200,-,3.677892,3.317159,3.369638,3.390712,1542976.0
06/03/1997,9.562500,9.812500,9.562500,9.812500,3.405897,1344600,-,3.678615,3.317525,3.371590,3.394616,1533044.0
06/02/1997,9.562500,9.687500,9.500000,9.625000,3.340816,1273000,-,3.679139,3.316627,3.371420,3.390128,1527508.0
05/30/1997,9.625000,9.656250,9.437500,9.500000,3.297429,3152800,-,3.679622,3.316616,3.369318,3.394222,1525476.0
05/29/1997,9.625000,9.687500,9.562500,9.625000,3.340816,2097000,-,3.680688,3.318718,3.369385,3.398506,1523108.0
05/28/1997,9.937500,9.937500,9.562500,9.625000,3.340816,3530800,-,3.681720,3.319952,3.366246,3.396376,1514300.0
05/27/1997,10.000000,10.062500,9.937500,9.937500,3.449286,1723200,-,3.682752,3.322430,3.363106,3.392172,1458052.0
05/23/1997,9.875000,10.000000,9.812500,9.937500,3.449286,1058600,-,3.683242,3.323569,3.352468,3.377120,1439792.0
05/22/1997,10.062500,10.062500,9.750000,9.812500,3.405897,2585200,-,3.683915,3.323878,3.338719,3.366218,1461372.0
05/21/1997,10.125000,10.125000,10.000000,10.062500,3.492672,3154200,-,3.684804,3.327130,3.326101,3.359655,1421968.0
05/20/1997,10.125000,10.312500,10.125000,10.312500,3.423252,7245800,-,3.685260,3.329061,3.312256,3.348564,1373536.0
05/19/1997,10.187500,10.250000,10.062500,10.125000,3.361012,2071200,-,3.686154,3.334041,3.302920,3.348564,1239700.0
05/16/1997,10.125000,10.187500,10.062500,10.187500,3.381759,1952400,-,3.687176,3.340265,3.295659,3.352713,1219116.0
05/15/1997,10.062500,10.125000,10.000000,10.062500,3.340265,3066000,-,3.687729,3.344829,3.287360,3.344414,1202496.0
05/14/1997,10.000000,10.125000,10.000000,10.000000,3.319518,1196000,-,3.688215,3.351468,3.280098,3.340265,1152620.0
05/13/1997,10.000000,10.000000,9.875000,9.937500,3.298772,802600,-,3.688805,3.358107,3.271800,3.336116,1146256.0
05/12/1997,10.062500,10.062500,9.875000,9.937500,3.298772,641800,-,3.689499,3.366406,3.267650,3.334041,1149264.0
05/09/1997,10.062500,10.125000,9.875000,10.062500,3.340265,1465400,-,3.690467,3.375119,3.264538,3.327817,1173324.0
05/08/1997,10.125000,10.250000,10.000000,10.062500,3.340265,2460400,-,3.691227,3.380929,3.261426,3.311219,1162396.0
05/07/1997,10.187500,10.312500,10.187500,10.187500,3.381759,1021200,-,3.692079,3.387153,3.259351,3.292547,1145052.0
05/06/1997,10.187500,10.312500,10.125000,10.312500,3.423252,1062200,-,3.692724,3.393792,3.253127,3.275949,1145060.0
05/05/1997,10.000000,10.250000,9.937500,10.250000,3.402505,1888600,-,3.693435,3.399186,3.244829,3.257277,1157056.0
05/02/1997,9.875000,10.000000,9.812500,9.937500,3.298772,794400,-,3.694341,3.403750,3.237567,3.238605,1167864.0
05/01/1997,9.937500,9.937500,9.812500,9.937500,3.298772,1293800,-,3.695949,3.411634,3.235493,3.230306,1179196.0
04/30/1997,9.875000,9.937500,9.875000,9.875000,3.278023,489800,-,3.697649,3.421593,3.236530,3.219932,1191448.0
04/29/1997,9.937500,10.000000,9.875000,9.875000,3.278023,706400,-,3.699634,3.431966,3.240679,3.207484,1221464.0
04/28/1997,9.625000,9.812500,9.625000,9.750000,3.236530,834800,-,3.701712,3.441012,3.244829,3.201260,1300408.0
04/25/1997,9.562500,9.625000,9.500000,9.562500,3.174289,570000,-,3.704362,3.450887,3.252090,3.201260,1298676.0
04/24/1997,9.750000,9.750000,9.500000,9.500000,3.153541,647000,-,3.706958,3.462008,3.260389,3.211633,1319172.0
04/23/1997,9.750000,9.750000,9.687500,9.687500,3.215783,690200,-,3.709749,3.472745,3.273874,3.226156,1332956.0
04/22/1997,9.687500,9.812500,9.687500,9.750000,3.236530,968600,-,3.712229,3.482238,3.285285,3.230306,1336076.0
04/21/1997,9.750000,9.812500,9.687500,9.687500,3.215783,636800,-,3.714423,3.490517,3.293584,3.232380,1342392.0
04/18/1997,9.625000,9.750000,9.625000,9.687500,3.215783,902800,-,3.716720,3.499212,3.300845,3.236530,1350236.0
04/17/1997,9.437500,9.687500,9.437500,9.625000,3.195034,2237600,-,3.719474,3.507508,3.307069,3.240679,1363380.0
04/16/1997,9.562500,9.687500,9.375000,9.500000,3.153541,1740000,-,3.722332,3.515819,3.317443,3.253128,1359316.0
04/15/1997,9.875000,9.875000,9.625000,9.687500,3.215783,1816200,-,3.725580,3.525360,3.329891,3.273875,1381992.0
04/14/1997,9.875000,9.937500,9.750000,9.750000,3.236530,921400,-,3.728518,3.534454,3.342339,3.288398,1410720.0
04/11/1997,9.937500,9.937500,9.875000,9.875000,3.278023,648000,-,3.730619,3.543132,3.355825,3.302921,1435912.0
04/10/1997,9.875000,9.937500,9.812500,9.937500,3.298772,1522400,-,3.732057,3.550981,3.365161,3.309145,1641968.0
04/09/1997,9.812500,9.937500,9.750000,9.812500,3.257277,949000,-,3.733391,3.557218,3.378646,3.321593,1762092.0
04/08/1997,9.750000,9.875000,9.750000,9.812500,3.257277,1305400,-,3.734749,3.568673,3.395244,3.340265,1807448.0
04/07/1997,9.875000,9.937500,9.812500,9.812500,3.257277,957600,-,3.735833,3.584916,3.415991,3.354787,1819100.0
04/04/1997,10.000000,10.000000,9.750000,9.812500,3.257277,1487400,-,3.736734,3.602755,3.436738,3.365161,1845988.0
04/03/1997,10.125000,10.125000,9.875000,10.000000,3.319518,1233600,-,3.737544,3.620195,3.454373,3.373460,1895732.0
04/02/1997,10.187500,10.250000,10.125000,10.125000,3.361012,2005400,-,3.737951,3.635193,3.472008,3.381758,1881324.0
04/01/1997,10.312500,10.375000,10.125000,10.125000,3.361012,1553000,-,3.738425,3.648564,3.486531,3.385908,1847264.0
03/31/1997,10.125000,10.250000,10.062500,10.187500,3.381759,1467000,-,3.739081,3.662732,3.504165,3.396281,1879092.0
03/27/1997,10.375000,10.375000,10.000000,10.062500,3.340265,917000,-,3.739543,3.676485,3.521800,3.408729,1881156.0
03/26/1997,10.375000,10.500000,10.312500,10.312500,3.423252,788200,-,3.740303,3.692664,3.536323,3.421177,1872376.0
03/25/1997,10.250000,10.500000,10.187500,10.375000,3.443998,1079800,-,3.740832,3.706785,3.547734,3.435700,1905184.0
03/24/1997,10.187500,10.250000,10.187500,10.250000,3.402505,695600,-,3.741439,3.720490,3.561220,3.450223,1896928.0
03/21/1997,10.187500,10.187500,10.125000,10.125000,3.361012,1067800,-,3.742254,3.734626,3.575743,3.477194,1912788.0
03/20/1997,10.250000,10.312500,10.062500,10.062500,3.340265,1171400,-,3.743368,3.749593,3.589228,3.508315,1899564.0
03/19/1997,10.187500,10.250000,10.125000,10.250000,3.402505,3034400,-,3.744860,3.764176,3.606863,3.535286,1888392.0
03/18/1997,10.500000,10.500000,10.187500,10.250000,3.402505,1656600,-,3.745812,3.777514,3.626573,3.562257,1849664.0
03/17/1997,10.437500,10.500000,10.375000,10.437500,3.464745,718400,-,3.746627,3.789656,3.646282,3.587153,1835740.0
03/14/1997,10.500000,10.562500,10.437500,10.562500,3.506241,810200,-,3.747314,3.800553,3.659560,3.612050,1849820.0
03/13/1997,10.625000,10.625000,10.250000,10.437500,3.464745,2137600,-,3.747976,3.810220,3.670764,3.634872,1852472.0
03/12/1997,10.812500,10.875000,10.625000,10.750000,3.568481,615000,-,3.748937,3.821516,3.684042,3.651469,1821672.0
03/11/1997,11.000000,11.062500,10.812500,10.812500,3.589230,732600,-,3.749470,3.830338,3.690138,3.659768,1822560.0
03/10/1997,11.062500,11.062500,11.000000,11.062500,3.672216,554000,-,3.750083,3.838745,3.695197,3.672216,1817824.0
03/07/1997,10.875000,11.375000,10.875000,11.062500,3.672216,1042000,-,3.750281,3.845094,3.694112,3.674291,1817280.0
03/06/1997,11.062500,11.062500,10.875000,10.875000,3.609975,1121400,-,3.750661,3.851841,3.693027,3.670141,1804736.0
03/05/1997,11.000000,11.062500,10.937500,11.062500,3.672216,572200,-,3.750717,3.859833,3.694057,3.678440,1814048.0
03/04/1997,11.187500,11.187500,11.000000,11.000000,3.651470,877800,-,3.750638,3.866181,3.690977,3.690888,1881636.0
03/03/1997,11.250000,11.250000,11.125000,11.187500,3.713709,953000,-,3.750751,3.872147,3.689932,3.705411,1894008.0
02/28/1997,11.062500,11.250000,10.937500,11.250000,3.734457,1844800,-,3.750465,3.876867,3.687770,3.707071,1941432.0
02/27/1997,11.062500,11.062500,10.937500,10.937500,3.630723,919000,-,3.750163,3.881173,3.684570,3.706656,2004552.0
02/26/1997,11.125000,11.187500,10.937500,11.000000,3.651470,1593200,-,3.750468,3.888351,3.686557,3.716614,2004712.0
02/25/1997,11.125000,11.187500,11.062500,11.187500,3.713709,1021600,-,3.750581,3.895912,3.684514,3.720508,2011792.0
02/24/1997,10.875000,11.125000,10.875000,11.125000,3.692962,1662000,-,3.750118,3.901830,3.690331,3.718179,2012816.0
02/21/1997,11.125000,11.187500,10.875000,10.937500,3.630723,2429000,-,3.749493,3.908162,3.709154,3.713934,2002892.0
02/20/1997,11.312500,11.437500,11.062500,11.125000,3.692962,1361000,-,3.749180,3.915340,3.735079,3.715913,1977968.0
02/19/1997,11.437500,11.437500,11.375000,11.437500,3.796697,1906400,-,3.748026,3.922870,3.756895,3.709674,1979856.0
02/18/1997,11.500000,11.500000,11.375000,11.437500,3.796697,1990600,-,3.746530,3.927127,3.770531,3.691066,1970884.0
02/14/1997,11.687500,11.812500,11.625000,11.687500,3.730307,4653600,-,3.744768,3.931385,3.782173,3.674453,1974224.0
02/13/1997,11.687500,11.750000,11.562500,11.687500,3.730307,748200,-,3.743516,3.937370,3.799129,3.668468,1911952.0
02/12/1997,11.562500,11.687500,11.562500,11.687500,3.730307,1594800,-,3.742528,3.942157,3.816085,3.662484,1928728.0
02/11/1997,11.562500,11.562500,11.437500,11.562500,3.690412,1336200,-,3.741364,3.947743,3.837030,3.656499,1913860.0
02/10/1997,11.437500,11.562500,11.437500,11.562500,3.690412,846200,-,3.740487,3.955323,3.858973,3.648520,1900084.0
02/07/1997,11.437500,11.562500,11.437500,11.437500,3.650515,1284400,-,3.739522,3.962903,3.880916,3.662484,1907672.0
02/06/1997,11.375000,11.437500,11.312500,11.437500,3.650515,1029000,-,3.738845,3.971680,3.903857,3.704375,1934432.0
02/05/1997,11.375000,11.500000,11.312500,11.375000,3.630567,1560000,-,3.738168,3.982053,3.926797,3.754245,1924716.0
02/04/1997,11.375000,11.437500,11.312500,11.312500,3.610620,2034400,-,3.737591,3.992427,3.948740,3.804116,1918540.0
02/03/1997,11.562500,11.625000,11.250000,11.375000,3.630567,2873800,-,3.736936,4.004395,3.971680,3.849996,1906296.0
01/31/1997,11.562500,11.687500,11.500000,11.500000,3.670462,3252600,-,3.736271,4.016763,3.990631,3.889893,1871052.0
01/30/1997,11.562500,11.625000,11.375000,11.500000,3.670462,2181000,-,3.735317,4.024759,4.007587,3.929789,1815308.0
01/29/1997,11.375000,11.625000,11.375000,11.500000,3.670462,10950800,-,3.734364,4.032754,4.023546,3.969685,1787160.0
01/28/1997,11.500000,11.562500,11.125000,11.312500,3.610620,7528600,-,3.733234,4.040749,4.041499,4.017561,1583224.0
01/27/1997,12.750000,12.937500,12.000000,12.000000,3.830048,3216800,-,3.732491,4.049170,4.061447,4.069427,1460868.0
01/24/1997,12.875000,13.000000,12.750000,12.750000,4.069426,1888000,-,3.730828,4.053587,4.070424,4.099349,1431052.0
01/23/1997,13.000000,13.187500,12.937500,13.000000,4.149220,2302000,-,3.727792,4.054143,4.066434,4.103339,1508624.0
01/22/1997,12.750000,12.937500,12.687500,12.937500,4.129273,3974600,-,3.724533,4.053483,4.059452,4.099349,1493460.0
01/21/1997,12.625000,12.750000,12.562500,12.750000,4.069426,513200,-,3.721903,4.053222,4.053468,4.093364,1423184.0
01/20/1997,12.750000,12.750000,12.125000,12.625000,4.029530,302400,-,3.719662,4.054536,4.049478,4.093364,1443976.0
01/17/1997,12.750000,12.812500,12.687500,12.750000,4.069426,3144400,-,3.717973,4.054752,4.045489,4.091369,1478624.0
01/16/1997,13.000000,13.000000,12.750000,12.750000,4.069426,1570200,-,3.716349,4.054170,4.039504,4.085385,1448772.0
01/15/1997,12.937500,13.000000,12.812500,13.000000,4.149220,478000,-,3.714903,4.051312,4.033520,4.077406,1430820.0
01/14/1997,13.062500,13.062500,12.875000,12.937500,4.129273,2428600,-,3.712968,4.045340,4.025541,4.065437,1430680.0
01/13/1997,12.937500,12.968750,12.750000,12.937500,4.129273,667000,-,3.711134,4.039388,4.020554,4.053468,1400424.0
01/10/1997,12.687500,12.875000,12.625000,12.875000,4.109322,1488600,-,3.709476,4.032298,4.014569,4.041498,1398288.0
01/09/1997,12.750000,12.937500,12.750000,12.875000,4.109322,406600,-,3.708007,4.025607,4.009582,4.029530,1383924.0
01/08/1997,12.812500,12.875000,12.687500,12.750000,4.069426,612800,-,3.706360,4.017019,4.003598,4.019556,1396008.0
01/07/1997,12.562500,12.812500,12.500000,12.750000,4.069426,1098000,-,3.704913,4.008470,4.003598,4.013571,1392284.0
01/06/1997,12.562500,12.625000,12.562500,12.562500,4.009582,960400,-,3.703555,4.000301,4.000605,4.005592,1381316.0
01/03/1997,12.562500,12.625000,12.500000,12.562500,4.009582,1422400,-,3.702496,3.993707,4.000605,3.999608,1373772.0
01/02/1997,12.625000,12.625000,12.375000,12.500000,3.989635,942800,-,3.701613,3.986735,4.001603,3.993624,1359508.0
12/31/1996,12.562500,12.625000,12.562500,12.625000,4.029530,597600,-,3.700653,3.981299,4.000605,3.989634,1348800.0
12/30/1996,12.625000,12.625000,12.500000,12.562500,4.009582,659400,-,3.699494,3.974687,3.999608,3.985645,1347124.0
12/27/1996,12.625000,12.687500,12.500000,12.562500,4.009582,495800,-,3.698082,3.968852,4.002600,3.987639,1347696.0
12/26/1996,12.562500,12.625000,12.500000,12.500000,3.989635,526800,-,3.696758,3.962638,4.005592,3.987639,1344444.0
12/24/1996,12.500000,12.562500,12.437500,12.562500,4.009582,414800,-,3.695621,3.956065,4.010580,3.989634,1351376.0
12/23/1996,12.437500,12.562500,12.375000,12.562500,4.009582,1587000,-,3.694385,3.950230,4.018559,3.987639,1348440.0
12/20/1996,12.500000,12.500000,12.375000,12.500000,3.989635,3951600,-,3.693503,3.944396,4.025541,3.993624,1329604.0
12/19/1996,12.437500,12.437500,12.187500,12.375000,3.949739,1496400,-,3.693073,3.938201,4.036512,3.995618,1261356.0
12/18/1996,12.375000,12.437500,12.125000,12.375000,3.949739,3324200,-,3.693461,3.933943,4.051473,4.001603,1251232.0
12/17/1996,12.437500,12.500000,12.312500,12.375000,3.949739,5000800,-,3.693938,3.930064,4.057497,4.009582,1196768.0
12/16/1996,12.625000,12.687500,12.500000,12.500000,3.989635,927000,-,3.694502,3.925806,4.063522,4.011577,1113000.0
12/13/1996,12.562500,12.687500,12.437500,12.625000,4.029530,1947200,-,3.694691,3.921509,4.067551,4.013571,1106780.0
12/12/1996,12.625000,12.687500,12.500000,12.562500,4.009582,1072800,-,3.694592,3.915275,4.067657,4.017561,1080856.0
12/11/1996,12.437500,12.562500,12.250000,12.562500,4.009582,1165800,-,3.694504,3.909441,4.069725,4.023545,1080628.0
12/10/1996,12.687500,12.687500,12.500000,12.500000,3.989635,1182800,-,3.694593,3.902468,4.074107,4.031525,1075880.0
12/09/1996,12.625000,12.750000,12.500000,12.750000,4.069426,1455400,-,3.694693,3.894756,4.080435,4.049478,1077792.0
12/06/1996,12.375000,12.562500,12.250000,12.562500,4.009582,1457800,-,3.694306,3.886207,4.082774,4.057457,1054952.0
12/05/1996,12.562500,12.750000,12.437500,12.562500,4.009582,2157600,-,3.695190,3.878855,4.089054,4.077406,1095864.0
12/04/1996,12.437500,12.687500,12.312500,12.625000,4.029530,1540000,-,3.696868,3.870745,4.090591,4.101344,1069740.0
12/03/1996,12.562500,12.687500,12.437500,12.437500,3.969687,1587000,-,3.697917,3.862994,4.091130,4.105413,1050560.0
12/02/1996,12.750000,12.750000,12.437500,12.562500,4.009582,851400,-,3.699530,3.856819,4.088972,4.115467,1028968.0
11/29/1996,12.750000,12.812500,12.687500,12.750000,4.069426,647400,-,3.701297,3.849846,4.081025,4.121531,1036496.0
11/27/1996,12.875000,12.875000,12.625000,12.750000,4.069426,1225600,-,3.703076,3.841677,4.069137,4.117753,1039160.0
11/26/1996,13.125000,13.312500,12.625000,12.812500,4.089377,2622400,-,3.704942,3.833507,4.054404,4.115904,1036668.0
11/25/1996,13.000000,13.125000,12.937500,13.062500,4.169166,543200,-,3.706795,3.823801,4.038673,4.116689,996052.0
11/22/1996,13.187500,13.187500,12.875000,13.000000,4.149220,1251200,-,3.707900,3.813257,4.014211,4.111393,994800.0
11/21/1996,13.312500,13.375000,13.062500,13.187500,4.209063,1422200,-,3.708412,3.802733,3.988849,4.108091,980584.0
11/20/1996,13.250000,13.312500,13.187500,13.312500,4.248960,1111600,-,3.708625,3.789495,3.961444,4.100701,961156.0
11/19/1996,13.187500,13.187500,13.125000,13.187500,4.070225,465400,-,3.708469,3.774699,3.932992,4.079838,944312.0
11/18/1996,13.187500,13.187500,13.000000,13.187500,4.070225,773600,-,3.709037,3.764238,3.912528,4.076848,941348.0
11/15/1996,13.062500,13.250000,13.062500,13.187500,4.070225,754000,-,3.709605,3.753776,3.894910,4.062477,935268.0
11/14/1996,13.125000,13.187500,13.000000,13.062500,4.031644,1410800,-,3.710089,3.742935,3.876343,4.040518,930660.0
11/13/1996,13.312500,13.312500,13.000000,13.125000,4.050934,1726000,-,3.710935,3.732107,3.860653,4.020521,909244.0
11/12/1996,13.562500,13.562500,13.437500,13.500000,4.097231,5766600,-,3.711515,3.722410,3.843051,3.992904,896868.0
11/11/1996,13.562500,13.687500,13.500000,13.562500,4.116200,1543800,-,3.711863,3.712167,3.821237,3.960657,794460.0
11/08/1996,13.625000,13.625000,13.437500,13.562500,4.116200,460800,-,3.712032,3.701165,3.801320,3.917029,772244.0
11/07/1996,13.437500,13.687500,13.437500,13.625000,4.135169,1552800,-,3.712370,3.690922,3.781403,3.869607,793800.0
11/06/1996,13.312500,13.500000,13.187500,13.312500,4.040325,2034800,-,3.712529,3.681438,3.758640,3.822186,772832.0
11/05/1996,13.000000,13.312500,13.000000,13.312500,4.040325,1651800,-,3.713247,3.673092,3.743465,3.786145,752164.0
11/04/1996,12.687500,12.937500,12.687500,12.937500,3.926514,672600,-,3.713795,3.663987,3.729239,3.748208,733384.0
11/01/1996,12.625000,12.687500,12.562500,12.687500,3.850638,471000,-,3.714997,3.656779,3.719755,3.727342,730760.0
10/31/1996,12.437500,12.687500,12.437500,12.625000,3.831672,915800,-,3.716833,3.651467,3.715961,3.712167,759748.0
10/30/1996,12.562500,12.625000,12.437500,12.437500,3.774765,560200,-,3.718763,3.646536,3.710270,3.700786,798704.0
10/29/1996,12.187500,12.625000,12.187500,12.437500,3.774765,770400,-,3.720893,3.641619,3.707425,3.693198,859528.0
10/28/1996,12.000000,12.250000,12.000000,12.125000,3.679920,1010800,-,3.722769,3.636702,3.701734,3.681817,853052.0
10/25/1996,12.062500,12.125000,12.000000,12.000000,3.641982,426600,-,3.725120,3.633317,3.697940,3.685611,869772.0
10/24/1996,12.125000,12.125000,12.062500,12.062500,3.660952,549600,-,3.727745,3.629227,3.697940,3.693198,873660.0
10/23/1996,12.125000,12.125000,11.937500,12.125000,3.679920,583200,-,3.730190,3.626221,3.696992,3.695095,874468.0
10/22/1996,12.250000,12.250000,12.062500,12.062500,3.660952,709200,-,3.732455,3.623567,3.693198,3.700786,875692.0
10/21/1996,12.125000,12.250000,12.125000,12.250000,3.717857,407400,-,3.734901,3.621292,3.692250,3.710270,867976.0
10/18/1996,12.250000,12.312500,12.125000,12.187500,3.698888,513800,-,3.737146,3.617879,3.689405,3.712167,873104.0
10/17/1996,12.187500,12.312500,12.187500,12.250000,3.717857,688000,-,3.739571,3.615577,3.687508,3.719755,869936.0
10/16/1996,12.187500,12.187500,12.062500,12.187500,3.698888,333200,-,3.741731,3.612896,3.684662,3.719755,864972.0
10/15/1996,12.312500,12.375000,12.062500,12.062500,3.660952,873400,-,3.744072,3.610594,3.682766,3.721651,866392.0
10/14/1996,12.312500,12.375000,12.250000,12.250000,3.717857,268000,-,3.746263,3.609416,3.679920,3.721651,857252.0
10/11/1996,12.187500,12.312500,12.125000,12.250000,3.717857,645200,-,3.748085,3.606369,3.676127,3.710270,862696.0
10/10/1996,12.187500,12.250000,12.062500,12.125000,3.679920,539200,-,3.749822,3.601859,3.671384,3.702683,866596.0
10/09/1996,12.312500,12.375000,12.250000,12.312500,3.736826,990200,-,3.751579,3.597011,3.664745,3.698889,870544.0
10/08/1996,12.375000,12.562500,12.312500,12.375000,3.755795,601000,-,3.753222,3.591024,3.653364,3.685611,856848.0
10/07/1996,12.437500,12.500000,12.312500,12.312500,3.736826,812400,-,3.754600,3.584658,3.642931,3.674230,850084.0
10/04/1996,12.312500,12.500000,12.312500,12.437500,3.774765,616000,-,3.756073,3.579769,3.633447,3.666642,840660.0
10/03/1996,12.312500,12.375000,12.187500,12.250000,3.717857,651000,-,3.757441,3.574121,3.621118,3.655261,836124.0
10/02/1996,12.125000,12.312500,12.062500,12.250000,3.717857,1061400,-,3.758924,3.569977,3.609736,3.649570,843004.0
10/01/1996,11.937500,12.250000,11.937500,12.062500,3.660952,928400,-,3.760322,3.565832,3.602149,3.643880,832000.0
09/30/1996,12.000000,12.187500,11.875000,11.875000,3.604046,1278400,-,3.761836,3.563923,3.598355,3.638189,823392.0
09/27/1996,12.062500,12.062500,11.875000,12.000000,3.641982,313400,-,3.763634,3.563518,3.596458,3.641983,810532.0
09/26/1996,11.937500,12.000000,11.812500,12.000000,3.641982,3503400,-,3.765327,3.563086,3.594561,3.640086,823828.0
09/25/1996,11.937500,12.000000,11.812500,11.875000,3.604046,851400,-,3.767189,3.563019,3.595510,3.630602,769836.0
09/24/1996,12.062500,12.125000,11.937500,12.000000,3.641982,581000,-,3.769157,3.564442,3.596458,3.621117,773288.0
09/23/1996,12.062500,12.125000,12.000000,12.062500,3.660952,507400,-,3.770850,3.565472,3.593613,3.611633,779060.0
09/20/1996,12.250000,12.250000,12.062500,12.062500,3.660952,1227800,-,3.772533,3.567586,3.588871,3.600252,792108.0
09/19/1996,12.062500,12.187500,12.062500,12.062500,3.660952,780600,-,3.774470,3.568236,3.585077,3.586974,783580.0
09/18/1996,11.812500,12.125000,11.750000,12.062500,3.660952,1101000,-,3.776068,3.569253,3.581284,3.569902,788136.0
09/17/1996,12.062500,12.062500,11.750000,11.875000,3.604046,591600,-,3.777497,3.570269,3.574682,3.560418,779160.0
09/16/1996,11.937500,12.062500,11.875000,12.000000,3.641982,480600,-,3.779210,3.571693,3.570927,3.558521,786416.0
09/13/1996,11.875000,11.937500,11.812500,11.937500,3.623013,540400,-,3.780649,3.572357,3.564360,3.550934,785108.0
09/12/1996,11.625000,11.750000,11.562500,11.687500,3.547140,450800,-,3.782437,3.575229,3.555084,3.549037,786960.0
09/11/1996,11.625000,11.687500,11.562500,11.562500,3.509202,269400,-,3.784605,3.579619,3.553260,3.560418,791880.0
09/10/1996,11.625000,11.687500,11.625000,11.687500,3.547140,317200,-,3.786877,3.585499,3.555160,3.571799,822392.0
09/09/1996,11.687500,11.750000,11.562500,11.687500,3.547140,469600,-,3.788790,3.590620,3.555164,3.575593,918056.0
09/06/1996,11.500000,11.750000,11.500000,11.625000,3.528172,523600,-,3.790619,3.592816,3.555167,3.577490,949484.0
09/05/1996,11.687500,11.750000,11.500000,11.500000,3.490234,340000,-,3.792457,3.593563,3.557948,3.583180,959120.0
09/04/1996,11.750000,11.750000,11.625000,11.750000,3.566108,1107200,-,3.794232,3.595068,3.562625,3.592665,990696.0
09/03/1996,11.625000,11.812500,11.562500,11.812500,3.585078,646200,-,3.795796,3.594324,3.563509,3.588947,991464.0
08/30/1996,12.000000,12.062500,11.687500,11.750000,3.566108,433000,-,3.797181,3.592104,3.564359,3.583332,1011780.0
08/29/1996,12.000000,12.125000,11.750000,11.875000,3.604046,1538600,-,3.798914,3.589532,3.564328,3.577786,1087264.0
08/28/1996,11.937500,12.062500,11.937500,12.062500,3.660952,504400,-,3.800120,3.585836,3.558744,3.561132,1075460.0
08/27/1996,11.875000,12.000000,11.875000,11.937500,3.623013,1001400,-,3.801210,3.580635,3.547572,3.546101,1097532.0
08/26/1996,11.812500,11.812500,11.687500,11.812500,3.585078,712800,-,3.802323,3.577291,3.538297,3.538521,1095672.0
08/23/1996,11.812500,11.875000,11.687500,11.750000,3.566108,541400,-,3.803791,3.575437,3.530918,3.534735,1096068.0
08/22/1996,11.750000,11.937500,11.750000,11.812500,3.585078,1920400,-,3.805189,3.573596,3.527231,3.532845,1099980.0
08/21/1996,11.687500,11.843750,11.625000,11.812500,3.585078,2863600,-,3.806575,3.571742,3.522595,3.532716,1084624.0
08/20/1996,12.062500,12.125000,12.000000,12.062500,3.528929,3601400,-,3.807879,3.570619,3.518873,3.532586,1061960.0
08/19/1996,12.062500,12.062500,11.937500,12.062500,3.528929,446600,-,3.809709,3.571350,3.517959,3.538072,1011808.0
08/16/1996,11.875000,12.062500,11.750000,12.000000,3.510644,1846800,-,3.811540,3.572081,3.519787,3.545386,1021364.0
08/15/1996,12.000000,12.000000,11.750000,11.750000,3.437507,621000,-,3.813627,3.573544,3.523444,3.550871,1002428.0
08/14/1996,12.062500,12.125000,11.937500,12.000000,3.510644,590000,-,3.815668,3.577567,3.532587,3.556356,1003868.0
08/13/1996,12.125000,12.187500,12.062500,12.125000,3.547213,644400,-,3.817508,3.579213,3.538986,3.549043,1002964.0
08/12/1996,12.062500,12.187500,12.000000,12.125000,3.547213,323400,-,3.819083,3.579578,3.545386,3.538072,999812.0
08/09/1996,12.250000,12.250000,12.000000,12.125000,3.547213,663800,-,3.820822,3.580675,3.552700,3.527101,1003796.0
08/08/1996,12.187500,12.250000,12.125000,12.250000,3.583783,355400,-,3.822479,3.582504,3.563671,3.521616,1007492.0
08/07/1996,12.187500,12.250000,12.062500,12.250000,3.583783,439800,-,3.824282,3.583967,3.569156,3.512474,1022280.0
08/06/1996,12.250000,12.312500,12.187500,12.250000,3.583783,404200,-,3.826003,3.585795,3.575556,3.505160,1021252.0
08/05/1996,12.250000,12.375000,12.187500,12.312500,3.602070,416400,-,3.827724,3.588355,3.581955,3.497846,1023604.0
08/02/1996,12.187500,12.250000,12.000000,12.187500,3.565500,540200,-,3.829107,3.590549,3.585612,3.494189,1055388.0
08/01/1996,11.687500,12.125000,11.687500,11.937500,3.492360,840200,-,3.830179,3.594206,3.591098,3.496017,1093772.0
07/31/1996,11.750000,11.875000,11.750000,11.750000,3.437507,736600,-,3.831535,3.596781,3.604811,3.508817,1164928.0
07/30/1996,11.812500,11.812500,11.750000,11.750000,3.437507,305400,-,3.833248,3.601159,3.621267,3.528930,1157204.0
07/29/1996,11.875000,11.937500,11.750000,11.750000,3.437507,262800,-,3.835043,3.605890,3.639552,3.552700,1159440.0
07/26/1996,11.937500,12.062500,11.875000,11.937500,3.492360,341200,-,3.836920,3.610268,3.657836,3.578298,1177164.0
07/25/1996,12.125000,12.125000,11.875000,11.937500,3.492360,389200,-,3.838605,3.613903,3.666064,3.605725,1184300.0
07/24/1996,11.875000,12.125000,11.875000,12.000000,3.510644,995000,-,3.840372,3.617890,3.669721,3.625838,1188968.0
07/23/1996,12.062500,12.125000,12.000000,12.000000,3.510644,511200,-,3.841801,3.621159,3.672464,3.645951,1210516.0
07/22/1996,12.187500,12.312500,12.062500,12.187500,3.565500,498000,-,3.843148,3.623368,3.673378,3.666065,1219932.0
07/19/1996,12.437500,12.437500,12.187500,12.250000,3.583783,635400,-,3.844138,3.623419,3.668807,3.677035,1225564.0
07/18/1996,12.437500,12.500000,12.312500,12.375000,3.620353,978200,-,3.845119,3.623106,3.661493,3.686178,1234164.0
07/17/1996,12.562500,12.625000,12.312500,12.437500,3.638639,803800,-,3.846082,3.619941,3.651437,3.700805,1225544.0
07/16/1996,12.625000,12.750000,12.375000,12.562500,3.675208,1024000,-,3.846871,3.617117,3.639552,3.713604,1225360.0
07/15/1996,12.875000,12.875000,12.625000,12.625000,3.693490,869600,-,3.847313,3.612501,3.628581,3.726403,1221072.0
07/12/1996,12.687500,12.875000,12.562500,12.875000,3.766629,1159800,-,3.847746,3.608227,3.618524,3.737374,1213500.0
07/11/1996,12.750000,12.750000,12.500000,12.625000,3.693490,801400,-,3.847648,3.603550,3.603897,3.726404,1204228.0
07/10/1996,12.750000,12.750000,12.562500,12.687500,3.711776,1008400,-,3.847506,3.599629,3.593840,3.713604,1195432.0
07/09/1996,12.500000,12.750000,12.500000,12.687500,3.711776,652200,-,3.846861,3.595695,3.584698,3.698977,1194452.0
07/08/1996,12.500000,12.625000,12.437500,12.562500,3.675208,954400,-,3.846298,3.591408,3.577384,3.680692,1188856.0
07/05/1996,12.687500,12.687500,12.500000,12.562500,3.675208,415200,-,3.845919,3.588206,3.571899,3.660579,1179872.0
07/03/1996,12.875000,12.937500,12.812500,12.875000,3.766629,633000,-,3.845539,3.585004,3.567328,3.636809,1197528.0
07/02/1996,13.000000,13.062500,12.875000,12.875000,3.766629,696800,-,3.844291,3.579974,3.560928,3.602068,1215324.0
07/01/1996,13.000000,13.125000,12.875000,13.000000,3.803198,1795000,-,3.842632,3.574237,3.552243,3.565499,1216000.0
06/28/1996,12.562500,13.125000,12.562500,13.000000,3.803198,5100400,-,3.840791,3.568121,3.540358,3.530758,1197908.0
06/27/1996,12.250000,12.562500,12.187500,12.500000,3.656922,2041000,-,3.839031,3.561653,3.530302,3.499675,1105048.0
06/26/1996,12.187500,12.250000,12.125000,12.187500,3.565500,1005400,-,3.837757,3.558110,3.529387,3.481390,1170396.0
06/25/1996,12.187500,12.312500,12.062500,12.187500,3.565500,1918800,-,3.837186,3.555689,3.533959,3.474076,1178812.0
06/24/1996,12.000000,12.187500,11.937500,12.062500,3.528929,1145600,-,3.836451,3.553621,3.539444,3.470419,1164380.0
06/21/1996,11.875000,11.937500,11.812500,11.875000,3.474077,1662000,-,3.835899,3.552991,3.548586,3.474076,1181860.0
06/20/1996,11.625000,11.812500,11.531250,11.750000,3.437507,4207200,-,3.835703,3.552752,3.560471,3.483218,1165808.0
06/19/1996,11.625000,11.687500,11.562500,11.687500,3.419222,948400,-,3.835772,3.553950,3.576013,3.497846,1114068.0
06/18/1996,11.750000,11.812500,11.562500,11.625000,3.400937,1608000,-,3.836014,3.557634,3.586106,3.519788,1111072.0
06/17/1996,12.000000,12.000000,11.250000,11.812500,3.455791,908400,-,3.836595,3.562037,3.598880,3.538987,1100316.0
06/14/1996,11.875000,12.000000,11.875000,11.937500,3.492360,732600,-,3.836819,3.566756,3.609794,3.549958,1094160.0
06/13/1996,11.937500,12.000000,11.812500,11.875000,3.474077,737000,-,3.836861,3.571804,3.617997,3.560929,1094636.0
06/12/1996,11.937500,12.062500,11.937500,11.937500,3.492360,1152600,-,3.836994,3.577923,3.627997,3.577385,1144136.0
06/11/1996,12.125000,12.187500,12.062500,12.062500,3.528929,1730400,-,3.837117,3.583324,3.637966,3.593841,1160468.0
06/10/1996,12.250000,12.312500,12.187500,12.187500,3.565500,1093800,-,3.836893,3.587993,3.645223,3.608469,1222664.0
06/07/1996,12.125000,12.250000,12.062500,12.187500,3.565500,924400,-,3.836405,3.592638,3.648002,3.623096,1219332.0
06/06/1996,12.500000,12.500000,12.250000,12.250000,3.583783,900000,-,3.835834,3.597636,3.648132,3.637724,1217616.0
06/05/1996,12.250000,12.500000,12.250000,12.437500,3.638639,693000,-,3.835336,3.601561,3.647348,3.654180,1220204.0
06/04/1996,12.250000,12.375000,12.250000,12.281250,3.592927,544800,-,3.834482,3.604389,3.638521,3.652425,1233564.0
06/03/1996,12.250000,12.250000,12.125000,12.187500,3.565500,486800,-,3.834083,3.608485,3.633747,3.658773,1230192.0
05/31/1996,12.375000,12.437500,12.250000,12.312500,3.602070,522600,-,3.833578,3.613130,3.627694,3.669631,1253864.0
05/30/1996,12.437500,12.500000,12.375000,12.437500,3.638639,848600,-,3.832609,3.617749,3.621579,3.675065,1268372.0
05/29/1996,12.562500,12.625000,12.500000,12.500000,3.656922,1094800,-,3.831142,3.620931,3.616285,3.678609,1295504.0
05/28/1996,12.625000,12.687500,12.500000,12.562500,3.675208,388400,-,3.829663,3.623747,3.608311,3.682091,1294688.0
05/24/1996,12.625000,12.750000,12.625000,12.687500,3.711776,521800,-,3.828721,3.624784,3.600306,3.681978,1311084.0
05/23/1996,12.875000,12.937500,12.687500,12.687500,3.711776,2005600,-,3.827439,3.625443,3.589589,3.672909,1315136.0
05/22/1996,12.687500,12.812500,12.500000,12.812500,3.748346,2459400,-,3.826314,3.626456,3.579755,3.658540,1288896.0
05/21/1996,13.000000,13.000000,12.750000,12.812500,3.621084,4398000,-,3.825006,3.626737,3.568093,3.640515,1279772.0
05/20/1996,13.062500,13.062500,12.937500,12.937500,3.656412,350400,-,3.824491,3.630976,3.562794,3.624617,1227756.0
05/17/1996,13.000000,13.000000,12.937500,13.000000,3.674077,417200,-,3.823800,3.635922,3.553962,3.608720,1246696.0
05/16/1996,13.000000,13.000000,12.812500,12.937500,3.656412,1149000,-,3.823020,3.642987,3.545130,3.585757,1306404.0
05/15/1996,13.062500,13.125000,12.937500,13.000000,3.674077,698000,-,3.822250,3.650759,3.536298,3.568093,1297592.0
05/14/1996,13.062500,13.125000,13.000000,13.062500,3.691740,622600,-,3.821549,3.658531,3.526583,3.553962,1297100.0
05/13/1996,12.812500,13.062500,12.812500,13.000000,3.674077,2072400,-,3.821074,3.665244,3.514218,3.534531,1299540.0
05/10/1996,12.750000,12.875000,12.687500,12.812500,3.621084,982000,-,3.820530,3.671956,3.503620,3.518634,1289740.0
05/09/1996,12.562500,12.625000,12.500000,12.625000,3.568092,779600,-,3.820408,3.679375,3.497437,3.506269,1329104.0
05/08/1996,12.250000,12.625000,12.062500,12.625000,3.568092,1065400,-,3.820237,3.688560,3.492138,3.500970,1358380.0
05/07/1996,12.375000,12.375000,12.187500,12.250000,3.462110,547200,-,3.820223,3.697392,3.488606,3.495671,1391248.0
05/06/1996,12.250000,12.375000,12.187500,12.375000,3.497437,794600,-,3.820660,3.707990,3.495671,3.500970,1489608.0
05/03/1996,12.312500,12.312500,12.125000,12.187500,3.444446,809600,-,3.820685,3.721768,3.501853,3.499204,1533932.0
05/02/1996,12.375000,12.437500,12.250000,12.312500,3.479773,491000,-,3.820897,3.739785,3.514218,3.504503,1529324.0
05/01/1996,12.375000,12.625000,12.312500,12.500000,3.532766,696200,-,3.820853,3.754976,3.527466,3.504503,1529408.0
04/30/1996,12.437500,12.437500,12.312500,12.375000,3.497437,361600,-,3.820702,3.770167,3.539831,3.499204,1538716.0
04/29/1996,12.375000,12.500000,12.375000,12.437500,3.515102,959400,-,3.820727,3.787477,3.553079,3.493905,1559248.0
04/26/1996,12.437500,12.500000,12.312500,12.375000,3.497437,372400,-,3.820742,3.805678,3.565443,3.488606,1601696.0
04/25/1996,12.437500,12.500000,12.312500,12.437500,3.515102,505200,-,3.820846,3.824581,3.580457,3.488606,1609224.0
04/24/1996,12.375000,12.562500,12.312500,12.437500,3.515102,1298000,-,3.820939,3.843478,3.595472,3.483306,1623280.0
04/23/1996,12.250000,12.562500,12.187500,12.437500,3.515102,1522800,-,3.820876,3.860982,3.608719,3.481540,1609608.0
04/22/1996,12.375000,12.562500,12.187500,12.312500,3.479773,730600,-,3.820734,3.875713,3.621967,3.490372,1599052.0
04/19/1996,12.375000,12.500000,12.312500,12.375000,3.497437,890400,-,3.820848,3.891150,3.637865,3.504503,1598512.0
04/18/1996,12.312500,12.375000,12.250000,12.312500,3.479773,457400,-,3.821423,3.905556,3.652879,3.523933,1601192.0
04/17/1996,12.187500,12.375000,12.125000,12.312500,3.479773,5308400,-,3.821536,3.919638,3.670543,3.550429,1606592.0
04/16/1996,12.187500,12.250000,12.125000,12.187500,3.444446,1426200,-,3.821728,3.933720,3.686440,3.580458,1511960.0
04/15/1996,12.437500,12.437500,12.187500,12.250000,3.462110,1197200,-,3.821861,3.948169,3.704104,3.612252,1489268.0
04/12/1996,12.250000,12.500000,12.187500,12.375000,3.497437,2019600,-,3.822063,3.962943,3.717352,3.642281,1479892.0
04/11/1996,12.312500,12.375000,12.125000,12.250000,3.462110,859400,-,3.822166,3.976333,3.729717,3.672309,1448288.0
04/10/1996,12.687500,12.750000,12.312500,12.375000,3.497437,1620200,-,3.822211,3.990429,3.744731,3.707637,1446100.0
04/09/1996,12.812500,12.875000,12.750000,12.750000,3.603421,798600,-,3.822000,4.003480,3.757979,3.735899,1421180.0
04/08/1996,12.937500,12.937500,12.500000,12.812500,3.621084,1070200,-,3.821417,4.015089,3.769460,3.753563,1414176.0
04/04/1996,13.125000,13.187500,13.062500,13.062500,3.691740,600600,-,3.821060,4.026006,3.783591,3.771227,1416104.0
04/03/1996,13.250000,13.312500,13.187500,13.250000,3.744731,756400,-,3.819878,4.035849,3.800372,3.781825,1430252.0
04/02/1996,13.375000,13.437500,13.250000,13.375000,3.780060,3212000,-,3.818509,4.043954,3.815386,3.790657,1422036.0
04/01/1996,13.375000,13.437500,13.250000,13.312500,3.762393,1969200,-,3.817043,4.051691,3.829517,3.792423,1363324.0
03/29/1996,13.500000,13.500000,13.312500,13.312500,3.762393,4840200,-,3.815507,4.060798,3.842765,3.795956,1340148.0
03/28/1996,13.500000,13.562500,13.437500,13.437500,3.797722,927200,-,3.814129,4.069905,3.855130,3.792423,1260224.0
03/27/1996,13.375000,13.625000,13.375000,13.500000,3.815386,838600,-,3.812653,4.077967,3.864845,3.787124,1268976.0
03/26/1996,13.312500,13.437500,13.312500,13.375000,3.780060,1029400,-,3.811324,4.084659,3.875443,3.781825,1276604.0
03/25/1996,13.562500,13.937500,13.375000,13.375000,3.780060,1361000,-,3.809936,4.092057,3.886925,3.780058,1261200.0
03/22/1996,13.562500,13.562500,13.437500,13.437500,3.797722,376200,-,3.808390,4.099795,3.897523,3.785357,1242412.0
03/21/1996,13.625000,13.625000,13.437500,13.437500,3.797722,1670400,-,3.806993,4.106840,3.916953,3.795956,1246112.0
03/20/1996,13.437500,13.625000,13.437500,13.562500,3.833050,1248000,-,3.806302,4.113546,3.944332,3.818919,1221856.0
03/19/1996,13.500000,13.625000,13.250000,13.437500,3.797722,2205200,-,3.805748,4.119885,3.964646,3.840115,1202816.0
03/18/1996,13.250000,13.625000,13.250000,13.437500,3.797722,1054000,-,3.805450,4.127269,3.989375,3.866611,1159660.0
03/15/1996,13.250000,13.250000,13.125000,13.187500,3.727067,1208200,-,3.804837,4.134992,4.017637,3.889574,1153072.0
03/14/1996,13.250000,13.375000,13.250000,13.250000,3.744731,724400,-,3.803871,4.143451,4.052541,3.917836,1144940.0
03/13/1996,13.375000,13.375000,13.187500,13.312500,3.762393,693600,-,3.802817,4.151894,4.087433,3.942566,1147060.0
03/12/1996,13.437500,13.500000,13.125000,13.312500,3.762393,2003200,-,3.801360,4.158630,4.122312,3.969061,1151120.0
03/11/1996,13.625000,13.687500,13.312500,13.562500,3.833050,1797200,-,3.799511,4.165027,4.153707,3.993791,1140056.0
03/08/1996,14.000000,14.000000,13.750000,13.812500,3.903704,1297400,-,3.797701,4.169672,4.174636,4.009689,1121824.0
03/07/1996,14.187500,14.250000,14.125000,14.250000,4.027352,3402600,-,3.795066,4.172226,4.192032,4.037951,1104840.0
03/06/1996,14.250000,14.437500,14.250000,14.312500,4.045018,708400,-,3.791499,4.172985,4.201551,4.069746,1040416.0
03/05/1996,14.187500,14.375000,14.187500,14.375000,4.062679,673400,-,3.787766,4.172713,4.208494,4.089176,1038520.0
03/04/1996,14.125000,14.375000,14.125000,14.250000,4.027352,744600,-,3.783865,4.172088,4.214553,4.112139,1066432.0
03/01/1996,14.250000,14.312500,14.062500,14.187500,4.009689,1582400,-,3.780220,4.172508,4.221532,4.145700,1071644.0
02/29/1996,14.125000,14.187500,14.000000,14.125000,3.992026,2950200,-,3.776703,4.172603,4.231088,4.187245,1059432.0
02/28/1996,14.312500,14.437500,14.250000,14.250000,4.027352,2243400,-,3.773275,4.172714,4.239833,4.232299,1017172.0
02/27/1996,14.187500,14.312500,14.125000,14.187500,4.009689,2708800,-,3.769442,4.171440,4.246811,4.275563,1005932.0
02/26/1996,14.500000,14.500000,13.687500,14.125000,3.992026,5465200,-,3.765317,4.170519,4.253826,4.313624,967592.0
02/23/1996,15.312500,15.312500,14.562500,14.812500,4.186327,3010800,-,3.761432,4.170291,4.263418,4.339583,876056.0
02/22/1996,15.125000,15.375000,15.000000,15.375000,4.345302,579200,-,3.756804,4.166854,4.262448,4.346113,825044.0
02/21/1996,15.187500,15.250000,15.000000,15.000000,4.239319,495200,-,3.751228,4.159899,4.254377,4.333357,821848.0
02/20/1996,15.375000,15.437500,15.125000,15.187500,4.292309,1161600,-,3.746183,4.154724,4.249910,4.327812,819344.0
02/16/1996,15.687500,15.750000,15.437500,15.437500,4.362964,1388200,-,3.740873,4.148829,4.243641,4.316967,807544.0
02/15/1996,15.875000,16.250000,15.875000,15.875000,4.425141,3081800,-,3.735057,4.142537,4.236380,4.297364,797796.0
02/14/1996,15.937500,16.062500,15.812500,15.937500,4.442565,748800,-,3.728930,4.133646,4.226010,4.274930,751012.0
02/13/1996,15.750000,16.125000,15.750000,16.000000,4.459984,1208000,-,3.722335,4.123729,4.213922,4.247366,747440.0
02/12/1996,15.687500,15.750000,15.625000,15.750000,4.390301,614400,-,3.715577,4.113464,4.198422,4.218060,732016.0
02/09/1996,15.687500,15.750000,15.562500,15.687500,4.251621,995000,-,3.709320,4.104253,4.186406,4.194029,730556.0
02/08/1996,15.562500,15.687500,15.500000,15.687500,4.251621,703600,-,3.703756,4.098833,4.182172,4.187253,716084.0
02/07/1996,15.437500,15.687500,15.437500,15.562500,4.217744,1024400,-,3.698268,4.093413,4.177090,4.178784,710664.0
02/06/1996,15.375000,15.562500,15.375000,15.437500,4.183865,727400,-,3.692874,4.088331,4.172855,4.175396,702532.0
02/05/1996,15.250000,15.437500,15.187500,15.437500,4.183865,576800,-,3.687725,4.083249,4.171161,4.172008,690256.0
02/02/1996,15.437500,15.500000,15.312500,15.375000,4.166927,291600,-,3.682499,4.077829,4.170314,4.170314,689204.0
02/01/1996,15.437500,15.562500,15.437500,15.500000,4.200802,728400,-,3.677435,4.072409,4.171161,4.175396,694552.0
01/31/1996,15.375000,15.375000,15.312500,15.375000,4.166927,439400,-,3.672202,4.065294,4.168621,4.177090,684744.0
01/30/1996,15.375000,15.437500,15.250000,15.375000,4.166927,750000,-,3.667137,4.059535,4.168621,4.180478,691448.0
01/29/1996,15.375000,15.437500,15.125000,15.312500,4.149988,374200,-,3.661844,4.053437,4.165233,4.178784,706008.0
01/26/1996,15.312500,15.437500,15.250000,15.437500,4.183865,448400,-,3.657093,4.048694,4.161845,4.178784,822724.0
01/25/1996,15.375000,15.437500,15.312500,15.375000,4.166927,1166600,-,3.652173,4.041919,4.155917,4.177090,832916.0
01/24/1996,15.375000,15.562500,15.312500,15.437500,4.183865,1308000,-,3.647337,4.036160,4.149141,4.175396,841576.0
01/23/1996,15.312500,15.375000,15.250000,15.312500,4.149988,345600,-,3.642417,4.029398,4.143213,4.170314,868188.0
01/22/1996,15.500000,15.500000,15.375000,15.375000,4.166927,276400,-,3.637742,4.023971,4.137284,4.170314,867556.0
01/19/1996,15.500000,15.625000,15.500000,15.562500,4.217744,810400,-,3.632754,4.017548,4.130508,4.170314,869436.0
01/18/1996,15.562500,15.562500,15.312500,15.562500,4.217744,844000,-,3.627664,4.010437,4.122039,4.166927,900344.0
01/17/1996,15.312500,15.562500,15.312500,15.500000,4.200802,1364800,-,3.622117,4.002997,4.111876,4.160151,902268.0
01/16/1996,15.375000,15.375000,15.187500,15.312500,4.149988,1220000,-,3.616426,3.996883,4.101713,4.156763,884704.0
01/15/1996,15.312500,15.437500,15.312500,15.312500,4.149988,259200,-,3.610990,3.991784,4.092396,4.151682,894308.0
01/12/1996,15.375000,15.437500,15.250000,15.375000,4.166927,421600,-,3.605477,3.987344,4.083080,4.144906,904776.0
01/11/1996,15.250000,15.375000,15.187500,15.312500,4.149988,561200,-,3.599879,3.980920,4.073764,4.134743,903580.0
01/10/1996,15.187500,15.375000,15.187500,15.250000,4.133049,457600,-,3.594519,3.975493,4.066988,4.122886,900884.0
01/09/1996,15.375000,15.437500,15.250000,15.312500,4.149988,296000,-,3.589091,3.970076,4.060213,4.116111,905708.0
01/08/1996,15.375000,15.375000,15.312500,15.375000,4.166927,47400,-,3.583654,3.964978,4.051743,4.104254,915432.0
01/05/1996,15.125000,15.437500,15.125000,15.437500,4.183865,724600,-,3.577904,3.959212,4.043274,4.090703,927768.0
01/04/1996,15.437500,15.500000,15.250000,15.312500,4.149988,801600,-,3.571917,3.954423,4.036499,4.077152,961660.0
01/03/1996,15.125000,15.375000,15.062500,15.375000,4.166927,830400,-,3.566176,3.949982,4.028029,4.063601,970012.0
01/02/1996,15.000000,15.125000,14.875000,15.125000,4.099172,896600,-,3.560502,3.945202,4.017019,4.046662,961764.0
12/29/1995,14.937500,15.125000,14.875000,15.062500,4.082234,1450000,-,3.555319,3.940791,4.009397,4.033111,950468.0
12/28/1995,14.875000,15.000000,14.875000,15.000000,4.065295,885600,-,3.550297,3.934747,4.001774,4.021254,929688.0
12/27/1995,14.937500,15.000000,14.812500,14.875000,4.031416,448200,-,3.545284,3.928713,3.997539,4.012784,918720.0
12/26/1995,15.000000,15.000000,14.937500,15.000000,4.065295,181400,-,3.540517,3.923685,3.994999,4.011090,916996.0
12/22/1995,14.937500,15.000000,14.875000,14.875000,4.031416,613600,-,3.535503,3.918309,3.989917,4.004315,926640.0
12/21/1995,14.937500,15.000000,14.750000,14.875000,4.031416,2069000,-,3.530964,3.913938,3.984835,3.999233,943372.0
12/20/1995,14.812500,14.937500,14.687500,14.937500,4.048356,1005200,-,3.526120,3.909897,3.978907,3.995846,907328.0
12/19/1995,14.687500,14.875000,14.625000,14.812500,4.014478,971800,-,3.521344,3.905845,3.971284,3.995846,907200.0
12/18/1995,14.562500,14.750000,14.500000,14.750000,3.997540,837200,-,3.516814,3.901485,3.962815,3.992458,892260.0
12/15/1995,14.687500,14.687500,14.562500,14.625000,3.963662,1681400,-,3.512368,3.897134,3.956886,3.987376,890272.0
12/14/1995,14.687500,14.750000,14.625000,14.625000,3.963662,791800,-,3.508244,3.893133,3.951805,3.985682,865988.0
12/13/1995,14.750000,14.812500,14.625000,14.687500,3.980601,888400,-,3.504348,3.889460,3.949264,3.982294,856708.0
12/12/1995,14.812500,14.812500,14.687500,14.812500,4.014478,460200,-,3.500672,3.886106,3.942488,3.982294,853748.0
12/11/1995,14.687500,14.812500,14.562500,14.750000,3.997540,419400,-,3.496904,3.881746,3.935713,3.978907,857936.0
12/08/1995,14.812500,14.875000,14.500000,14.687500,3.980601,370000,-,3.492839,3.877067,3.928124,3.975519,871176.0
12/07/1995,14.750000,14.812500,14.625000,14.750000,3.997540,571600,-,3.489163,3.873056,3.923026,3.970437,875008.0
12/06/1995,14.687500,15.000000,14.687500,14.937500,4.048356,900800,-,3.485403,3.868048,3.915438,3.961968,877852.0
12/05/1995,14.562500,14.750000,14.562500,14.687500,3.980601,742600,-,3.481465,3.860381,3.906130,3.946723,881172.0
12/04/1995,14.562500,14.625000,14.562500,14.562500,3.946723,570200,-,3.477637,3.852425,3.899388,3.933172,878276.0
12/01/1995,14.500000,14.625000,14.437500,14.562500,3.946723,436800,-,3.473902,3.845475,3.896806,3.926396,892628.0
11/30/1995,14.687500,14.687500,14.500000,14.500000,3.929783,541400,-,3.470244,3.838526,3.894223,3.917927,899628.0
11/29/1995,14.750000,14.750000,14.625000,14.687500,3.980601,271400,-,3.466670,3.831915,3.894131,3.916233,913496.0
11/28/1995,14.625000,14.750000,14.500000,14.687500,3.980601,432600,-,3.462653,3.822644,3.887390,3.902682,928460.0
11/27/1995,14.500000,14.687500,14.500000,14.625000,3.963662,617800,-,3.458415,3.811730,3.882292,3.892519,932308.0
11/24/1995,14.437500,14.562500,14.437500,14.500000,3.929783,113600,-,3.454261,3.801155,3.877219,3.880729,938212.0
11/22/1995,14.375000,14.500000,14.312500,14.437500,3.912844,524200,-,3.450276,3.791586,3.875483,3.875615,969404.0
11/21/1995,14.125000,14.375000,14.125000,14.375000,3.895907,559000,-,3.446524,3.781369,3.873773,3.868907,967240.0
11/20/1995,14.312500,14.375000,14.125000,14.187500,3.845091,238000,-,3.443005,3.772478,3.876196,3.865537,963908.0
11/17/1995,14.250000,14.312500,14.187500,14.312500,3.878967,774600,-,3.439740,3.763945,3.880339,3.865605,967828.0
11/16/1995,14.375000,14.437500,14.062500,14.250000,3.862030,1478000,-,3.436453,3.754735,3.882788,3.867216,962084.0
11/15/1995,14.250000,14.437500,14.187500,14.437500,3.912844,6210000,-,3.433029,3.746192,3.883618,3.870520,948708.0
11/14/1995,14.312500,14.312500,14.125000,14.187500,3.845091,958000,-,3.429277,3.736962,3.876977,3.872030,839524.0
11/13/1995,14.375000,14.375000,14.187500,14.312500,3.878967,1599600,-,3.425863,3.729416,3.872902,3.872098,829800.0
11/10/1995,14.687500,14.687500,14.562500,14.625000,3.845769,2638600,-,3.422207,3.722178,3.867956,3.872065,804608.0
11/09/1995,14.750000,14.812500,14.687500,14.750000,3.878638,314000,-,3.418643,3.715275,3.865490,3.873708,758220.0
11/08/1995,14.750000,14.875000,14.625000,14.625000,3.845769,370400,-,3.414692,3.707715,3.862203,3.875352,756860.0
11/07/1995,14.687500,14.750000,14.562500,14.687500,3.862204,2355800,-,3.410906,3.700812,3.861381,3.878639,755172.0
11/06/1995,14.750000,14.750000,14.500000,14.625000,3.845769,940200,-,3.406964,3.693910,3.860560,3.886856,725532.0
11/03/1995,14.812500,14.875000,14.687500,14.812500,3.895074,486600,-,3.402956,3.686678,3.858094,3.895073,716992.0
11/02/1995,15.000000,15.000000,14.750000,14.812500,3.895074,1700200,-,3.398554,3.678132,3.852342,3.898360,715464.0
11/01/1995,14.625000,15.062500,14.625000,14.937500,3.927943,782600,-,3.394005,3.669257,3.845768,3.896716,695868.0
10/31/1995,14.750000,14.875000,14.562500,14.625000,3.845769,361800,-,3.389660,3.660382,3.838372,3.881925,706252.0
10/30/1995,14.687500,14.812500,14.687500,14.750000,3.878638,426400,-,3.385726,3.652822,3.836729,3.873707,749616.0
10/27/1995,14.750000,14.812500,14.625000,14.687500,3.862204,698800,-,3.381259,3.645512,3.832620,3.863846,809304.0
10/26/1995,14.750000,14.812500,14.687500,14.812500,3.895074,782200,-,3.376504,3.637559,3.827689,3.857272,804780.0
10/25/1995,14.875000,14.937500,14.750000,14.750000,3.878638,664200,-,3.371437,3.627822,3.821937,3.849055,862804.0
10/24/1995,15.000000,15.062500,14.875000,15.000000,3.944377,2419200,-,3.366526,3.617157,3.815363,3.844124,863184.0
10/23/1995,14.812500,15.062500,14.750000,14.937500,3.927943,1219200,-,3.361360,3.605492,3.801394,3.834263,864960.0
10/20/1995,14.750000,14.937500,14.687500,14.937500,3.927943,418000,-,3.356424,3.596668,3.784137,3.821115,849732.0
10/19/1995,14.375000,14.812500,14.375000,14.750000,3.878638,331800,-,3.351489,3.587215,3.767702,3.806324,846176.0
10/18/1995,14.312500,14.437500,14.312500,14.375000,3.780028,411000,-,3.346725,3.579378,3.753732,3.794819,846672.0
10/17/1995,14.375000,14.437500,14.312500,14.312500,3.763592,337200,-,3.342381,3.573512,3.744693,3.794819,847272.0
10/16/1995,14.500000,14.500000,14.312500,14.375000,3.780028,362000,-,3.338193,3.568603,3.732367,3.799750,850304.0
10/13/1995,14.500000,14.625000,14.375000,14.437500,3.796462,663600,-,3.333776,3.563366,3.715110,3.801393,854276.0
10/12/1995,14.500000,14.625000,14.500000,14.500000,3.812898,1450200,-,3.329497,3.557800,3.697032,3.798106,852880.0
10/11/1995,14.562500,14.625000,14.500000,14.562500,3.829333,266800,-,3.324989,3.551591,3.678954,3.794819,881324.0
10/10/1995,14.375000,14.625000,14.375000,14.625000,3.845769,998800,-,3.320472,3.545682,3.657588,3.786602,893128.0
10/09/1995,14.437500,14.437500,14.375000,14.437500,3.796462,224800,-,3.315947,3.540700,3.637866,3.768524,887208.0
10/06/1995,14.250000,14.437500,14.125000,14.375000,3.780028,737800,-,3.311595,3.536077,3.618966,3.747158,886800.0
10/05/1995,14.375000,14.375000,14.187500,14.312500,3.763592,467200,-,3.307103,3.532410,3.600888,3.729080,882540.0
10/04/1995,14.500000,14.500000,14.312500,14.375000,3.780028,327800,-,3.302694,3.527815,3.584453,3.712645,885944.0
10/03/1995,14.375000,14.500000,14.375000,14.500000,3.812898,740400,-,3.298128,3.523520,3.568018,3.694567,890140.0
10/02/1995,14.312500,14.437500,14.250000,14.437500,3.796462,669600,-,3.293472,3.518254,3.550761,3.664984,894364.0
09/29/1995,14.312500,14.500000,13.812500,14.312500,3.763592,1081400,-,3.288676,3.512374,3.536792,3.628827,897900.0
09/28/1995,14.250000,14.437500,14.250000,14.375000,3.780028,561600,-,3.284267,3.506837,3.523644,3.595958,893808.0
09/27/1995,13.875000,14.250000,13.875000,14.250000,3.747159,713800,-,3.279775,3.500657,3.509674,3.563088,902212.0
09/26/1995,13.687500,14.062500,13.625000,13.937500,3.664987,1066800,-,3.275595,3.495763,3.497348,3.528574,904380.0
09/25/1995,13.687500,13.687500,13.625000,13.625000,3.582808,597800,-,3.271753,3.492512,3.489952,3.507209,896476.0
09/22/1995,13.562500,13.687500,13.562500,13.687500,3.599245,1287800,-,3.268173,3.491219,3.485022,3.490774,891220.0
09/21/1995,13.625000,13.687500,13.562500,13.687500,3.599245,786800,-,3.264511,3.489598,3.478448,3.472696,869680.0
09/20/1995,13.312500,13.687500,13.312500,13.687500,3.599245,1234800,-,3.260850,3.488290,3.471052,3.456261,865060.0
09/19/1995,13.187500,13.375000,13.125000,13.375000,3.517071,1019600,-,3.257188,3.486354,3.465300,3.441469,850648.0
09/18/1995,13.000000,13.250000,13.000000,13.062500,3.434894,625000,-,3.253863,3.485748,3.462835,3.436538,851496.0
09/15/1995,13.187500,13.187500,13.062500,13.062500,3.434894,913000,-,3.250728,3.487099,3.466746,3.444756,856836.0
09/14/1995,13.062500,13.125000,13.000000,13.125000,3.451330,1673200,-,3.247814,3.490649,3.468229,3.451330,853952.0
09/13/1995,13.125000,13.250000,12.937500,12.937500,3.402025,416000,-,3.244744,3.491671,3.466074,3.456261,839068.0
09/12/1995,13.000000,13.125000,12.937500,13.125000,3.451330,392400,-,3.242290,3.493994,3.463242,3.466122,833728.0
09/11/1995,13.062500,13.062500,12.937500,13.000000,3.418461,434000,-,3.239589,3.494388,3.458731,3.472696,842668.0
09/08/1995,13.062500,13.062500,12.937500,13.000000,3.418461,487400,-,3.236905,3.496068,3.462145,3.479270,842524.0
09/07/1995,13.125000,13.125000,12.812500,13.062500,3.434894,809200,-,3.234000,3.498062,3.463989,3.484200,839836.0
09/06/1995,13.250000,13.375000,13.000000,13.125000,3.451330,750800,-,3.230938,3.498785,3.466581,3.485844,838864.0
09/05/1995,13.375000,13.375000,13.062500,13.187500,3.467765,471800,-,3.227794,3.498865,3.468352,3.489131,842792.0
09/01/1995,13.312500,13.375000,13.312500,13.375000,3.517071,340000,-,3.224568,3.499245,3.470872,3.489131,845968.0
08/31/1995,13.312500,13.375000,13.312500,13.312500,3.500635,319200,-,3.221170,3.499895,3.470927,3.488736,858968.0
08/30/1995,13.375000,13.375000,13.312500,13.312500,3.500635,246000,-,3.217779,3.498989,3.471803,3.485129,873308.0
08/29/1995,13.312500,13.375000,13.250000,13.312500,3.500635,286000,-,3.214611,3.498397,3.471894,3.475887,884388.0
08/28/1995,13.250000,13.375000,13.187500,13.375000,3.517071,873800,-,3.211368,3.498119,3.473555,3.460363,885744.0
08/25/1995,13.187500,13.312500,13.062500,13.250000,3.484202,513200,-,3.208487,3.496885,3.477536,3.444766,897756.0
08/24/1995,13.187500,13.187500,13.062500,13.187500,3.467765,410200,-,3.205770,3.496936,3.481590,3.445020,893968.0
08/23/1995,13.187500,13.250000,13.125000,13.125000,3.451330,720400,-,3.203209,3.497629,3.488036,3.443777,903200.0
08/22/1995,13.187500,13.250000,13.125000,13.250000,3.484202,1301800,-,3.200730,3.499594,3.492163,3.447319,904668.0
08/21/1995,13.375000,13.437500,13.125000,13.187500,3.467765,2530000,-,3.197939,3.499959,3.496217,3.447573,894764.0
08/18/1995,13.437500,13.562500,13.375000,13.562500,3.513124,3410800,-,3.195452,3.500025,3.500307,3.452613,863204.0
08/17/1995,13.562500,13.625000,13.375000,13.375000,3.464558,472600,-,3.192481,3.500126,3.499774,3.453117,839132.0
08/16/1995,13.312500,13.562500,13.187500,13.562500,3.408218,3683400,-,3.189752,3.504025,3.500883,3.458477,857680.0
08/15/1995,13.250000,13.312500,13.250000,13.312500,3.345394,683200,-,3.187306,3.510307,3.504025,3.467901,810040.0
08/14/1995,13.812500,13.812500,13.187500,13.375000,3.361099,2508000,-,3.185245,3.518160,3.511878,3.486748,833652.0
08/11/1995,13.812500,13.875000,13.750000,13.875000,3.486747,457800,-,3.182676,3.524443,3.518945,3.510307,841400.0
08/10/1995,13.875000,13.875000,13.750000,13.750000,3.455335,240200,-,3.179480,3.525385,3.520516,3.518160,845420.0
08/09/1995,13.937500,13.937500,13.687500,13.875000,3.486747,356600,-,3.176511,3.526956,3.523657,3.532296,860260.0
08/08/1995,14.000000,14.062500,13.812500,13.875000,3.486747,441000,-,3.173314,3.526641,3.526013,3.537008,871684.0
08/07/1995,14.062500,14.062500,13.937500,14.000000,3.518161,488800,-,3.170118,3.524757,3.526799,3.544861,881940.0
08/04/1995,14.000000,14.062500,13.875000,14.000000,3.518161,560600,-,3.166835,3.523814,3.525228,3.548002,901384.0
08/03/1995,13.812500,14.000000,13.687500,14.000000,3.518161,593800,-,3.163910,3.520987,3.524443,3.546431,916756.0
08/02/1995,14.125000,14.187500,13.875000,13.937500,3.502455,2872400,-,3.161057,3.516904,3.529154,3.543290,913112.0
08/01/1995,14.250000,14.375000,14.000000,14.062500,3.533866,857000,-,3.158140,3.512820,3.529154,3.540148,862380.0
07/31/1995,14.250000,14.312500,14.000000,14.312500,3.596690,702800,-,3.155136,3.507794,3.528369,3.537007,867020.0
07/28/1995,14.312500,14.312500,14.187500,14.187500,3.565278,204400,-,3.151748,3.501826,3.522087,3.527584,876132.0
07/27/1995,14.125000,14.312500,14.125000,14.312500,3.596690,524800,-,3.148444,3.496649,3.518946,3.522872,929648.0
07/26/1995,14.125000,14.250000,13.937500,14.062500,3.533866,637400,-,3.144984,3.490844,3.515019,3.515019,943976.0
07/25/1995,14.062500,14.187500,13.937500,14.187500,3.565278,537600,-,3.141694,3.485381,3.511878,3.515019,943372.0
07/24/1995,14.000000,14.187500,14.000000,14.125000,3.549572,951600,-,3.138033,3.477767,3.506381,3.508737,951212.0
07/21/1995,13.812500,13.937500,13.812500,13.937500,3.502455,846400,-,3.134379,3.471076,3.503239,3.502454,944560.0
07/20/1995,13.875000,13.875000,13.687500,13.875000,3.486747,876800,-,3.130961,3.466241,3.505595,3.502454,937708.0
07/19/1995,13.937500,13.937500,13.625000,13.812500,3.471041,981800,-,3.127835,3.461111,3.504025,3.515019,932812.0
07/18/1995,13.875000,14.000000,13.812500,13.937500,3.502455,822200,-,3.125075,3.456296,3.504025,3.518161,923816.0
07/17/1995,14.000000,14.062500,13.875000,13.937500,3.502455,671600,-,3.122086,3.450852,3.503239,3.519731,929464.0
07/14/1995,13.937500,14.000000,13.875000,14.000000,3.518161,335000,-,3.118953,3.444798,3.500883,3.516590,934440.0
07/13/1995,14.000000,14.062500,13.875000,14.000000,3.518161,210800,-,3.115313,3.438431,3.499313,3.515019,966220.0
07/12/1995,13.812500,14.125000,13.812500,14.062500,3.533866,555800,-,3.111387,3.430539,3.498527,3.515019,973676.0
07/11/1995,13.812500,14.000000,13.750000,13.937500,3.502455,514200,-,3.107239,3.422029,3.499313,3.508737,977448.0
07/10/1995,14.000000,14.000000,13.750000,13.875000,3.486747,1062000,-,3.103391,3.414757,3.499313,3.504025,977348.0
07/07/1995,14.250000,14.250000,13.875000,13.937500,3.502455,892000,-,3.099765,3.407799,3.498527,3.504025,969428.0
07/06/1995,13.812500,14.375000,13.812500,14.375000,3.612397,768800,-,3.096204,3.400831,3.499313,3.508737,971884.0
07/05/1995,14.000000,14.125000,13.937500,13.937500,3.502455,929000,-,3.092235,3.391360,3.501669,3.493030,969796.0
07/03/1995,13.875000,14.125000,13.812500,14.000000,3.518161,149000,-,3.088960,3.384392,3.512663,3.489889,970176.0
06/30/1995,14.000000,14.187500,13.812500,13.812500,3.471041,839400,-,3.085606,3.376805,3.523657,3.486748,978524.0
06/29/1995,14.000000,14.000000,13.875000,13.937500,3.502455,426800,-,3.082631,3.370466,3.533866,3.485177,965628.0
06/28/1995,13.875000,14.125000,13.812500,14.000000,3.518161,353000,-,3.079141,3.363498,3.535437,3.483606,964320.0
06/27/1995,13.750000,13.937500,13.750000,13.812500,3.471041,760600,-,3.075858,3.356217,3.536222,3.482036,968840.0
06/26/1995,13.750000,13.875000,13.687500,13.750000,3.455335,947200,-,3.072883,3.348963,3.536222,3.489889,968072.0
06/23/1995,14.062500,14.062500,13.875000,13.875000,3.486747,630600,-,3.070344,3.343852,3.533081,3.494601,958760.0
06/22/1995,13.875000,14.125000,13.812500,14.125000,3.549572,990000,-,3.067648,3.338113,3.532295,3.493030,958788.0
06/21/1995,13.812500,13.875000,13.625000,13.750000,3.455335,1036200,-,3.064709,3.331117,3.523657,3.489889,950392.0
06/20/1995,13.875000,13.875000,13.750000,13.812500,3.471041,800000,-,3.062385,3.326006,3.516589,3.510307,942144.0
06/19/1995,13.812500,13.937500,13.812500,13.875000,3.486747,353800,-,3.060197,3.320885,3.507951,3.535436,935208.0
06/16/1995,13.812500,13.875000,13.750000,13.750000,3.455335,1474400,-,3.058216,3.314537,3.497742,3.560566,938332.0
06/15/1995,13.937500,13.937500,13.812500,13.875000,3.486747,323800,-,3.056535,3.309426,3.489889,3.582555,927176.0
06/14/1995,14.125000,14.125000,13.875000,13.937500,3.502455,871800,-,3.054841,3.301858,3.480874,3.587267,950244.0
06/13/1995,14.187500,14.250000,14.062500,14.125000,3.549572,793800,-,3.052996,3.293062,3.471073,3.590408,953248.0
06/12/1995,13.937500,14.250000,13.937500,13.937500,3.502455,806600,-,3.050988,3.283323,3.456631,3.582555,960804.0
06/09/1995,14.000000,14.000000,13.687500,13.812500,3.471041,952000,-,3.049143,3.274222,3.440736,3.571560,953808.0
06/08/1995,14.500000,14.500000,13.937500,14.000000,3.518161,2207200,-,3.047527,3.265750,3.427934,3.571560,955256.0
06/07/1995,14.750000,14.750000,14.437500,14.562500,3.659513,1400000,-,3.045819,3.256944,3.415063,3.557425,923172.0
06/06/1995,14.812500,14.812500,14.750000,14.812500,3.722339,1301400,-,3.043332,3.244702,3.393600,3.522872,908172.0
06/05/1995,14.687500,14.875000,14.687500,14.875000,3.738046,1863800,-,3.040746,3.231508,3.368996,3.480465,895892.0
06/02/1995,14.125000,14.625000,14.125000,14.625000,3.675222,2895400,-,3.037723,3.217086,3.343607,3.434918,866936.0
06/01/1995,14.000000,14.125000,13.937500,14.062500,3.533866,658800,-,3.034866,3.203311,3.319835,3.397223,848740.0
05/31/1995,13.875000,14.062500,13.812500,14.062500,3.533866,982200,-,3.032855,3.192668,3.303130,3.374480,852332.0
05/30/1995,13.562500,13.875000,13.562500,13.812500,3.471041,927800,-,3.030565,3.182634,3.282617,3.351738,848620.0
05/26/1995,13.875000,13.875000,13.500000,13.500000,3.392509,953800,-,3.028659,3.174466,3.264483,3.330707,853184.0
05/25/1995,13.625000,13.875000,13.562500,13.812500,3.471041,1461000,-,3.026937,3.168174,3.251799,3.309911,857640.0
05/24/1995,13.250000,13.500000,13.250000,13.437500,3.376804,1329200,-,3.024753,3.160006,3.235189,3.284308,836856.0
05/23/1995,13.187500,13.250000,13.125000,13.187500,3.313982,411600,-,3.023040,3.154028,3.224052,3.272701,836072.0
05/22/1995,13.125000,13.250000,13.000000,13.125000,3.298275,335800,-,3.021711,3.149001,3.215295,3.264329,833540.0
05/19/1995,13.125000,13.187500,13.062500,13.062500,3.282569,1089000,-,3.019973,3.145507,3.208085,3.257527,835720.0
05/18/1995,13.250000,13.312500,13.062500,13.125000,3.298275,1158400,-,3.018661,3.141109,3.200898,3.252296,837644.0
05/17/1995,13.562500,13.562500,13.375000,13.562500,3.306441,2880200,-,3.017271,3.137006,3.193688,3.242447,835984.0
05/16/1995,13.312500,13.625000,13.312500,13.562500,3.306441,1241200,-,3.015771,3.133044,3.186069,3.231781,798220.0
05/15/1995,13.062500,13.437500,13.062500,13.375000,3.260732,607200,-,3.014201,3.129083,3.178451,3.213496,781760.0
05/12/1995,13.125000,13.125000,12.875000,13.062500,3.184547,929600,-,3.012442,3.126645,3.170832,3.198259,795456.0
05/11/1995,13.312500,13.312500,13.125000,13.187500,3.215019,619000,-,3.010855,3.126645,3.171594,3.193688,809372.0
05/10/1995,13.250000,13.375000,13.187500,13.375000,3.260732,503800,-,3.009046,3.127254,3.170832,3.186069,818980.0
05/09/1995,13.312500,13.375000,13.125000,13.250000,3.230257,632000,-,3.006939,3.127254,3.167785,3.175403,824556.0
05/08/1995,13.250000,13.375000,13.187500,13.250000,3.230257,532000,-,3.005054,3.126340,3.166261,3.166261,824544.0
05/05/1995,13.125000,13.250000,13.062500,13.250000,3.230257,1104600,-,3.003238,3.126645,3.165499,3.158642,823392.0
05/04/1995,13.062500,13.187500,13.062500,13.125000,3.199782,920400,-,3.001284,3.126950,3.162452,3.149500,821792.0
05/03/1995,12.750000,13.125000,12.750000,13.125000,3.199782,1924000,-,2.999481,3.128169,3.162452,3.144929,816152.0
05/02/1995,12.812500,12.812500,12.687500,12.812500,3.123597,583600,-,2.997818,3.128473,3.157880,3.140358,803660.0
05/01/1995,12.812500,12.812500,12.687500,12.750000,3.108359,744400,-,2.996467,3.129997,3.154833,3.143406,802592.0
04/28/1995,12.875000,12.875000,12.750000,12.875000,3.138834,509200,-,2.995052,3.132130,3.152548,3.143406,820908.0
04/27/1995,12.875000,12.875000,12.750000,12.875000,3.138834,666000,-,2.993833,3.133654,3.147976,3.149500,857668.0
04/26/1995,12.875000,12.937500,12.750000,12.937500,3.154072,1014800,-,2.992474,3.134422,3.143405,3.155595,873304.0
04/25/1995,12.875000,12.937500,12.812500,12.875000,3.138834,664400,-,2.991110,3.133998,3.139596,3.160166,860404.0
04/24/1995,12.875000,13.000000,12.687500,12.937500,3.154072,948000,-,2.989960,3.133880,3.135025,3.166261,855044.0
04/21/1995,13.000000,13.000000,12.812500,12.875000,3.138834,566400,-,2.988873,3.133456,3.130454,3.172356,849068.0
04/20/1995,12.937500,13.000000,12.875000,12.937500,3.154072,194600,-,2.988002,3.133929,3.124359,3.175403,845832.0
04/19/1995,12.937500,13.000000,12.812500,12.937500,3.154072,361400,-,2.986985,3.134687,3.115979,3.179974,850952.0
04/18/1995,12.875000,12.937500,12.750000,12.937500,3.154072,579000,-,2.986038,3.135446,3.108360,3.175403,850564.0
04/17/1995,13.062500,13.125000,12.750000,12.750000,3.108359,722200,-,2.985230,3.136796,3.102265,3.166261,867888.0
04/13/1995,13.062500,13.250000,13.000000,13.125000,3.199782,481600,-,2.984302,3.138173,3.099980,3.161690,865444.0
04/12/1995,13.125000,13.125000,13.000000,13.125000,3.199782,632000,-,2.982917,3.137427,3.093885,3.146453,875320.0
04/11/1995,13.187500,13.250000,13.062500,13.125000,3.199782,570200,-,2.981533,3.136680,3.087028,3.131216,872120.0
04/10/1995,13.062500,13.187500,13.000000,13.125000,3.199782,623800,-,2.980148,3.135638,3.080934,3.119026,870040.0
04/07/1995,13.062500,13.187500,13.000000,13.187500,3.215019,453200,-,2.978555,3.134301,3.074077,3.103789,867040.0
04/06/1995,13.187500,13.187500,13.000000,13.000000,3.169310,510000,-,2.976885,3.131772,3.069506,3.088552,861248.0
04/05/1995,12.812500,13.312500,12.750000,13.125000,3.199782,916600,-,2.975444,3.130157,3.064173,3.073315,862448.0
04/04/1995,12.625000,12.875000,12.625000,12.750000,3.108359,1477200,-,2.973642,3.127637,3.058840,3.051983,864848.0
04/03/1995,12.562500,12.687500,12.562500,12.562500,3.062649,1022000,-,2.972714,3.126354,3.058840,3.041317,852920.0
03/31/1995,12.437500,12.562500,12.312500,12.562500,3.062649,1171600,-,2.972224,3.125395,3.061125,3.038270,848336.0
03/30/1995,12.562500,12.562500,12.375000,12.500000,3.047412,456800,-,2.972012,3.123844,3.064935,3.038270,839424.0
03/29/1995,12.625000,12.875000,12.437500,12.500000,3.047412,1024400,-,2.972154,3.124076,3.071791,3.041317,850032.0
03/28/1995,12.437500,12.625000,12.375000,12.625000,3.077887,603000,-,2.972506,3.124308,3.081696,3.042841,850696.0
03/27/1995,12.687500,12.687500,12.437500,12.500000,3.047412,650000,-,2.972705,3.122453,3.090838,3.042841,857680.0
03/24/1995,12.437500,12.625000,12.375000,12.562500,3.062649,687400,-,2.972987,3.119729,3.097695,3.044365,853164.0
03/23/1995,12.312500,12.375000,12.250000,12.375000,3.016938,416000,-,2.973262,3.116110,3.106837,3.050460,844568.0
03/22/1995,12.312500,12.375000,12.187500,12.250000,2.986463,1985600,-,2.973696,3.113700,3.118265,3.055031,853644.0
03/21/1995,12.375000,12.437500,12.250000,12.312500,3.001700,838400,-,2.974492,3.112195,3.131978,3.065697,820792.0
03/20/1995,12.625000,12.625000,12.375000,12.437500,3.032175,796600,-,2.975211,3.110977,3.142644,3.076363,809040.0
03/17/1995,12.625000,12.625000,12.562500,12.562500,3.062649,1156000,-,2.975917,3.109149,3.151025,3.083981,800720.0
03/16/1995,12.625000,12.750000,12.562500,12.625000,3.077887,1176600,-,2.976262,3.106416,3.158643,3.091600,783340.0
03/15/1995,12.562500,12.625000,12.500000,12.562500,3.062649,421800,-,2.976391,3.103083,3.165500,3.102266,776736.0
03/14/1995,12.687500,12.750000,12.562500,12.625000,3.077887,1290000,-,2.976249,3.100350,3.171229,3.120550,774264.0
03/13/1995,12.687500,12.750000,12.562500,12.562500,3.062649,285000,-,2.975961,3.096722,3.173979,3.138835,754716.0
03/10/1995,12.687500,12.812500,12.500000,12.812500,3.123597,444800,-,2.976027,3.094284,3.177492,3.151024,756728.0
03/09/1995,12.687500,12.750000,12.500000,12.562500,3.062649,1185200,-,2.975650,3.090037,3.177957,3.163214,754120.0
03/08/1995,12.812500,12.875000,12.687500,12.687500,3.093123,1075400,-,2.975229,3.087304,3.182947,3.181499,745444.0
03/07/1995,12.750000,12.750000,12.500000,12.750000,3.108359,992000,-,2.974586,3.084258,3.187891,3.198260,733392.0
03/06/1995,12.812500,12.875000,12.625000,12.750000,3.108359,418200,-,2.973937,3.080611,3.192074,3.208926,729588.0
03/03/1995,13.000000,13.000000,12.812500,12.875000,3.138834,1292000,-,2.973149,3.076077,3.197734,3.218068,734852.0
03/02/1995,13.312500,13.312500,12.937500,13.062500,3.184547,1625400,-,2.972063,3.070934,3.199654,3.225686,717820.0
03/01/1995,13.375000,13.375000,13.187500,13.312500,3.245496,1099400,-,2.970546,3.064581,3.198550,3.228734,697124.0
02/28/1995,13.062500,13.375000,13.000000,13.375000,3.260732,782600,-,2.968589,3.057304,3.194397,3.221907,715112.0
02/27/1995,13.312500,13.312500,13.062500,13.062500,3.184547,631400,-,2.966624,3.048836,3.188745,3.209124,713608.0
02/24/1995,13.250000,13.375000,13.250000,13.312500,3.245496,474400,-,2.964701,3.042779,3.186162,3.203959,711960.0
02/23/1995,13.437500,13.500000,13.250000,13.312500,3.245496,1024600,-,2.962541,3.035503,3.178316,3.192700,733428.0
02/22/1995,13.187500,13.437500,13.187500,13.375000,3.260732,638400,-,2.960787,3.028817,3.170469,3.184395,727416.0
02/21/1995,13.125000,13.312500,13.000000,13.187500,3.215019,1299400,-,2.958551,3.021532,3.161122,3.177523,725288.0
02/17/1995,13.187500,13.187500,13.062500,13.125000,3.199782,530200,-,2.957017,3.014569,3.152583,3.175222,716348.0
02/16/1995,13.250000,13.250000,13.125000,13.187500,3.215019,1660200,-,2.955829,3.007912,3.143327,3.177401,717828.0
02/15/1995,13.125000,13.312500,13.125000,13.187500,3.215019,2347200,-,2.954836,3.000949,3.131832,3.173622,701088.0
02/14/1995,13.312500,13.437500,13.312500,13.437500,3.177232,1447800,-,2.953979,2.993987,3.124032,3.168365,663772.0
02/13/1995,13.312500,13.375000,13.250000,13.250000,3.132899,369800,-,2.953377,2.987484,3.118121,3.166887,642004.0
02/10/1995,13.250000,13.312500,13.250000,13.250000,3.132899,396400,-,2.953201,2.980982,3.110732,3.168365,646128.0
02/09/1995,13.375000,13.375000,13.125000,13.250000,3.132899,649200,-,2.952686,2.975367,3.099648,3.168365,660892.0
02/08/1995,13.500000,13.625000,13.375000,13.375000,3.162453,404600,-,2.952171,2.969455,3.087087,3.163932,679784.0
02/07/1995,13.562500,13.562500,13.437500,13.500000,3.192010,450600,-,2.951576,2.964431,3.073787,3.156543,712392.0
02/06/1995,13.500000,13.625000,13.500000,13.500000,3.192010,342000,-,2.951036,2.958815,3.059748,3.144721,715404.0
02/03/1995,13.500000,13.687500,13.437500,13.625000,3.221566,1445200,-,2.950835,2.952609,3.047187,3.129943,722652.0
02/02/1995,13.375000,13.437500,13.250000,13.437500,3.177232,600000,-,2.950350,2.944924,3.033148,3.109254,710964.0
02/01/1995,13.375000,13.562500,13.312500,13.375000,3.162453,975400,-,2.949546,2.937831,3.020587,3.090043,704064.0
01/31/1995,13.312500,13.437500,13.250000,13.375000,3.162453,472000,-,2.948681,2.931033,3.008026,3.079698,694476.0
01/30/1995,13.187500,13.375000,13.187500,13.312500,3.147676,466200,-,2.947883,2.924235,2.996203,3.069354,701720.0
01/27/1995,13.125000,13.312500,13.125000,13.250000,3.132899,473800,-,2.947091,2.918029,2.983642,3.053098,704976.0
01/26/1995,13.062500,13.125000,13.000000,13.062500,3.088565,163600,-,2.946306,2.911822,2.974037,3.030931,709640.0
01/25/1995,13.062500,13.187500,13.000000,13.062500,3.088565,570000,-,2.945810,2.907389,2.965170,3.010242,722876.0
01/24/1995,12.875000,13.062500,12.875000,13.000000,3.073786,1036600,-,2.945381,2.902660,2.957042,2.991031,732136.0
01/23/1995,12.687500,12.875000,12.625000,12.875000,3.044232,880800,-,2.945230,2.900000,2.950392,2.974776,720308.0
01/20/1995,12.687500,12.812500,12.562500,12.750000,3.014675,792800,-,2.945226,2.897931,2.944481,2.964431,744200.0
01/19/1995,12.812500,12.875000,12.562500,12.625000,2.985120,726000,-,2.945167,2.896749,2.937831,2.957042,757836.0
01/18/1995,12.875000,12.937500,12.750000,12.937500,3.059010,987200,-,2.945391,2.896158,2.932659,2.951131,754744.0
01/17/1995,12.625000,12.937500,12.625000,12.937500,3.059010,1057600,-,2.944908,2.893498,2.923053,2.936353,755472.0
01/16/1995,12.375000,12.750000,12.375000,12.625000,2.985120,952200,-,2.944627,2.891724,2.914186,2.923053,748024.0
01/13/1995,12.375000,12.437500,12.312500,12.312500,2.911231,424200,-,2.944581,2.890400,2.906797,2.914186,765884.0
01/12/1995,12.250000,12.312500,12.187500,12.187500,2.881675,257600,-,2.945107,2.890554,2.905320,2.917142,771192.0
01/11/1995,12.375000,12.437500,12.125000,12.250000,2.896453,869800,-,2.945848,2.891299,2.905320,2.920098,777956.0
01/10/1995,12.437500,12.500000,12.312500,12.312500,2.911231,343000,-,2.946380,2.892034,2.906059,2.923053,779460.0
01/09/1995,12.437500,12.500000,12.375000,12.437500,2.940787,250800,-,2.946838,2.890757,2.905320,2.926009,784028.0
01/06/1995,12.375000,12.437500,12.250000,12.437500,2.940787,380600,-,2.947284,2.888889,2.901625,2.924531,795756.0
01/05/1995,12.312500,12.375000,12.312500,12.375000,2.926008,287000,-,2.947865,2.887306,2.897931,2.918620,803748.0
01/04/1995,12.312500,12.437500,12.187500,12.312500,2.911231,846400,-,2.948385,2.885734,2.894975,2.914186,816692.0
01/03/1995,12.250000,12.375000,12.250000,12.375000,2.926008,298200,-,2.948843,2.884457,2.892758,2.909753,831780.0
12/30/1994,12.437500,12.437500,12.187500,12.250000,2.896453,312600,-,2.949227,2.883170,2.889064,2.905319,836980.0
12/29/1994,12.312500,12.437500,12.250000,12.437500,2.940787,385600,-,2.949895,2.883905,2.884631,2.899408,835592.0
12/28/1994,12.375000,12.437500,12.250000,12.312500,2.911231,314400,-,2.950341,2.884040,2.880197,2.893497,837444.0
12/27/1994,12.500000,12.562500,12.312500,12.375000,2.926008,751400,-,2.951002,2.884194,2.876503,2.890542,841544.0
12/23/1994,12.312500,12.500000,12.312500,12.437500,2.940787,472800,-,2.951522,2.884338,2.875764,2.889064,839612.0
12/22/1994,12.250000,12.375000,12.187500,12.375000,2.926008,801800,-,2.951832,2.883901,2.874286,2.884631,839140.0
12/21/1994,12.125000,12.312500,12.125000,12.187500,2.881675,681400,-,2.952284,2.883473,2.872069,2.878719,830988.0
12/20/1994,12.125000,12.187500,12.062500,12.187500,2.881675,440400,-,2.952958,2.883932,2.869853,2.877241,837436.0
12/19/1994,12.187500,12.187500,12.125000,12.125000,2.866896,590600,-,2.953564,2.883818,2.866897,2.875764,834972.0
12/16/1994,12.062500,12.187500,12.000000,12.187500,2.881675,1998800,-,2.954109,2.883141,2.864681,2.875764,832448.0
12/15/1994,12.187500,12.187500,11.937500,12.000000,2.837343,707400,-,2.954444,2.881883,2.861725,2.872808,797248.0
12/14/1994,12.187500,12.187500,12.125000,12.187500,2.881675,549000,-,2.955069,2.881511,2.861725,2.869853,792760.0
12/13/1994,12.312500,12.437500,12.125000,12.187500,2.881675,1547800,-,2.955066,2.881111,2.858770,2.866897,804676.0
12/12/1994,12.125000,12.312500,12.062500,12.312500,2.911231,724000,-,2.955199,2.881856,2.858031,2.862464,801308.0
12/09/1994,12.125000,12.250000,12.000000,12.250000,2.896453,532000,-,2.955049,2.881724,2.855075,2.862464,806720.0
12/08/1994,12.187500,12.375000,12.062500,12.125000,2.866896,852400,-,2.954904,2.881314,2.857292,2.863942,824136.0
12/07/1994,12.000000,12.187500,12.000000,12.125000,2.866896,604200,-,2.954908,2.879779,2.860986,2.865420,827032.0
12/06/1994,12.187500,12.250000,12.062500,12.125000,2.866896,823200,-,2.954776,2.877099,2.865420,2.862464,837068.0
12/05/1994,12.062500,12.250000,12.062500,12.125000,2.866896,481400,-,2.954239,2.873847,2.869853,2.858031,838040.0
12/02/1994,11.875000,12.125000,11.875000,12.062500,2.852120,359400,-,2.953904,2.871167,2.872809,2.853598,846880.0
12/01/1994,12.000000,12.062500,11.812500,11.875000,2.807787,576000,-,2.953644,2.869356,2.878720,2.850642,867268.0
11/30/1994,12.062500,12.125000,12.000000,12.062500,2.852120,1134600,-,2.953735,2.869003,2.884276,2.853598,873400.0
11/29/1994,12.312500,12.375000,11.937500,12.000000,2.837343,1593800,-,2.953735,2.868335,2.887616,2.850642,861548.0
11/28/1994,12.250000,12.406250,12.250000,12.312500,2.911231,2035000,-,2.953941,2.868536,2.891695,2.853598,845128.0
11/25/1994,12.250000,12.437500,12.187500,12.312500,2.911231,601200,-,2.953712,2.867259,2.892795,2.847686,828544.0
11/23/1994,12.000000,12.375000,11.937500,12.187500,2.881675,704400,-,2.953746,2.866554,2.889602,2.850642,827720.0
11/22/1994,12.000000,12.250000,11.937500,12.000000,2.837343,860800,-,2.953927,2.865009,2.887886,2.856553,828604.0
11/21/1994,11.937500,12.062500,11.937500,11.937500,2.822564,255000,-,2.954330,2.865496,2.889103,2.868376,832352.0
11/18/1994,12.000000,12.000000,11.937500,11.937500,2.822564,496000,-,2.954676,2.866565,2.890344,2.881676,840468.0
11/17/1994,12.000000,12.000000,11.937500,11.937500,2.822564,834200,-,2.955416,2.869064,2.891584,2.892020,844848.0
11/16/1994,11.937500,12.000000,11.937500,12.000000,2.837343,629000,-,2.956156,2.871563,2.893540,2.906798,841416.0
11/15/1994,12.125000,12.125000,11.875000,11.937500,2.822564,707000,-,2.956887,2.874053,2.898334,2.914955,837672.0
11/14/1994,12.125000,12.250000,12.125000,12.125000,2.866896,825400,-,2.957956,2.877411,2.904583,2.924590,827776.0
11/11/1994,12.312500,12.375000,12.000000,12.062500,2.852120,1033000,-,2.958737,2.880741,2.907184,2.929792,819464.0
11/10/1994,12.500000,12.500000,12.375000,12.437500,2.940787,445200,-,2.959724,2.885511,2.911239,2.937903,805960.0
11/09/1994,12.625000,12.687500,12.437500,12.437500,2.940787,2075400,-,2.959807,2.889080,2.910145,2.928561,804196.0
11/08/1994,12.500000,12.562500,12.375000,12.500000,2.955566,1474600,-,2.959561,2.893221,2.908336,2.919220,773140.0
11/07/1994,12.375000,12.562500,12.375000,12.500000,2.955566,571400,-,2.959110,2.896781,2.905788,2.909831,752168.0
11/04/1994,12.562500,12.562500,12.375000,12.375000,2.926008,1023600,-,2.958857,2.900626,2.901809,2.899012,751520.0
11/03/1994,12.500000,12.625000,12.500000,12.562500,2.970341,685200,-,2.958751,2.904777,2.897162,2.891148,740844.0
11/02/1994,12.750000,12.875000,12.687500,12.750000,2.918916,1845200,-,2.958423,2.908327,2.889583,2.880282,743828.0
11/01/1994,12.625000,12.750000,12.562500,12.750000,2.918916,689600,-,2.958287,2.913478,2.884575,2.881713,716600.0
10/31/1994,12.875000,12.937500,12.750000,12.750000,2.918916,595800,-,2.958216,2.918343,2.881713,2.884575,726352.0
10/28/1994,12.500000,12.875000,12.500000,12.812500,2.933225,945000,-,2.958212,2.924066,2.881713,2.884575,748260.0
10/27/1994,12.437500,12.562500,12.375000,12.437500,2.847373,571400,-,2.958267,2.928073,2.880283,2.884575,782296.0
10/26/1994,12.500000,12.500000,12.375000,12.437500,2.847373,837200,-,2.958751,2.933201,2.881713,2.891729,813264.0
10/25/1994,12.312500,12.500000,12.250000,12.500000,2.861681,780200,-,2.959367,2.938886,2.878852,2.897453,809264.0
10/24/1994,12.500000,12.562500,12.375000,12.437500,2.847373,934200,-,2.960043,2.943171,2.872413,2.901745,815020.0
10/21/1994,12.437500,12.500000,12.312500,12.437500,2.847373,1600800,-,2.960856,2.948021,2.865259,2.904607,817000.0
10/20/1994,12.812500,12.812500,12.500000,12.500000,2.861681,558200,-,2.961669,2.952035,2.859535,2.903176,820748.0
10/19/1994,12.875000,12.875000,12.750000,12.812500,2.933225,243200,-,2.962608,2.955486,2.854528,2.898884,814040.0
10/18/1994,12.812500,12.937500,12.750000,12.875000,2.947533,478200,-,2.963320,2.957505,2.847373,2.887437,822316.0
10/17/1994,12.812500,12.875000,12.687500,12.750000,2.918916,519400,-,2.963961,2.959516,2.840934,2.878852,831996.0
10/14/1994,12.750000,12.875000,12.562500,12.812500,2.933225,654800,-,2.965270,2.960152,2.837357,2.878852,830672.0
10/13/1994,12.875000,12.937500,12.687500,12.750000,2.918916,449200,-,2.966706,2.961893,2.833065,2.875990,826416.0
10/12/1994,12.687500,12.750000,12.562500,12.687500,2.904607,394200,-,2.968213,2.963920,2.830918,2.871697,824340.0
10/11/1994,12.500000,12.687500,12.437500,12.687500,2.904607,1003800,-,2.969988,2.965955,2.825911,2.860251,837168.0
10/10/1994,12.500000,12.625000,12.375000,12.562500,2.875989,317200,-,2.971501,2.967711,2.823764,2.843081,857760.0
10/07/1994,12.250000,12.437500,12.187500,12.375000,2.833064,464400,-,2.972828,2.968370,2.823764,2.825911,860124.0
10/06/1994,12.375000,12.375000,12.250000,12.312500,2.818757,238800,-,2.974567,2.969052,2.829488,2.815895,866124.0
10/05/1994,12.437500,12.437500,12.312500,12.312500,2.818757,483000,-,2.976180,2.969742,2.835927,2.810171,867696.0
10/04/1994,12.687500,12.750000,12.312500,12.500000,2.861681,1144800,-,2.977662,2.970153,2.843081,2.807310,861580.0
10/03/1994,12.625000,12.750000,12.625000,12.750000,2.918916,1379400,-,2.978666,2.969985,2.849519,2.803017,847620.0
09/30/1994,12.625000,12.687500,12.437500,12.687500,2.904607,994600,-,2.979253,2.968950,2.855243,2.795863,838980.0
09/29/1994,12.125000,12.562500,12.062500,12.562500,2.875989,1402800,-,2.979780,2.967644,2.864543,2.790140,845436.0
09/28/1994,12.000000,12.312500,12.000000,12.187500,2.790140,997200,-,2.980318,2.966911,2.876706,2.790140,820712.0
09/27/1994,11.937500,12.000000,11.812500,11.937500,2.732906,1106000,-,2.981418,2.968452,2.894591,2.791570,811652.0
09/26/1994,12.000000,12.000000,11.812500,11.812500,2.704289,871800,-,2.982606,2.970859,2.914623,2.804448,795288.0
09/23/1994,12.062500,12.250000,11.875000,11.937500,2.732906,923400,-,2.983937,2.973281,2.936801,2.821618,813448.0
09/22/1994,12.187500,12.250000,12.062500,12.062500,2.761523,1378800,-,2.984994,2.976523,2.956833,2.843081,830524.0
09/21/1994,12.312500,12.437500,12.062500,12.187500,2.790140,882600,-,2.986236,2.978636,2.976149,2.861682,812840.0
09/20/1994,12.375000,12.500000,12.250000,12.312500,2.818757,542000,-,2.987138,2.980455,2.995466,2.878852,807440.0
09/19/1994,12.562500,12.687500,12.437500,12.437500,2.847373,772800,-,2.987634,2.982258,3.012636,2.896022,805368.0
09/16/1994,12.437500,12.625000,12.375000,12.437500,2.847373,1205800,-,2.988184,2.984046,3.030521,2.914623,804360.0
09/15/1994,12.312500,12.562500,12.250000,12.562500,2.875989,560000,-,2.988537,2.986391,3.044829,2.938947,802008.0
09/14/1994,12.500000,12.500000,12.250000,12.250000,2.804449,748600,-,2.988944,2.987884,3.056219,2.963272,802828.0
09/13/1994,12.687500,12.687500,12.500000,12.500000,2.861681,1048200,-,2.989709,2.991087,3.072577,2.997612,798608.0
09/12/1994,12.875000,12.875000,12.562500,12.562500,2.875989,660800,-,2.990122,2.993702,3.083291,3.024798,786152.0
09/09/1994,12.812500,12.937500,12.687500,12.875000,2.947533,715000,-,2.990463,2.994639,3.093984,3.051984,796444.0
09/08/1994,12.937500,13.000000,12.812500,12.875000,2.947533,662600,-,2.990447,2.994146,3.099013,3.070585,790760.0
09/07/1994,13.000000,13.125000,12.875000,12.937500,2.961840,441800,-,2.990233,2.993652,3.103346,3.090617,792300.0
09/06/1994,13.250000,13.312500,13.000000,13.062500,2.990457,212200,-,2.989948,2.992872,3.106963,3.112079,796396.0
09/02/1994,13.562500,13.625000,13.250000,13.250000,3.033385,409800,-,2.989652,2.990684,3.109846,3.129250,811180.0
09/01/1994,13.562500,13.562500,13.375000,13.500000,3.090617,357800,-,2.989140,2.987638,3.105710,3.146419,816796.0
08/31/1994,13.625000,13.687500,13.500000,13.625000,3.119232,357000,-,2.988671,2.983448,3.102193,3.150712,826432.0
08/30/1994,13.750000,13.750000,13.562500,13.750000,3.147851,522600,-,2.987731,2.977850,3.097245,3.149166,843248.0
08/29/1994,13.812500,13.875000,13.687500,13.687500,3.133541,426000,-,2.986581,2.973350,3.090170,3.147543,839468.0
08/26/1994,13.812500,13.937500,13.750000,13.750000,3.147851,539000,-,2.985372,2.969971,3.083115,3.141783,851920.0
08/25/1994,13.812500,13.812500,13.625000,13.687500,3.133541,489800,-,2.984288,2.967419,3.071168,3.135984,853352.0
08/24/1994,13.937500,13.937500,13.625000,13.750000,3.147851,834400,-,2.983276,2.966267,3.057850,3.127441,852164.0
08/23/1994,13.875000,13.937500,13.812500,13.875000,3.176468,483800,-,2.982324,2.965664,3.043120,3.116075,841116.0
08/22/1994,13.875000,14.000000,13.812500,13.812500,3.162158,1177200,-,2.981360,2.964489,3.026263,3.101847,839088.0
08/19/1994,13.687500,14.000000,13.625000,14.000000,3.205083,1691200,-,2.980533,2.963321,3.010818,3.090442,819852.0
08/18/1994,13.750000,13.812500,13.500000,13.687500,3.133541,2646800,-,2.979487,2.961573,2.993922,3.065001,791708.0
08/17/1994,14.062500,14.125000,13.937500,13.937500,3.103780,2119800,-,2.979374,2.960978,2.979211,3.053674,748832.0
08/16/1994,13.875000,14.062500,13.875000,14.062500,3.131617,637200,-,2.979794,2.961813,2.965989,3.045323,711784.0
08/15/1994,13.875000,14.000000,13.812500,13.812500,3.075944,1068000,-,2.980139,2.962092,2.952767,3.032797,711244.0
08/12/1994,13.687500,13.875000,13.625000,13.875000,3.089863,1033200,-,2.980827,2.964040,2.941632,3.024446,705408.0
08/11/1994,13.625000,13.687500,13.562500,13.687500,3.048106,1788200,-,2.981445,2.964875,2.928410,3.006352,697064.0
08/10/1994,13.687500,13.687500,13.625000,13.625000,3.034189,222800,-,2.982271,2.965989,2.920755,2.988258,725928.0
08/09/1994,13.562500,13.687500,13.562500,13.625000,3.034189,657000,-,2.983039,2.965989,2.912404,2.970164,732440.0
08/08/1994,13.250000,13.687500,13.187500,13.687500,3.048106,962200,-,2.984064,2.965710,2.904749,2.950679,731960.0
08/05/1994,13.437500,13.437500,13.187500,13.250000,2.950680,453200,-,2.985210,2.966267,2.897789,2.931193,734520.0
08/04/1994,13.562500,13.687500,13.500000,13.562500,3.020270,442000,-,2.986908,2.968216,2.897093,2.922842,736076.0
08/03/1994,13.500000,13.562500,13.437500,13.562500,3.020270,345400,-,2.988194,2.967381,2.894310,2.904749,743840.0
08/02/1994,13.437500,13.687500,13.437500,13.500000,3.006353,1035600,-,2.989544,2.966267,2.890830,2.886655,754760.0
08/01/1994,13.000000,13.625000,13.000000,13.437500,2.992433,2033400,-,2.990963,2.965710,2.888742,2.872737,772108.0
07/29/1994,13.000000,13.187500,12.937500,13.062500,2.908923,435400,-,2.992196,2.964875,2.888742,2.858818,754700.0
07/28/1994,12.750000,12.937500,12.750000,12.875000,2.867169,764400,-,2.993719,2.965131,2.889438,2.850467,770464.0
07/27/1994,12.750000,12.812500,12.687500,12.812500,2.853251,317400,-,2.995514,2.965411,2.892222,2.853251,771396.0
07/26/1994,12.812500,12.875000,12.750000,12.750000,2.839333,177200,-,2.997507,2.965428,2.895701,2.854643,778440.0
07/25/1994,12.812500,12.875000,12.812500,12.812500,2.853251,446800,-,2.999505,2.965994,2.899877,2.858818,801216.0
07/22/1994,12.750000,12.875000,12.750000,12.875000,2.867169,947400,-,3.001370,2.964929,2.901269,2.864385,825852.0
07/21/1994,12.812500,12.812500,12.625000,12.750000,2.839333,1317400,-,3.003485,2.963855,2.901964,2.871345,832368.0
07/20/1994,12.812500,12.875000,12.750000,12.750000,2.839333,166600,-,3.005740,2.964962,2.904052,2.883871,847784.0
07/19/1994,12.812500,12.937500,12.750000,12.875000,2.867169,544200,-,3.008059,2.964446,2.904052,2.895006,863852.0
07/18/1994,12.750000,12.812500,12.625000,12.812500,2.853251,287800,-,3.010494,2.965267,2.906836,2.904748,870984.0
07/15/1994,13.000000,13.000000,12.500000,12.687500,2.825414,1779800,-,3.012999,2.967448,2.912403,2.918667,875384.0
07/14/1994,12.937500,13.062500,12.937500,13.000000,2.895006,1777200,-,3.015643,2.971268,2.922146,2.928409,844508.0
07/13/1994,12.937500,13.000000,12.875000,12.875000,2.867169,494600,-,3.018003,2.974237,2.931193,2.931193,818076.0
07/12/1994,13.125000,13.125000,12.937500,12.937500,2.881086,612600,-,3.020439,2.978034,2.943719,2.936760,824048.0
07/11/1994,13.187500,13.187500,13.062500,13.062500,2.908923,438400,-,3.022805,2.982363,2.955550,2.940935,841728.0
07/08/1994,13.187500,13.187500,13.125000,13.187500,2.936761,722400,-,3.025159,2.984784,2.965293,2.938152,847836.0
07/07/1994,13.250000,13.312500,13.187500,13.312500,2.964597,1088200,-,3.027439,2.986647,2.974339,2.932584,849448.0
07/06/1994,13.312500,13.437500,13.250000,13.250000,2.950680,601000,-,3.029515,2.988225,2.981299,2.924233,844512.0
07/05/1994,13.437500,13.437500,13.312500,13.312500,2.964597,537600,-,3.031725,2.990892,2.991041,2.913099,857096.0
07/01/1994,13.250000,13.437500,13.187500,13.437500,2.992433,425400,-,3.033737,2.994634,3.000088,2.908923,868056.0
06/30/1994,13.000000,13.187500,12.937500,13.125000,2.922841,1175400,-,3.035674,2.997277,3.009135,2.906139,882180.0
06/29/1994,13.187500,13.250000,13.000000,13.125000,2.922841,430800,-,3.037831,2.999149,3.019574,2.915882,869576.0
06/28/1994,13.125000,13.187500,12.875000,13.125000,2.922841,739600,-,3.039860,3.000479,3.028621,2.931193,874724.0
06/27/1994,12.875000,13.187500,12.750000,13.125000,2.922841,646600,-,3.041953,3.002080,3.034188,2.950678,877880.0
06/24/1994,12.937500,13.000000,12.875000,12.937500,2.881086,951400,-,3.043918,3.003411,3.039060,2.970164,883828.0
06/23/1994,12.937500,13.125000,12.937500,12.937500,2.881086,690600,-,3.045900,3.005306,3.048803,2.992433,874928.0
06/22/1994,12.812500,12.937500,12.750000,12.937500,2.881086,839600,-,3.047754,3.007471,3.057154,3.016095,870736.0
06/21/1994,13.125000,13.125000,12.687500,12.750000,2.839333,1197800,-,3.049544,3.009907,3.062025,3.038364,868220.0
06/20/1994,13.250000,13.250000,13.125000,13.125000,2.922841,333600,-,3.051862,3.013990,3.068288,3.068984,865432.0
06/17/1994,13.687500,13.687500,13.312500,13.312500,2.964597,1048600,-,3.053699,3.016402,3.071072,3.091254,872060.0
06/16/1994,13.750000,13.812500,13.562500,13.562500,3.020270,610600,-,3.055455,3.017168,3.070376,3.112131,862068.0
06/15/1994,14.000000,14.000000,13.812500,13.812500,3.075944,430400,-,3.057061,3.017362,3.065449,3.123266,861276.0
06/14/1994,14.000000,14.062500,13.875000,14.000000,3.117698,282000,-,3.058325,3.015089,3.055709,3.126049,879508.0
06/13/1994,13.875000,14.000000,13.812500,14.000000,3.117698,382400,-,3.059444,3.012793,3.042529,3.117699,900888.0
06/10/1994,14.062500,14.062500,13.937500,13.937500,3.103780,215400,-,3.060562,3.009956,3.030026,3.107956,911756.0
06/09/1994,13.875000,14.062500,13.875000,14.000000,3.117698,284000,-,3.061751,3.008208,3.014836,3.105172,925272.0
06/08/1994,14.187500,14.187500,13.937500,13.937500,3.103780,503000,-,3.062613,3.006453,2.999627,3.098213,931272.0
06/07/1994,14.000000,14.125000,13.937500,14.125000,3.145536,267400,-,3.063418,3.004435,2.989172,3.085686,926896.0
06/06/1994,14.312500,14.375000,14.062500,14.125000,3.145536,610200,-,3.064077,3.001582,2.972571,3.067592,942292.0
06/03/1994,14.000000,14.250000,13.937500,14.250000,3.173371,776200,-,3.064737,2.999270,2.960704,3.050890,939340.0
06/02/1994,13.937500,14.062500,13.937500,14.062500,3.131617,616000,-,3.065091,2.996943,2.950151,3.028621,943200.0
06/01/1994,13.687500,14.125000,13.687500,13.937500,3.103780,3231400,-,3.065591,2.994909,2.944391,3.007632,945304.0
05/31/1994,13.437500,13.625000,13.437500,13.625000,3.034189,548400,-,3.066292,2.992892,2.941375,2.985369,910748.0
05/27/1994,13.812500,13.812500,13.500000,13.562500,3.020270,633000,-,3.067342,2.992266,2.942515,2.967360,919524.0
05/26/1994,13.687500,13.812500,13.687500,13.812500,3.075944,1090200,-,3.068462,2.992459,2.946381,2.952095,923684.0
05/25/1994,13.375000,13.687500,13.375000,13.687500,3.048106,531000,-,3.069428,2.991539,2.944080,2.924500,920908.0
05/24/1994,13.375000,13.437500,13.312500,13.375000,2.978515,830200,-,3.070345,2.991446,2.943172,2.901041,919376.0
05/23/1994,13.437500,13.437500,13.312500,13.312500,2.964597,891400,-,3.071674,2.992475,2.946420,2.892657,912900.0
05/20/1994,13.250000,13.437500,13.125000,13.375000,2.978515,1903000,-,3.073134,2.993240,2.952392,2.877549,920900.0
05/19/1994,13.187500,13.250000,13.125000,13.250000,2.950680,1163000,-,3.074650,2.993998,2.961051,2.870518,902748.0
05/18/1994,13.437500,13.500000,13.312500,13.500000,2.921729,1223600,-,3.076180,2.995313,2.969748,2.871681,895092.0
05/17/1994,13.187500,13.375000,13.187500,13.312500,2.881149,811000,-,3.077855,2.996936,2.974482,2.881149,884276.0
05/16/1994,13.125000,13.250000,13.125000,13.187500,2.854096,669600,-,3.079482,2.998830,2.979893,2.897381,889124.0
05/13/1994,13.000000,13.250000,12.937500,13.250000,2.867624,1316000,-,3.080994,3.000724,2.987332,2.917671,895320.0
05/12/1994,13.000000,13.187500,12.812500,12.937500,2.799989,1678600,-,3.082563,3.002617,2.993419,2.940666,888764.0
05/11/1994,13.375000,13.375000,12.812500,13.000000,2.813517,1273200,-,3.084220,3.004241,3.002211,2.963661,912844.0
05/10/1994,13.125000,13.375000,13.062500,13.375000,2.894676,2088200,-,3.085685,3.006134,3.011004,2.985303,901572.0
05/09/1994,13.375000,13.437500,12.875000,13.000000,2.813517,970000,-,3.086743,3.005864,3.016414,3.000182,871180.0
05/06/1994,13.562500,13.562500,13.312500,13.437500,2.908201,900800,-,3.088145,3.006946,3.027912,3.027235,883700.0
05/05/1994,13.875000,13.875000,13.687500,13.687500,2.962308,507800,-,3.089073,3.006134,3.034675,3.051583,892472.0
05/04/1994,14.000000,14.062500,13.875000,13.937500,3.016414,236000,-,3.089793,3.003700,3.036704,3.067815,904588.0
05/03/1994,14.187500,14.187500,13.937500,14.062500,3.043467,455600,-,3.090055,2.998560,3.037380,3.067815,918156.0
05/02/1994,14.250000,14.250000,14.062500,14.125000,3.056995,793200,-,3.090307,2.993690,3.033323,3.062404,938868.0
04/29/1994,13.937500,14.312500,13.937500,14.312500,3.097573,1496600,-,3.090429,2.988550,3.030617,3.056994,970964.0
04/28/1994,14.000000,14.062500,13.875000,14.000000,3.029941,743800,-,3.090410,2.983118,3.024530,3.046172,954568.0
04/26/1994,14.062500,14.062500,13.750000,14.000000,3.029941,803000,-,3.090667,2.979564,3.023854,3.040762,948340.0
04/25/1994,14.250000,14.250000,14.062500,14.062500,3.043467,841400,-,3.090924,2.976536,3.023854,3.036704,938824.0
04/22/1994,14.500000,14.500000,14.187500,14.250000,3.084046,1230200,-,3.091238,2.972974,3.021825,3.032646,985956.0
04/21/1994,14.437500,14.687500,14.437500,14.562500,3.151680,1085600,-,3.091350,2.969653,3.017767,3.028588,975396.0
04/20/1994,13.937500,14.437500,13.875000,14.437500,3.124625,1131600,-,3.090998,2.964978,3.011680,3.017767,962096.0
04/19/1994,13.812500,13.937500,13.750000,13.937500,3.016414,545200,-,3.090781,2.960845,3.008299,3.005593,949804.0
04/18/1994,13.875000,13.937500,13.750000,13.812500,2.989361,688200,-,3.091169,2.958351,3.008975,3.006946,946440.0
04/15/1994,13.812500,13.937500,13.750000,13.875000,3.002889,897400,-,3.091691,2.957974,3.009652,3.004241,942616.0
04/14/1994,13.750000,13.875000,13.625000,13.812500,2.989361,944000,-,3.092146,2.957328,3.009652,3.004241,940064.0
04/13/1994,13.750000,13.875000,13.562500,13.750000,2.975837,506400,-,3.092543,2.957214,3.011681,3.002888,941628.0
04/12/1994,13.937500,14.000000,13.750000,13.812500,2.989361,481000,-,3.092757,2.958423,3.014386,3.006946,975836.0
04/11/1994,14.000000,14.000000,13.875000,13.875000,3.002889,713800,-,3.093092,2.959098,3.017091,3.011004,994260.0
04/08/1994,14.000000,14.125000,13.937500,14.062500,3.043467,1058400,-,3.093233,2.960028,3.018444,3.011004,1006652.0
04/07/1994,13.875000,14.062500,13.812500,14.062500,3.043467,665000,-,3.093172,2.958307,3.016415,3.006946,1005716.0
04/06/1994,13.937500,14.000000,13.750000,13.875000,3.002889,549000,-,3.092985,2.955271,3.015062,3.005594,1015884.0
04/05/1994,13.812500,14.000000,13.750000,14.000000,3.029941,571000,-,3.092877,2.952521,3.015738,3.011004,1022708.0
04/04/1994,13.875000,13.875000,13.437500,13.687500,2.962308,1342000,-,3.092758,2.950019,3.014386,3.011004,1025320.0
03/31/1994,13.750000,13.875000,13.500000,13.875000,3.002889,1351000,-,3.092852,2.948869,3.015062,3.015062,1010028.0
03/30/1994,14.000000,14.000000,13.750000,13.750000,2.975837,925800,-,3.092805,2.946908,3.012357,3.015062,994652.0
03/29/1994,14.125000,14.125000,13.937500,13.937500,3.016414,891200,-,3.092894,2.945225,3.011680,3.020473,1000172.0
03/28/1994,13.937500,14.062500,13.875000,14.000000,3.029941,584000,-,3.092718,2.942993,3.004917,3.021825,1003036.0
03/25/1994,13.937500,13.937500,13.875000,13.875000,3.002889,284200,-,3.092349,2.940754,2.998830,3.023178,1007020.0
03/24/1994,14.000000,14.000000,13.875000,13.875000,3.002889,1037200,-,3.092240,2.939581,2.992743,3.025883,1009976.0
03/23/1994,14.062500,14.125000,14.000000,14.000000,3.029941,462600,-,3.092068,2.938409,2.985980,3.025883,1009400.0
03/22/1994,14.000000,14.125000,13.937500,14.125000,3.056995,969200,-,3.091761,2.937221,2.977864,3.024531,1009752.0
03/21/1994,13.937500,14.000000,13.812500,14.000000,3.029941,721200,-,3.091257,2.936017,2.967043,3.020472,1000692.0
03/18/1994,13.875000,13.937500,13.812500,13.875000,3.002889,1503600,-,3.091075,2.935618,2.953516,3.017767,999888.0
03/17/1994,14.000000,14.062500,13.875000,13.875000,3.002889,987200,-,3.090966,2.935760,2.943371,3.015062,978768.0
03/16/1994,14.000000,14.125000,14.000000,14.000000,3.029941,841000,-,3.090920,2.936690,2.933226,3.009651,967196.0
03/15/1994,14.062500,14.187500,14.000000,14.000000,3.029941,951400,-,3.090864,2.937605,2.923027,3.002888,957612.0
03/14/1994,14.000000,14.062500,13.937500,14.062500,3.043467,454400,-,3.090807,2.938521,2.914143,2.988009,965712.0
03/11/1994,13.937500,14.125000,13.875000,14.000000,3.029941,506400,-,3.090496,2.941268,2.905896,2.974482,962076.0
03/10/1994,13.937500,14.000000,13.875000,13.875000,3.002889,1291400,-,3.090314,2.945075,2.897669,2.959603,967060.0
03/09/1994,13.937500,14.062500,13.812500,13.937500,3.016414,995400,-,3.090268,2.949423,2.893423,2.946077,950876.0
03/08/1994,13.937500,14.062500,13.875000,13.937500,3.016414,780200,-,3.089903,2.954289,2.888501,2.931198,943116.0
03/07/1994,13.750000,14.000000,13.750000,13.875000,3.002889,682800,-,3.089038,2.958103,2.883578,2.913613,934120.0
03/04/1994,13.625000,13.750000,13.562500,13.750000,2.975837,1053400,-,3.088303,2.960874,2.878018,2.889265,927356.0
03/03/1994,13.687500,13.687500,13.500000,13.625000,2.948781,979400,-,3.087640,2.964974,2.877753,2.871681,932628.0
03/02/1994,13.187500,13.687500,13.125000,13.687500,2.962308,988200,-,3.086950,2.968827,2.878842,2.856801,933744.0
03/01/1994,13.437500,13.562500,13.062500,13.312500,2.881149,2882600,-,3.086070,2.971883,2.879911,2.843166,933024.0
02/28/1994,13.312500,13.437500,13.312500,13.437500,2.908201,709600,-,3.085963,2.975511,2.887667,2.840276,892500.0
02/25/1994,13.312500,13.375000,13.187500,13.312500,2.881149,568600,-,3.085659,2.978072,2.893413,2.837310,898376.0
02/24/1994,13.250000,13.312500,13.062500,13.250000,2.867624,1596000,-,3.085429,2.980649,2.901826,2.835734,896292.0
02/23/1994,13.125000,13.375000,13.125000,13.250000,2.867624,1339400,-,3.085573,2.982970,2.906314,2.840769,876824.0
02/22/1994,12.750000,13.375000,12.687500,13.125000,2.840569,1113600,-,3.085777,2.985817,2.907517,2.845803,865816.0
02/18/1994,13.000000,13.062500,12.750000,12.750000,2.759411,914400,-,3.086056,2.988417,2.908759,2.853544,860636.0
02/17/1994,13.125000,13.187500,12.937500,12.937500,2.799989,1491200,-,3.086740,2.992640,2.916029,2.866771,860120.0
02/16/1994,13.250000,13.250000,12.750000,12.937500,2.799989,2398000,-,3.087222,2.995525,2.921271,2.883826,841452.0
02/15/1994,13.562500,13.750000,13.437500,13.437500,2.825960,676800,-,3.087764,2.999725,2.926513,2.900882,811580.0
02/14/1994,13.687500,13.812500,13.375000,13.562500,2.852248,432400,-,3.088177,3.002616,2.929799,2.916655,813128.0
02/11/1994,13.562500,13.812500,13.500000,13.687500,2.878537,327200,-,3.088153,3.003931,2.932428,2.935057,810652.0
02/10/1994,13.937500,14.062500,13.500000,13.625000,2.865393,3198000,-,3.088303,3.005508,2.934399,2.949515,812928.0
02/09/1994,13.875000,14.125000,13.875000,13.875000,2.917970,702200,-,3.088397,3.006560,2.938343,2.967917,758672.0
02/08/1994,13.875000,13.875000,13.687500,13.875000,2.917970,420600,-,3.088166,3.007348,2.939657,2.971860,762500.0
02/07/1994,13.625000,13.937500,13.437500,13.875000,2.917970,517000,-,3.088058,3.008137,2.942286,2.969231,762144.0
02/04/1994,14.000000,14.062500,13.750000,13.750000,2.891683,377000,-,3.087888,3.008663,2.946229,2.963974,755552.0
02/03/1994,14.187500,14.187500,14.000000,14.125000,2.970546,497000,-,3.087789,3.009714,2.952144,2.965288,755140.0
02/02/1994,14.125000,14.187500,14.000000,14.125000,2.970546,769800,-,3.087479,3.009188,2.954115,2.958716,763420.0
02/01/1994,14.437500,14.437500,14.187500,14.187500,2.983690,1022200,-,3.087291,3.007874,2.958058,2.952143,762716.0
01/31/1994,14.500000,14.500000,14.000000,14.437500,3.036264,2216800,-,3.087221,3.006297,2.962659,2.942943,763856.0
01/28/1994,14.750000,14.812500,14.375000,14.375000,3.023122,1402200,-,3.087010,3.004194,2.964630,2.929799,745260.0
01/27/1994,14.062500,14.750000,14.062500,14.500000,3.049409,1333400,-,3.086926,3.002353,2.972517,2.919284,729596.0
01/26/1994,13.812500,14.062500,13.812500,14.062500,2.957401,1011600,-,3.086771,3.001302,2.981060,2.908768,731516.0
01/25/1994,13.500000,13.750000,13.375000,13.750000,2.891683,1173400,-,3.087016,3.000776,2.994204,2.907454,724716.0
01/24/1994,13.750000,13.812500,13.312500,13.625000,2.865393,890200,-,3.087589,3.001302,3.012606,2.915340,714608.0
01/21/1994,13.812500,13.875000,13.750000,13.812500,2.904824,701600,-,3.088171,3.001828,3.029693,2.928484,712168.0
01/20/1994,13.687500,13.875000,13.687500,13.812500,2.904824,577400,-,3.088312,3.002353,3.041523,2.938999,735048.0
01/19/1994,13.750000,13.875000,13.687500,13.812500,2.904824,582200,-,3.088453,3.002879,3.055324,2.949515,745336.0
01/18/1994,13.812500,13.875000,13.750000,13.750000,2.891683,1201800,-,3.088593,3.003931,3.067153,2.963973,755404.0
01/17/1994,13.875000,13.937500,13.750000,13.812500,2.904824,1034400,-,3.088555,3.005771,3.078326,2.982375,770108.0
01/14/1994,13.937500,14.000000,13.750000,13.875000,2.917970,783200,-,3.088452,3.007611,3.086212,2.999462,783840.0
01/13/1994,14.000000,14.062500,13.875000,14.000000,2.944257,432000,-,3.088404,3.009167,3.092127,3.025750,834564.0
01/12/1994,14.125000,14.250000,13.937500,14.000000,2.944257,1008400,-,3.088348,3.012502,3.095413,3.053352,845868.0
01/11/1994,14.375000,14.375000,14.125000,14.125000,2.970546,480200,-,3.088108,3.017373,3.097384,3.080955,833932.0
01/10/1994,14.375000,14.437500,14.250000,14.250000,2.996832,516200,-,3.087859,3.021975,3.099356,3.109871,839568.0
01/07/1994,14.312500,14.375000,14.187500,14.312500,3.009977,681000,-,3.087357,3.026307,3.098042,3.130902,851004.0
01/06/1994,14.562500,14.562500,14.250000,14.312500,3.009977,447600,-,3.086971,3.030376,3.096070,3.144046,871808.0
01/05/1994,14.562500,14.562500,14.312500,14.500000,3.049409,408600,-,3.086281,3.034445,3.092784,3.161133,881636.0
01/04/1994,14.625000,14.687500,14.500000,14.625000,3.075698,361800,-,3.085393,3.037213,3.090813,3.170334,890664.0
01/03/1994,15.000000,15.000000,14.187500,14.625000,3.075698,1356400,-,3.084496,3.040479,3.085555,3.174277,898352.0
12/31/1993,15.250000,15.312500,15.000000,15.125000,3.180847,272600,-,3.083599,3.044514,3.077669,3.172962,875512.0
12/30/1993,15.250000,15.312500,15.125000,15.312500,3.220281,755600,-,3.082238,3.046702,3.066496,3.158504,876028.0
12/29/1993,15.437500,15.500000,15.125000,15.312500,3.220281,482200,-,3.080496,3.047845,3.051381,3.137474,866692.0
12/28/1993,15.250000,15.500000,15.250000,15.500000,3.259713,607400,-,3.078937,3.049244,3.038237,3.113814,861372.0
12/27/1993,14.937500,15.250000,14.937500,15.250000,3.207138,330400,-,3.076998,3.049855,3.023121,3.088841,862480.0
12/23/1993,15.062500,15.125000,14.875000,14.937500,3.141417,344600,-,3.075382,3.050493,3.009977,3.065182,871424.0
12/22/1993,14.937500,15.125000,14.875000,15.125000,3.180847,1317000,-,3.074218,3.051933,3.000119,3.048094,876104.0
12/21/1993,14.812500,14.937500,14.750000,14.937500,3.141417,1035200,-,3.072795,3.052840,2.988289,3.024435,864632.0
12/20/1993,14.562500,14.812500,14.562500,14.812500,3.115129,952200,-,3.071570,3.055049,2.976460,3.011291,848648.0
12/17/1993,14.437500,14.625000,14.375000,14.562500,3.062553,856400,-,3.070353,3.057527,2.965945,2.996833,843960.0
12/16/1993,14.375000,14.437500,14.312500,14.437500,3.036264,1003400,-,3.069094,3.060800,2.959373,2.982375,838920.0
12/15/1993,14.250000,14.375000,14.250000,14.312500,3.009977,464400,-,3.068333,3.065880,2.954115,2.974488,824756.0
12/14/1993,14.312500,14.437500,14.187500,14.187500,2.983690,622600,-,3.067643,3.071485,2.953458,2.965288,833196.0
12/13/1993,14.125000,14.375000,14.062500,14.312500,3.009977,789000,-,3.067267,3.077872,2.950829,2.962659,845540.0
12/10/1993,14.125000,14.250000,14.125000,14.125000,2.970546,854600,-,3.066699,3.084757,2.946229,2.957401,838568.0
12/09/1993,14.000000,14.187500,14.000000,14.125000,2.970546,888600,-,3.066266,3.092432,2.942285,2.954772,828708.0
12/08/1993,14.187500,14.187500,14.000000,14.000000,2.944257,557800,-,3.065773,3.100106,2.940314,2.952144,824716.0
12/07/1993,14.125000,14.312500,14.062500,14.312500,3.009977,904400,-,3.065350,3.108562,2.939657,2.952144,831164.0
12/06/1993,13.875000,14.125000,13.875000,14.125000,2.970546,754200,-,3.064598,3.115447,2.937028,2.941628,823192.0
12/03/1993,13.937500,14.000000,13.875000,13.875000,2.917970,308600,-,3.064533,3.123121,2.937685,2.935056,820772.0
12/02/1993,13.937500,14.062500,13.875000,14.062500,2.957401,441000,-,3.064119,3.132359,2.941628,2.936370,821712.0
12/01/1993,13.937500,14.062500,13.875000,13.875000,2.917970,485200,-,3.063202,3.141064,2.943547,2.933742,830292.0
11/30/1993,14.062500,14.062500,13.875000,14.062500,2.957401,893600,-,3.062324,3.150302,2.953199,2.941628,843888.0
11/29/1993,14.062500,14.187500,14.000000,14.062500,2.957401,402800,-,3.061308,3.159007,2.964720,2.938999,847568.0
11/26/1993,14.062500,14.062500,14.000000,14.000000,2.944257,187400,-,3.060352,3.167200,2.976881,2.935056,865136.0
11/24/1993,14.000000,14.062500,13.937500,14.000000,2.944257,356400,-,3.059521,3.175912,2.990339,2.929798,873476.0
11/23/1993,13.812500,14.062500,13.812500,14.000000,2.944257,911000,-,3.058512,3.184112,3.003797,2.928484,888448.0
11/22/1993,13.750000,13.875000,13.687500,13.812500,2.904824,734600,-,3.057502,3.191800,3.017256,2.927170,882392.0
11/19/1993,13.937500,13.937500,13.750000,13.812500,2.904824,1079200,-,3.056630,3.200532,3.031405,2.932427,886292.0
11/18/1993,13.812500,13.937500,13.687500,13.937500,2.931112,1287000,-,3.055638,3.208752,3.048116,2.940314,899464.0
11/17/1993,14.250000,14.312500,13.937500,13.937500,2.931112,619000,-,3.054695,3.215679,3.065432,2.946886,889484.0
11/16/1993,13.875000,14.312500,13.875000,14.250000,2.996832,1429400,-,3.053751,3.222093,3.083388,2.953353,893420.0
11/15/1993,13.875000,13.937500,13.750000,13.937500,2.931112,671600,-,3.052240,3.226937,3.097418,2.964770,898496.0
11/12/1993,13.750000,13.937500,13.687500,13.875000,2.917970,668000,-,3.050819,3.234376,3.115375,2.990441,899852.0
11/11/1993,13.937500,13.937500,13.750000,13.750000,2.891683,768200,-,3.049464,3.241821,3.133988,3.018706,902252.0
11/10/1993,14.000000,14.062500,13.875000,13.937500,2.931112,1845600,-,3.048121,3.250304,3.151356,3.050880,900384.0
11/09/1993,14.125000,14.250000,13.937500,13.937500,2.931112,1091800,-,3.046402,3.258511,3.165471,3.079111,879672.0
11/08/1993,14.125000,14.187500,13.875000,14.062500,2.957401,1085600,-,3.044564,3.266462,3.180227,3.107342,893392.0
11/05/1993,14.000000,14.250000,13.875000,14.187500,2.983690,1937000,-,3.042534,3.274143,3.194948,3.130384,885548.0
11/04/1993,14.500000,14.687500,14.125000,14.250000,2.996832,1721000,-,3.040314,3.281298,3.207715,3.155918,859200.0
11/03/1993,15.062500,15.062500,14.312500,14.625000,2.995784,3319400,-,3.038147,3.288190,3.219185,3.183978,846036.0
11/02/1993,15.437500,15.437500,15.187500,15.187500,3.111005,997200,-,3.035986,3.294079,3.233908,3.213424,800276.0
11/01/1993,15.625000,15.687500,15.500000,15.562500,3.187818,411600,-,3.033248,3.297152,3.242869,3.230067,793416.0
10/29/1993,15.750000,15.875000,15.625000,15.625000,3.200621,762000,-,3.030007,3.298944,3.248631,3.240309,797000.0
10/28/1993,15.625000,15.812500,15.562500,15.687500,3.213423,1088000,-,3.026702,3.300481,3.256312,3.249271,801704.0
10/27/1993,15.687500,15.750000,15.625000,15.687500,3.213423,1721200,-,3.023274,3.301095,3.263353,3.251831,794724.0
10/26/1993,15.625000,15.812500,15.500000,15.687500,3.213423,939000,-,3.019845,3.301459,3.270395,3.251831,774664.0
10/25/1993,15.875000,15.937500,15.375000,15.562500,3.187818,860000,-,3.016178,3.302074,3.278076,3.253112,766324.0
10/22/1993,15.937500,16.187500,15.750000,15.812500,3.239029,746200,-,3.012579,3.303200,3.286398,3.259513,754940.0
10/21/1993,16.000000,16.062500,15.937500,16.000000,3.277437,214400,-,3.008725,3.303303,3.292159,3.259513,756200.0
10/20/1993,16.125000,16.125000,15.937500,16.062500,3.290238,298400,-,3.004738,3.303138,3.297280,3.254392,760988.0
10/19/1993,15.937500,16.125000,15.937500,16.000000,3.277437,288800,-,3.000746,3.301966,3.302401,3.254392,761784.0
10/18/1993,16.125000,16.125000,15.937500,16.062500,3.290238,216200,-,2.996819,3.301300,3.307522,3.255672,764272.0
10/15/1993,15.937500,16.187500,15.875000,16.062500,3.290238,662800,-,2.992887,3.300629,3.312643,3.256952,766616.0
10/14/1993,15.687500,15.937500,15.687500,15.812500,3.239029,777600,-,2.988895,3.300458,3.316484,3.263353,762800.0
10/13/1993,15.750000,15.812500,15.562500,15.687500,3.213423,578600,-,2.985160,3.300811,3.323525,3.274876,763072.0
10/12/1993,15.875000,15.875000,15.750000,15.750000,3.226227,743400,-,2.981731,3.301676,3.330566,3.288958,767324.0
10/11/1993,15.875000,15.875000,15.750000,15.875000,3.251832,236000,-,2.978239,3.301283,3.335687,3.303041,769372.0
10/08/1993,15.875000,15.937500,15.750000,15.812500,3.239029,717800,-,2.974737,3.299376,3.340168,3.313283,779076.0
10/07/1993,16.062500,16.062500,15.750000,15.750000,3.226227,604400,-,2.971300,3.298226,3.344009,3.324805,775192.0
10/06/1993,16.062500,16.187500,16.000000,16.062500,3.290238,295200,-,2.967628,3.296330,3.346569,3.340168,771572.0
10/05/1993,16.250000,16.250000,15.875000,16.062500,3.290238,886400,-,2.963637,3.292652,3.344649,3.350410,769764.0
10/04/1993,16.375000,16.437500,16.125000,16.125000,3.303041,1239800,-,2.959765,3.288975,3.342089,3.359372,758936.0
10/01/1993,16.312500,16.375000,16.250000,16.375000,3.354250,440400,-,2.955590,3.284791,3.342089,3.368333,740920.0
09/30/1993,16.375000,16.437500,16.312500,16.375000,3.354250,361600,-,2.950980,3.279583,3.338888,3.369614,740900.0
09/29/1993,16.437500,16.437500,16.375000,16.375000,3.354250,689000,-,2.946430,3.274625,3.336968,3.372174,740880.0
09/28/1993,16.437500,16.437500,16.312500,16.437500,3.367054,880200,-,2.941880,3.268916,3.336327,3.372174,741372.0
09/27/1993,16.437500,16.500000,16.375000,16.375000,3.354250,505800,-,2.937326,3.263452,3.334407,3.368334,728832.0
09/24/1993,16.562500,16.562500,16.375000,16.375000,3.354250,633200,-,2.932895,3.257993,3.333767,3.367053,731344.0
09/23/1993,16.562500,16.562500,16.437500,16.500000,3.379856,355600,-,2.928405,3.252785,3.333127,3.363213,726216.0
09/22/1993,16.500000,16.625000,16.437500,16.562500,3.392658,870000,-,2.923786,3.246814,3.331206,3.352971,736488.0
09/21/1993,16.562500,16.687500,16.437500,16.500000,3.379856,1165000,-,2.918985,3.240587,3.326085,3.338888,730324.0
09/20/1993,16.437500,16.750000,16.437500,16.562500,3.392658,1077600,-,2.914247,3.235117,3.320324,3.324805,727748.0
09/17/1993,16.250000,16.500000,16.250000,16.437500,3.367054,1281200,-,2.909445,3.229391,3.314563,3.315844,716844.0
09/16/1993,16.312500,16.500000,16.250000,16.500000,3.379856,604400,-,2.904950,3.223677,3.310082,3.308162,707560.0
09/15/1993,16.187500,16.375000,16.125000,16.375000,3.354250,1105000,-,2.900451,3.217706,3.303297,3.301761,703192.0
09/14/1993,16.250000,16.250000,16.125000,16.250000,3.328647,608200,-,2.896080,3.212498,3.297166,3.300481,690432.0
09/13/1993,16.187500,16.312500,16.187500,16.312500,3.341448,929600,-,2.891897,3.207802,3.292941,3.300481,692200.0
09/10/1993,16.000000,16.187500,15.937500,16.187500,3.315843,1737800,-,2.887530,3.202849,3.288076,3.300481,691408.0
09/09/1993,15.812500,16.000000,15.750000,16.000000,3.277437,788000,-,2.883351,3.197908,3.284491,3.303041,670100.0
09/08/1993,15.875000,15.875000,15.750000,15.875000,3.251832,815800,-,2.879542,3.192733,3.284079,3.309442,665156.0
09/07/1993,16.062500,16.125000,15.812500,15.812500,3.239029,1683200,-,2.875802,3.188822,3.283069,3.313283,662824.0
09/03/1993,16.062500,16.125000,16.000000,16.125000,3.303041,739400,-,2.872067,3.184666,3.283325,3.315843,635980.0
09/02/1993,16.125000,16.187500,16.062500,16.062500,3.290238,788000,-,2.868012,3.179229,3.281007,3.313283,634312.0
09/01/1993,16.312500,16.312500,16.125000,16.187500,3.315843,674800,-,2.863901,3.173548,3.280581,3.312003,632232.0
08/31/1993,16.187500,16.312500,16.187500,16.312500,3.341448,810000,-,2.859722,3.166853,3.277623,3.304833,628124.0
08/30/1993,16.312500,16.375000,16.062500,16.250000,3.328647,1777800,-,2.855414,3.160147,3.273384,3.293851,619216.0
08/27/1993,16.250000,16.312500,16.125000,16.312500,3.341448,693400,-,2.851231,3.153196,3.267280,3.285401,597820.0
08/26/1993,16.375000,16.375000,16.250000,16.312500,3.341448,619600,-,2.846924,3.146240,3.258032,3.275671,588732.0
08/25/1993,16.125000,16.375000,16.062500,16.312500,3.341448,1062800,-,2.842497,3.139284,3.250035,3.265941,580652.0
08/24/1993,15.937500,16.062500,15.875000,16.062500,3.290238,1031400,-,2.838250,3.132077,3.239534,3.258717,565064.0
08/23/1993,16.000000,16.000000,15.875000,15.937500,3.264634,654200,-,2.834199,3.125394,3.230340,3.252855,549768.0
08/20/1993,16.000000,16.062500,15.937500,16.000000,3.277437,590800,-,2.830156,3.119723,3.222427,3.250807,543572.0
08/19/1993,15.937500,16.000000,15.937500,16.000000,3.277437,997200,-,2.825955,3.113546,3.213247,3.248730,540812.0
08/18/1993,16.125000,16.250000,16.125000,16.187500,3.244149,739000,-,2.821985,3.107369,3.204067,3.249159,529552.0
08/17/1993,16.187500,16.375000,16.125000,16.125000,3.231624,718200,-,2.818066,3.101607,3.197178,3.250412,526240.0
08/16/1993,16.187500,16.250000,16.125000,16.187500,3.244149,522000,-,2.814151,3.096847,3.189037,3.252917,522352.0
08/13/1993,16.187500,16.187500,16.125000,16.187500,3.244149,290800,-,2.810116,3.091587,3.181521,3.249160,520008.0
08/12/1993,16.375000,16.437500,16.187500,16.187500,3.244149,809200,-,2.806023,3.086576,3.173380,3.240392,518680.0
08/11/1993,16.187500,16.375000,16.125000,16.312500,3.269200,453800,-,2.801871,3.082067,3.165864,3.234129,514264.0
08/10/1993,16.125000,16.187500,16.062500,16.125000,3.231624,338200,-,2.797479,3.077057,3.156470,3.220351,517108.0
08/09/1993,16.250000,16.312500,16.187500,16.187500,3.244149,413200,-,2.793332,3.072047,3.148955,3.207825,518412.0
08/06/1993,16.375000,16.375000,16.125000,16.250000,3.256676,333400,-,2.789123,3.067036,3.142065,3.194047,537052.0
08/05/1993,16.250000,16.375000,16.250000,16.375000,3.281725,472000,-,2.784851,3.061776,3.134550,3.177764,565556.0
08/04/1993,16.250000,16.312500,16.187500,16.250000,3.256676,791200,-,2.780511,3.055012,3.124529,3.158975,570344.0
08/03/1993,16.000000,16.375000,16.000000,16.250000,3.256676,791200,-,2.776239,3.046745,3.115761,3.143944,566752.0
08/02/1993,15.750000,16.062500,15.687500,16.000000,3.206573,845800,-,2.772083,3.038728,3.107620,3.125156,577016.0
07/30/1993,15.875000,15.937500,15.625000,15.750000,3.156470,721200,-,2.768120,3.031463,3.101983,3.113883,584236.0
07/29/1993,15.687500,16.000000,15.625000,15.875000,3.181522,523600,-,2.764465,3.024549,3.098852,3.106367,618188.0
07/28/1993,15.500000,15.687500,15.437500,15.625000,3.131418,423400,-,2.760743,3.016645,3.093215,3.097599,651632.0
07/27/1993,15.500000,15.500000,15.437500,15.500000,3.106367,204800,-,2.757097,3.011210,3.087579,3.092589,652536.0
07/26/1993,15.437500,15.562500,15.375000,15.500000,3.106367,345000,-,2.753461,3.006031,3.085073,3.090084,665124.0
07/23/1993,15.437500,15.500000,15.375000,15.437500,3.093842,339000,-,2.749940,3.000608,3.081316,3.090084,684564.0
07/22/1993,15.437500,15.625000,15.375000,15.437500,3.093842,439400,-,2.746366,2.996657,3.078184,3.091336,680976.0
07/21/1993,15.250000,15.500000,15.250000,15.500000,3.106367,360600,-,2.742792,2.992951,3.073800,3.090084,678436.0
07/20/1993,15.375000,15.375000,15.187500,15.312500,3.068790,713600,-,2.739330,2.988749,3.067537,3.087579,679212.0
07/19/1993,15.437500,15.500000,15.375000,15.437500,3.093842,253200,-,2.736056,2.985300,3.064406,3.090084,671092.0
07/16/1993,15.437500,15.437500,15.375000,15.375000,3.081316,631400,-,2.732656,2.981349,3.058769,3.090084,671376.0
07/15/1993,15.437500,15.437500,15.375000,15.437500,3.093842,376800,-,2.729493,2.977893,3.054385,3.091336,665352.0
07/14/1993,15.375000,15.500000,15.312500,15.375000,3.081316,869200,-,2.726093,2.974187,3.049375,3.088831,665148.0
07/13/1993,15.562500,15.562500,15.375000,15.375000,3.081316,561800,-,2.722640,2.969509,3.044365,3.082568,666304.0
07/12/1993,15.437500,15.562500,15.437500,15.500000,3.106367,1036200,-,2.719128,2.966053,3.038102,3.080063,662132.0
07/09/1993,15.437500,15.500000,15.437500,15.500000,3.106367,532400,-,2.715550,2.961608,3.031839,3.072548,646844.0
07/08/1993,15.375000,15.437500,15.250000,15.375000,3.081316,817000,-,2.711681,2.956917,3.024950,3.065032,640828.0
07/07/1993,15.500000,15.500000,15.375000,15.375000,3.081316,386000,-,2.707996,2.953217,3.019313,3.057517,635452.0
07/06/1993,15.437500,15.562500,15.437500,15.437500,3.093842,467000,-,2.704311,2.949273,3.013051,3.047496,637156.0
07/02/1993,15.437500,15.500000,15.312500,15.437500,3.093842,696600,-,2.700679,2.944833,3.008040,3.038728,643484.0
07/01/1993,15.375000,15.562500,15.187500,15.437500,3.093842,890000,-,2.697105,2.941127,3.002404,3.027455,639024.0
06/30/1993,15.062500,15.375000,15.062500,15.312500,3.068790,672400,-,2.693763,2.937909,2.997393,3.017434,633080.0
06/29/1993,15.187500,15.250000,15.000000,15.062500,3.018686,540800,-,2.690431,2.935926,2.994888,3.009919,639564.0
06/28/1993,15.125000,15.312500,15.062500,15.250000,3.056264,699200,-,2.687465,2.935434,2.994888,3.006161,645652.0
06/25/1993,15.125000,15.187500,15.062500,15.125000,3.031213,341000,-,2.684311,2.934434,2.991131,2.996141,647384.0
06/24/1993,15.062500,15.125000,15.000000,15.125000,3.031213,656000,-,2.681340,2.934180,2.989252,2.991131,647492.0
06/23/1993,14.875000,15.187500,14.687500,15.000000,3.006161,684000,-,2.678427,2.933682,2.987373,2.984868,651040.0
06/22/1993,15.000000,15.000000,14.812500,14.875000,2.981110,469400,-,2.675466,2.933685,2.984241,2.981110,647884.0
06/21/1993,14.937500,15.000000,14.875000,15.000000,3.006161,364600,-,2.672514,2.933699,2.977352,2.978605,650368.0
06/18/1993,14.937500,15.000000,14.875000,14.875000,2.981110,708000,-,2.669436,2.932236,2.969837,2.977352,647572.0
06/17/1993,14.875000,14.937500,14.812500,14.937500,2.993637,239000,-,2.666542,2.931273,2.962948,2.977352,647356.0
06/16/1993,14.875000,14.937500,14.750000,14.937500,2.993637,215600,-,2.663527,2.930059,2.953804,2.977352,649900.0
06/15/1993,14.812500,14.875000,14.812500,14.875000,2.981110,283400,-,2.660513,2.927868,2.943438,2.979857,650484.0
06/14/1993,14.750000,14.812500,14.750000,14.750000,2.956059,266600,-,2.657735,2.925928,2.937365,2.983615,680484.0
06/11/1993,14.812500,14.937500,14.812500,14.875000,2.981110,344400,-,2.655082,2.924977,2.931933,2.986120,690516.0
06/10/1993,14.812500,14.875000,14.687500,14.812500,2.968584,452800,-,2.652362,2.924014,2.924638,2.987373,710260.0
06/09/1993,14.812500,14.875000,14.750000,14.812500,2.968584,434200,-,2.649704,2.922569,2.921024,2.989878,724112.0
06/08/1993,15.000000,15.000000,14.562500,14.750000,2.956059,573400,-,2.646989,2.921612,2.918021,2.987373,725988.0
06/07/1993,14.875000,15.000000,14.812500,14.937500,2.993637,523800,-,2.644336,2.920417,2.915033,2.976100,723748.0
06/04/1993,14.875000,14.875000,14.750000,14.875000,2.981110,404800,-,2.641495,2.919204,2.910167,2.962322,742140.0
06/03/1993,15.000000,15.000000,14.875000,14.937500,2.993637,224400,-,2.638357,2.917019,2.905927,2.948544,754448.0
06/02/1993,15.000000,15.125000,14.937500,15.062500,3.018686,588400,-,2.635100,2.914583,2.901671,2.930256,768952.0
06/01/1993,14.875000,15.062500,14.812500,15.062500,3.018686,596000,-,2.631661,2.912136,2.896163,2.907019,767060.0
05/28/1993,14.875000,14.937500,14.812500,14.875000,2.981110,403400,-,2.628335,2.909688,2.887600,2.891115,772932.0
05/27/1993,15.000000,15.000000,14.750000,14.937500,2.993637,1345200,-,2.625028,2.908236,2.883971,2.877747,781108.0
05/26/1993,14.750000,15.062500,14.687500,14.937500,2.993637,1758600,-,2.621658,2.905801,2.878493,2.861903,760972.0
05/25/1993,14.437500,14.687500,14.375000,14.687500,2.943532,711400,-,2.618231,2.904099,2.872405,2.852170,739796.0
05/24/1993,14.250000,14.437500,14.187500,14.187500,2.843329,611600,-,2.614998,2.902665,2.870043,2.848669,739104.0
05/21/1993,14.187500,14.312500,14.125000,14.250000,2.855853,1304400,-,2.612323,2.903480,2.872081,2.853967,737060.0
05/20/1993,14.187500,14.187500,14.062500,14.187500,2.843329,1206800,-,2.609641,2.904534,2.872882,2.858012,728040.0
05/19/1993,14.312500,14.375000,13.875000,14.375000,2.810761,2418800,-,2.606909,2.905593,2.876141,2.863310,717564.0
05/18/1993,14.625000,14.625000,14.187500,14.250000,2.786319,2195800,-,2.604510,2.907304,2.882252,2.873086,683460.0
05/17/1993,14.562500,14.625000,14.500000,14.625000,2.859645,468600,-,2.602346,2.909015,2.891417,2.885307,652240.0
05/14/1993,14.500000,14.625000,14.500000,14.562500,2.847422,834200,-,2.599816,2.908037,2.898139,2.884085,659988.0
05/13/1993,14.750000,14.750000,14.500000,14.500000,2.835202,1317000,-,2.597233,2.908771,2.906082,2.890195,652036.0
05/12/1993,14.812500,14.875000,14.750000,14.812500,2.896306,159600,-,2.594938,2.909504,2.915248,2.895083,645576.0
05/11/1993,14.750000,14.875000,14.750000,14.875000,2.908526,312400,-,2.592224,2.909748,2.920747,2.892639,660052.0
05/10/1993,14.750000,14.875000,14.750000,14.812500,2.896306,399400,-,2.589393,2.909504,2.925635,2.891417,668264.0
05/07/1993,14.812500,14.875000,14.687500,14.812500,2.896306,307600,-,2.586566,2.909260,2.929913,2.890195,674688.0
05/06/1993,14.875000,14.937500,14.812500,14.812500,2.896306,267400,-,2.583682,2.908771,2.931746,2.887751,691832.0
05/05/1993,14.812500,15.000000,14.812500,14.875000,2.908526,330200,-,2.580742,2.908037,2.933579,2.888973,737676.0
05/04/1993,14.687500,14.875000,14.625000,14.875000,2.908526,366600,-,2.577741,2.907060,2.934801,2.891417,767112.0
05/03/1993,14.812500,14.812500,14.562500,14.562500,2.847422,927000,-,2.574909,2.908038,2.933579,2.897528,784844.0
04/30/1993,14.750000,14.875000,14.750000,14.875000,2.908526,353200,-,2.572496,2.907793,2.935412,2.912193,794332.0
04/29/1993,14.625000,14.750000,14.562500,14.750000,2.884085,271800,-,2.569834,2.905105,2.935412,2.921969,819500.0
04/28/1993,14.812500,14.812500,14.625000,14.687500,2.871864,231600,-,2.567351,2.902269,2.937856,2.935412,824116.0
04/27/1993,14.687500,14.812500,14.625000,14.812500,2.896306,548200,-,2.564986,2.899917,2.939078,2.948855,833452.0
04/26/1993,14.687500,14.750000,14.625000,14.750000,2.884085,471200,-,2.562498,2.897314,2.940300,2.959854,851868.0
04/23/1993,14.875000,14.875000,14.625000,14.687500,2.871864,783400,-,2.560129,2.895195,2.940911,2.969630,868740.0
04/22/1993,14.937500,15.125000,14.875000,14.875000,2.908526,473600,-,2.557820,2.892604,2.943967,2.975741,885372.0
04/21/1993,15.250000,15.312500,14.937500,15.000000,2.932967,592800,-,2.555384,2.889280,2.942133,2.978185,883812.0
04/20/1993,15.250000,15.312500,15.125000,15.187500,2.969631,996600,-,2.552770,2.885229,2.939078,2.978185,886192.0
04/19/1993,15.250000,15.312500,15.062500,15.312500,2.994072,845200,-,2.549916,2.879967,2.935412,2.969630,879328.0
04/16/1993,15.500000,15.562500,15.375000,15.375000,3.006293,785800,-,2.546996,2.874932,2.930524,2.958632,875884.0
04/15/1993,15.437500,15.500000,15.375000,15.437500,3.018514,346400,-,2.543959,2.869653,2.925635,2.948855,872524.0
04/14/1993,15.437500,15.562500,15.375000,15.375000,3.006293,833400,-,2.540803,2.863175,2.918303,2.940300,884492.0
04/13/1993,15.375000,15.437500,15.312500,15.375000,3.006293,526200,-,2.537653,2.855988,2.913414,2.929302,894556.0
04/12/1993,15.062500,15.312500,15.000000,15.250000,2.981851,593600,-,2.534389,2.848801,2.906693,2.920747,903232.0
04/08/1993,15.000000,15.062500,14.937500,15.000000,2.932967,224800,-,2.531304,2.841626,2.901805,2.912192,902396.0
04/07/1993,15.000000,15.062500,14.937500,15.000000,2.932967,697200,-,2.528463,2.834713,2.900583,2.912192,922464.0
04/06/1993,14.750000,15.000000,14.687500,15.000000,2.932967,366200,-,2.525623,2.827323,2.898750,2.906082,925884.0
04/05/1993,14.750000,14.812500,14.687500,14.750000,2.884085,244800,-,2.522782,2.819695,2.896916,2.899972,929536.0
04/02/1993,14.812500,14.812500,14.687500,14.750000,2.884085,1783400,-,2.520129,2.812806,2.896305,2.901194,934576.0
04/01/1993,14.937500,15.000000,14.812500,14.875000,2.908526,768200,-,2.517307,2.806394,2.892639,2.902416,908880.0
03/31/1993,14.875000,15.000000,14.875000,15.000000,2.932967,1331600,-,2.514306,2.799493,2.891417,2.902416,905540.0
03/30/1993,14.875000,14.937500,14.750000,14.812500,2.896306,1145400,-,2.511352,2.792103,2.888362,2.896305,907060.0
03/29/1993,14.875000,14.937500,14.812500,14.937500,2.920748,528000,-,2.508638,2.784970,2.888973,2.897527,888272.0
03/26/1993,15.000000,15.000000,14.750000,14.812500,2.896306,461400,-,2.505689,2.777347,2.887751,2.892639,902752.0
03/25/1993,14.750000,15.062500,14.687500,15.000000,2.932967,1443400,-,2.502692,2.769975,2.887140,2.891417,906524.0
03/24/1993,14.687500,14.750000,14.625000,14.687500,2.871864,1020200,-,2.499569,2.761870,2.884085,2.888973,894096.0
03/23/1993,14.812500,14.812500,14.687500,14.687500,2.871864,949600,-,2.496864,2.754033,2.883474,2.891417,888004.0
03/22/1993,14.750000,14.812500,14.687500,14.812500,2.896306,493800,-,2.494159,2.745958,2.882863,2.893861,884104.0
03/19/1993,14.937500,14.937500,14.750000,14.812500,2.896306,889600,-,2.491276,2.737394,2.885918,2.891417,892820.0
03/18/1993,14.750000,14.875000,14.687500,14.875000,2.908526,812200,-,2.488222,2.729068,2.882863,2.882863,886044.0
03/17/1993,14.812500,14.812500,14.687500,14.687500,2.871864,338400,-,2.485221,2.720736,2.876142,2.880419,877116.0
03/16/1993,14.687500,14.875000,14.625000,14.875000,2.908526,699800,-,2.482403,2.713137,2.869665,2.880419,876552.0
03/15/1993,14.687500,14.812500,14.562500,14.687500,2.871864,676800,-,2.479402,2.705044,2.861951,2.880419,870020.0
03/12/1993,14.750000,14.750000,14.687500,14.750000,2.884085,509400,-,2.476584,2.697446,2.856666,2.882863,866056.0
03/11/1993,14.875000,14.937500,14.812500,14.875000,2.908526,853400,-,2.473818,2.689603,2.851367,2.882863,869180.0
03/10/1993,14.750000,14.875000,14.750000,14.812500,2.896306,683000,-,2.470760,2.681986,2.843057,2.879197,862260.0
03/09/1993,14.625000,14.875000,14.625000,14.812500,2.896306,713600,-,2.467763,2.674615,2.835358,2.875530,852340.0
03/08/1993,14.500000,14.750000,14.437500,14.687500,2.871864,634800,-,2.464880,2.667720,2.827062,2.871864,839412.0
03/05/1993,14.750000,14.812500,14.375000,14.375000,2.810761,856000,-,2.462175,2.661313,2.818797,2.880419,842140.0
03/04/1993,14.750000,14.875000,14.687500,14.750000,2.884085,436600,-,2.459889,2.654937,2.815375,2.882863,833296.0
03/03/1993,14.812500,14.875000,14.625000,14.687500,2.871864,994000,-,2.457112,2.647094,2.808287,2.871865,831120.0
03/02/1993,14.750000,14.875000,14.687500,14.875000,2.908526,883400,-,2.454285,2.639972,2.799426,2.858911,853816.0
03/01/1993,14.687500,14.812500,14.687500,14.812500,2.896306,723000,-,2.451275,2.631164,2.786346,2.843483,857872.0
02/26/1993,14.687500,14.750000,14.687500,14.750000,2.884085,720600,-,2.448216,2.621884,2.773878,2.830470,861992.0
02/25/1993,14.687500,14.750000,14.562500,14.687500,2.871864,1164800,-,2.445218,2.613087,2.760829,2.819871,856472.0
02/24/1993,14.687500,14.812500,14.562500,14.625000,2.859645,2559600,-,2.442226,2.604535,2.746602,2.806917,838108.0
02/23/1993,15.125000,15.125000,14.625000,14.625000,2.859645,1802000,-,2.439461,2.596465,2.731793,2.795185,862280.0
02/22/1993,14.500000,15.187500,14.500000,15.125000,2.957409,1253200,-,2.436640,2.588634,2.716389,2.782260,835800.0
02/19/1993,14.250000,14.625000,14.250000,14.500000,2.835202,1401400,-,2.433166,2.578610,2.695500,2.757175,831396.0
02/18/1993,14.250000,14.250000,14.125000,14.187500,2.774101,1611600,-,2.430412,2.571029,2.681914,2.747887,832384.0
02/17/1993,14.375000,14.375000,14.312500,14.375000,2.742324,502600,-,2.428074,2.564193,2.671382,2.744710,865096.0
02/16/1993,14.437500,14.500000,14.312500,14.437500,2.754248,698400,-,2.426006,2.557993,2.662440,2.739940,886152.0
02/12/1993,14.500000,14.562500,14.375000,14.500000,2.766172,1469000,-,2.423712,2.551555,2.651709,2.729210,888244.0
02/11/1993,14.437500,14.562500,14.375000,14.562500,2.778095,1314800,-,2.421470,2.545593,2.640382,2.717287,872848.0
02/10/1993,14.312500,14.437500,14.250000,14.375000,2.742324,1615000,-,2.418891,2.539632,2.627863,2.701787,856016.0
02/09/1993,14.250000,14.375000,14.187500,14.375000,2.742324,395600,-,2.416492,2.534386,2.617132,2.686287,841804.0
02/08/1993,14.250000,14.375000,14.125000,14.312500,2.730403,711800,-,2.413927,2.529378,2.604017,2.668402,839504.0
02/05/1993,14.375000,14.375000,14.000000,14.187500,2.706557,653400,-,2.411421,2.524132,2.590901,2.650517,845492.0
02/04/1993,14.375000,14.562500,14.312500,14.375000,2.742324,673000,-,2.409256,2.519601,2.578978,2.633825,848900.0
02/03/1993,14.187500,14.375000,14.125000,14.375000,2.742324,617800,-,2.406911,2.515070,2.565863,2.615940,859376.0
02/02/1993,13.937500,14.125000,13.937500,14.125000,2.694632,944800,-,2.404402,2.510301,2.553343,2.598055,868688.0
02/01/1993,13.812500,14.000000,13.812500,13.875000,2.646941,1336600,-,2.402075,2.506247,2.543209,2.584940,857488.0
01/29/1993,13.750000,13.875000,13.687500,13.875000,2.646941,960000,-,2.400318,2.503147,2.536055,2.574209,836536.0
01/28/1993,13.625000,13.750000,13.562500,13.750000,2.623095,551800,-,2.398451,2.499570,2.528305,2.563478,830604.0
01/27/1993,13.500000,13.625000,13.500000,13.562500,2.587324,1228200,-,2.396592,2.496708,2.521747,2.553939,825932.0
01/26/1993,13.312500,13.500000,13.250000,13.437500,2.563478,868200,-,2.395023,2.494562,2.518766,2.547978,820372.0
01/25/1993,13.312500,13.375000,13.250000,13.375000,2.551554,548800,-,2.393683,2.493131,2.516978,2.539632,828528.0
01/22/1993,13.437500,13.437500,13.312500,13.312500,2.539632,496800,-,2.392182,2.491701,2.516978,2.531286,836452.0
01/21/1993,13.375000,13.437500,13.312500,13.437500,2.563478,498600,-,2.390520,2.490031,2.517574,2.524132,851320.0
01/20/1993,13.437500,13.500000,13.375000,13.437500,2.563478,601200,-,2.388684,2.488601,2.513997,2.515786,862448.0
01/19/1993,13.312500,13.500000,13.250000,13.437500,2.563478,1407600,-,2.386903,2.486931,2.510420,2.508632,858252.0
01/18/1993,13.312500,13.375000,13.250000,13.312500,2.539632,206000,-,2.385232,2.484785,2.508035,2.501478,847284.0
01/15/1993,13.312500,13.375000,13.187500,13.312500,2.539632,1252000,-,2.383791,2.482734,2.504458,2.497901,875880.0
01/14/1993,13.250000,13.312500,12.750000,13.250000,2.527711,650000,-,2.382074,2.481612,2.499093,2.493131,870704.0
01/13/1993,13.000000,13.250000,12.937500,13.250000,2.527711,822000,-,2.380306,2.480264,2.494920,2.489554,868312.0
01/12/1993,12.937500,13.000000,12.875000,13.000000,2.480016,715600,-,2.378372,2.478684,2.490747,2.489554,857944.0
01/11/1993,13.000000,13.000000,12.875000,12.937500,2.468092,754600,-,2.376677,2.477825,2.489554,2.494324,850088.0
01/08/1993,12.875000,13.000000,12.750000,12.937500,2.468092,929600,-,2.375042,2.476973,2.489554,2.502670,838984.0
01/07/1993,13.062500,13.187500,12.937500,13.000000,2.480016,550800,-,2.373351,2.475889,2.488958,2.511016,826580.0
01/06/1993,13.000000,13.125000,13.000000,13.062500,2.491939,365800,-,2.371657,2.474102,2.487766,2.512208,824996.0
01/05/1993,13.062500,13.062500,12.937500,13.062500,2.491939,310200,-,2.369902,2.472309,2.484785,2.512208,825808.0
01/04/1993,13.125000,13.125000,13.062500,13.125000,2.503861,373200,-,2.368258,2.470516,2.481805,2.514593,832132.0
12/31/1992,13.062500,13.125000,13.000000,13.062500,2.491939,478600,-,2.366333,2.468484,2.478228,2.511016,835672.0
12/30/1992,13.187500,13.250000,13.062500,13.062500,2.491939,665600,-,2.364413,2.466923,2.477035,2.505055,834692.0
12/29/1992,13.312500,13.375000,13.187500,13.250000,2.527711,507400,-,2.362493,2.465130,2.476439,2.500285,838064.0
12/28/1992,13.312500,13.375000,13.187500,13.250000,2.527711,187000,-,2.360504,2.463085,2.474054,2.491939,837496.0
12/24/1992,13.375000,13.375000,13.312500,13.375000,2.551554,67200,-,2.358461,2.460808,2.472266,2.484785,840800.0
12/23/1992,13.125000,13.375000,13.125000,13.375000,2.551554,771200,-,2.356298,2.458287,2.468093,2.476439,848648.0
12/22/1992,13.000000,13.187500,13.000000,13.062500,2.491939,413800,-,2.354190,2.455998,2.464516,2.466900,846840.0
12/21/1992,13.125000,13.187500,13.000000,13.062500,2.491939,327800,-,2.352490,2.454205,2.465708,2.463324,845712.0
12/18/1992,13.000000,13.250000,12.937500,13.187500,2.515785,2128800,-,2.350681,2.451947,2.466304,2.457362,846780.0
12/17/1992,12.812500,12.937500,12.750000,12.937500,2.468092,1086200,-,2.348641,2.449677,2.465112,2.449016,811904.0
12/16/1992,12.812500,12.937500,12.750000,12.750000,2.432324,929000,-,2.347006,2.447897,2.466304,2.445439,799752.0
12/15/1992,12.812500,12.875000,12.750000,12.812500,2.444247,444600,-,2.345494,2.446831,2.468093,2.449016,792720.0
12/14/1992,12.875000,12.875000,12.812500,12.812500,2.444247,246600,-,2.343923,2.446224,2.469881,2.452593,800568.0
12/11/1992,12.875000,12.937500,12.687500,12.875000,2.456170,3768200,-,2.342352,2.445617,2.471670,2.456170,809764.0
12/10/1992,12.875000,12.937500,12.812500,12.937500,2.468092,478000,-,2.340886,2.444771,2.473458,2.459747,747724.0
12/09/1992,12.875000,12.937500,12.750000,12.875000,2.456170,1033000,-,2.339361,2.444383,2.474054,2.459747,767692.0
12/08/1992,12.687500,12.875000,12.625000,12.875000,2.456170,1450800,-,2.337841,2.443537,2.474054,2.462131,759784.0
12/07/1992,12.750000,12.750000,12.625000,12.750000,2.432324,3247200,-,2.336210,2.442228,2.475843,2.468093,738644.0
12/04/1992,12.812500,12.812500,12.625000,12.750000,2.432324,1555400,-,2.334533,2.441162,2.478227,2.475247,680804.0
12/03/1992,12.937500,12.937500,12.750000,12.750000,2.432324,803000,-,2.332856,2.440329,2.479420,2.481208,660352.0
12/02/1992,12.937500,13.000000,12.812500,12.937500,2.468092,699200,-,2.331344,2.438336,2.479658,2.487169,653760.0
12/01/1992,13.000000,13.000000,12.875000,13.000000,2.480016,473200,-,2.329422,2.435859,2.480429,2.487169,650480.0
11/30/1992,13.062500,13.125000,12.875000,13.000000,2.480016,904400,-,2.327386,2.433144,2.479444,2.487169,651172.0
11/27/1992,12.937500,13.125000,12.937500,13.062500,2.491939,280600,-,2.325619,2.430893,2.477878,2.487169,655356.0
11/25/1992,13.062500,13.062500,12.875000,12.937500,2.468092,1011200,-,2.323631,2.428635,2.475135,2.487169,671760.0
11/24/1992,13.125000,13.187500,13.000000,13.000000,2.480016,823800,-,2.321924,2.427783,2.473005,2.488362,664920.0
11/23/1992,13.125000,13.187500,13.000000,13.187500,2.515785,1196800,-,2.320210,2.426228,2.469698,2.485977,661996.0
11/20/1992,13.250000,13.250000,13.062500,13.125000,2.503861,1083400,-,2.318050,2.424422,2.463443,2.483593,659420.0
11/19/1992,13.062500,13.125000,13.000000,13.062500,2.491939,384800,-,2.315734,2.422855,2.458363,2.481208,646336.0
11/18/1992,13.000000,13.125000,13.000000,13.062500,2.491939,289000,-,2.313585,2.421758,2.453880,2.477631,654524.0
11/17/1992,12.937500,13.000000,12.937500,12.937500,2.468092,663400,-,2.311543,2.420893,2.449397,2.472147,668608.0
11/16/1992,13.000000,13.000000,12.875000,13.000000,2.480016,318200,-,2.309514,2.419809,2.446687,2.473689,667696.0
11/13/1992,13.062500,13.125000,12.875000,13.000000,2.480016,950200,-,2.307478,2.418022,2.442800,2.471718,671672.0
11/12/1992,13.125000,13.125000,12.875000,13.062500,2.491939,1276000,-,2.305550,2.416235,2.440073,2.468586,662160.0
11/11/1992,12.875000,13.000000,12.875000,13.000000,2.480016,945000,-,2.303455,2.414442,2.436171,2.463101,649860.0
11/10/1992,13.000000,13.062500,12.875000,12.875000,2.456170,1240200,-,2.301365,2.412655,2.433444,2.457648,648904.0
11/09/1992,13.000000,13.125000,12.937500,13.062500,2.491939,1055000,-,2.299449,2.411345,2.432490,2.453419,651028.0
11/06/1992,12.875000,13.000000,12.875000,13.000000,2.480016,391400,-,2.297300,2.410016,2.428007,2.443293,654136.0
11/05/1992,12.937500,12.937500,12.750000,12.875000,2.456170,859200,-,2.295211,2.408925,2.422960,2.435519,659520.0
11/04/1992,13.312500,13.312500,13.125000,13.125000,2.437092,1635800,-,2.293241,2.408544,2.420265,2.430129,661016.0
11/03/1992,13.312500,13.375000,13.250000,13.375000,2.483513,993200,-,2.291420,2.408544,2.417364,2.426648,640088.0
11/02/1992,13.187500,13.312500,13.125000,13.250000,2.460304,530400,-,2.289152,2.407383,2.412141,2.419685,646148.0
10/30/1992,13.125000,13.187500,13.062500,13.187500,2.448697,303600,-,2.287000,2.406687,2.409820,2.413882,648568.0
10/29/1992,13.062500,13.187500,13.000000,13.125000,2.437092,322800,-,2.284530,2.406223,2.408080,2.411561,675388.0
10/28/1992,13.000000,13.125000,13.000000,13.062500,2.425487,199400,-,2.282333,2.404552,2.406919,2.409240,690424.0
10/27/1992,12.875000,13.062500,12.875000,13.000000,2.413883,309400,-,2.280463,2.402886,2.408080,2.409240,699816.0
10/26/1992,12.937500,13.000000,12.750000,12.875000,2.390672,471600,-,2.278812,2.401227,2.408080,2.411561,701848.0
10/23/1992,12.937500,12.937500,12.875000,12.937500,2.402277,406400,-,2.277116,2.400484,2.408080,2.412722,711436.0
10/22/1992,12.937500,13.000000,12.875000,12.937500,2.402277,626400,-,2.275469,2.398830,2.406919,2.410401,715088.0
10/21/1992,13.000000,13.000000,12.875000,12.937500,2.402277,550200,-,2.274090,2.397176,2.406339,2.410401,717848.0
10/20/1992,13.000000,13.000000,12.875000,13.000000,2.413883,429600,-,2.273034,2.395296,2.402857,2.408080,735608.0
10/19/1992,13.000000,13.125000,12.937500,12.937500,2.402277,834200,-,2.271920,2.392958,2.399376,2.404598,741340.0
10/16/1992,13.000000,13.062500,13.000000,13.062500,2.425487,479000,-,2.270864,2.391078,2.396475,2.405759,740128.0
10/15/1992,13.000000,13.062500,13.000000,13.000000,2.413883,352200,-,2.269799,2.388960,2.393573,2.404598,747308.0
10/14/1992,13.062500,13.125000,13.000000,13.062500,2.425487,459600,-,2.268685,2.386622,2.391832,2.404598,751928.0
10/13/1992,12.875000,13.125000,12.875000,13.125000,2.437092,680800,-,2.267674,2.384730,2.391832,2.406919,757112.0
10/12/1992,12.875000,12.937500,12.812500,12.937500,2.402277,357400,-,2.266604,2.383059,2.390092,2.404598,762672.0
10/09/1992,12.875000,12.875000,12.750000,12.812500,2.379067,381200,-,2.265602,2.382084,2.391252,2.403438,773576.0
10/08/1992,12.812500,12.937500,12.812500,12.937500,2.402277,385000,-,2.264608,2.381121,2.393573,2.403438,789072.0
10/07/1992,12.812500,12.875000,12.750000,12.812500,2.379067,478600,-,2.263498,2.380598,2.395314,2.402277,790948.0
10/06/1992,12.937500,13.062500,12.812500,12.812500,2.379067,577400,-,2.262343,2.380088,2.398796,2.397635,816448.0
10/05/1992,12.937500,13.000000,12.750000,13.000000,2.413883,837000,-,2.261081,2.379351,2.400536,2.394154,834528.0
10/02/1992,13.000000,13.062500,12.937500,13.000000,2.413883,706400,-,2.259322,2.377691,2.399376,2.387190,848904.0
10/01/1992,13.125000,13.187500,13.000000,13.000000,2.413883,666200,-,2.257617,2.375805,2.398215,2.382548,848184.0
09/30/1992,13.062500,13.250000,13.062500,13.187500,2.448697,1476400,-,2.255751,2.373693,2.397635,2.379067,859976.0
09/29/1992,12.812500,13.062500,12.812500,13.000000,2.413883,637600,-,2.253658,2.370885,2.394734,2.376746,847804.0
09/28/1992,12.812500,12.937500,12.812500,12.875000,2.390672,393800,-,2.252060,2.369452,2.393573,2.375585,855236.0
09/25/1992,12.875000,12.875000,12.812500,12.812500,2.379067,355200,-,2.250632,2.368935,2.395314,2.379067,855832.0
09/24/1992,12.625000,12.875000,12.562500,12.875000,2.390672,532800,-,2.249155,2.368877,2.397635,2.383709,881308.0
09/23/1992,12.625000,12.687500,12.500000,12.562500,2.332645,473400,-,2.247405,2.368813,2.399956,2.388351,887472.0
09/22/1992,12.625000,12.687500,12.562500,12.625000,2.344251,535200,-,2.245999,2.370136,2.405178,2.399956,891776.0
09/21/1992,12.687500,12.750000,12.625000,12.625000,2.344251,507800,-,2.244589,2.371227,2.409240,2.406919,887240.0
09/18/1992,12.812500,12.812500,12.687500,12.750000,2.367462,1113600,-,2.243071,2.372544,2.413302,2.411561,888456.0
09/17/1992,13.062500,13.125000,12.750000,12.812500,2.379067,1100800,-,2.241490,2.373397,2.416203,2.413882,888292.0
09/16/1992,12.812500,13.125000,12.812500,13.062500,2.425487,669200,-,2.240013,2.374244,2.414926,2.416203,875588.0
09/15/1992,13.000000,13.062500,12.875000,12.937500,2.402277,677600,-,2.238358,2.373937,2.410763,2.412722,895600.0
09/14/1992,13.125000,13.187500,13.062500,13.062500,2.425487,1068000,-,2.236765,2.373867,2.407195,2.411561,909840.0
09/11/1992,13.125000,13.125000,13.000000,13.062500,2.425487,429200,-,2.235055,2.373560,2.403597,2.411561,929924.0
09/10/1992,13.187500,13.250000,13.062500,13.125000,2.437092,794200,-,2.233131,2.373026,2.398302,2.411561,988752.0
09/09/1992,13.000000,13.312500,13.000000,13.187500,2.448697,993200,-,2.231042,2.372034,2.392427,2.411561,1011900.0
09/08/1992,12.875000,13.000000,12.875000,13.000000,2.413883,617800,-,2.228733,2.370583,2.385406,2.410401,1003600.0
09/04/1992,12.875000,13.000000,12.875000,12.875000,2.390672,517000,-,2.226760,2.369376,2.379560,2.411561,996760.0
09/03/1992,12.937500,12.937500,12.875000,12.875000,2.390672,474600,-,2.224849,2.368860,2.375440,2.415043,996672.0
09/02/1992,12.937500,12.937500,12.812500,12.937500,2.402277,661000,-,2.222830,2.368343,2.371886,2.418524,997304.0
09/01/1992,12.875000,13.000000,12.750000,12.875000,2.390672,897200,-,2.220861,2.367595,2.366620,2.413650,1001460.0
08/31/1992,13.000000,13.062500,12.812500,12.875000,2.390672,1346400,-,2.218843,2.367078,2.363631,2.408805,998676.0
08/28/1992,13.125000,13.125000,13.000000,13.062500,2.425487,1210400,-,2.216931,2.366335,2.361775,2.402828,1002440.0
08/27/1992,13.125000,13.187500,13.062500,13.062500,2.425487,660600,-,2.215007,2.364218,2.358177,2.395633,990468.0
08/26/1992,13.062500,13.125000,13.062500,13.125000,2.437092,934000,-,2.213137,2.361873,2.353448,2.385043,986480.0
08/25/1992,13.062500,13.125000,13.000000,13.125000,2.437092,589400,-,2.211262,2.359976,2.350401,2.373293,978792.0
08/24/1992,13.000000,13.062500,12.937500,13.062500,2.425487,1296200,-,2.209280,2.358305,2.346224,2.360411,977912.0
08/21/1992,13.062500,13.125000,12.875000,13.062500,2.425487,651400,-,2.207356,2.356413,2.342060,2.347558,966780.0
08/20/1992,12.812500,13.125000,12.812500,13.062500,2.425487,1644600,-,2.205217,2.353843,2.337331,2.335837,962808.0
08/19/1992,12.937500,13.062500,12.937500,13.000000,2.353534,1074600,-,2.202853,2.351498,2.332036,2.325247,933684.0
08/18/1992,12.812500,12.937500,12.812500,12.937500,2.342220,669000,-,2.200848,2.351046,2.329773,2.319590,916908.0
08/17/1992,12.937500,13.000000,12.875000,12.875000,2.330905,411000,-,2.198848,2.350819,2.328076,2.318458,908240.0
08/14/1992,12.875000,13.000000,12.812500,13.000000,2.353534,951000,-,2.197113,2.350593,2.328642,2.320721,908636.0
08/13/1992,12.812500,12.875000,12.750000,12.812500,2.319590,589000,-,2.195161,2.349235,2.329208,2.320721,899500.0
08/12/1992,12.750000,12.812500,12.750000,12.812500,2.319590,764400,-,2.193430,2.349009,2.332036,2.321853,892508.0
08/11/1992,12.625000,12.812500,12.625000,12.750000,2.308275,1438200,-,2.191647,2.348783,2.335431,2.327510,885780.0
08/10/1992,12.750000,12.750000,12.625000,12.687500,2.296959,716200,-,2.189765,2.348783,2.339957,2.332036,865088.0
08/07/1992,12.750000,12.875000,12.750000,12.750000,2.308275,773600,-,2.187886,2.349009,2.345049,2.336562,859060.0
08/06/1992,12.750000,12.812500,12.687500,12.812500,2.319590,838000,-,2.185951,2.349462,2.350140,2.338825,855096.0
08/05/1992,12.875000,12.875000,12.687500,12.687500,2.296959,583200,-,2.183855,2.349009,2.354666,2.338825,845036.0
08/04/1992,12.937500,12.937500,12.812500,12.875000,2.330905,718800,-,2.181873,2.349009,2.360890,2.339957,839980.0
08/03/1992,13.000000,13.000000,12.875000,13.000000,2.353534,958800,-,2.179772,2.348783,2.364850,2.337694,827572.0
07/31/1992,12.875000,13.062500,12.875000,13.000000,2.353534,902600,-,2.177611,2.348330,2.367113,2.336562,839224.0
07/30/1992,13.125000,13.125000,12.875000,12.875000,2.330905,1156000,-,2.175554,2.348330,2.369942,2.337694,877812.0
07/29/1992,13.000000,13.187500,13.000000,13.125000,2.376165,478800,-,2.173506,2.348285,2.373336,2.342220,874540.0
07/28/1992,12.937500,13.062500,12.875000,13.000000,2.353534,1753600,-,2.171179,2.346893,2.373902,2.343352,880296.0
07/27/1992,12.812500,13.000000,12.812500,12.937500,2.342220,1481400,-,2.168705,2.345954,2.375034,2.347878,862532.0
07/24/1992,12.750000,12.875000,12.750000,12.875000,2.330905,1555800,-,2.166339,2.344799,2.375599,2.353535,844004.0
07/23/1992,12.687500,12.875000,12.687500,12.812500,2.319590,670400,-,2.164187,2.343871,2.377297,2.361456,820316.0
07/22/1992,12.687500,12.750000,12.625000,12.750000,2.308275,1255800,-,2.162195,2.342948,2.379560,2.370508,819300.0
07/21/1992,12.937500,13.000000,12.687500,12.750000,2.308275,867800,-,2.160208,2.342914,2.382388,2.381823,802144.0
07/20/1992,13.000000,13.000000,12.875000,12.937500,2.342220,1009200,-,2.158325,2.342659,2.385217,2.392006,804720.0
07/17/1992,13.125000,13.125000,13.000000,13.062500,2.364851,423600,-,2.156168,2.341064,2.385783,2.397664,794368.0
07/16/1992,13.125000,13.125000,13.000000,13.125000,2.376165,1629000,-,2.153794,2.339457,2.383520,2.402190,793240.0
07/15/1992,13.187500,13.250000,13.125000,13.187500,2.387480,841000,-,2.151310,2.338065,2.380125,2.404453,772592.0
07/14/1992,13.250000,13.250000,13.187500,13.250000,2.398794,688600,-,2.148823,2.336888,2.377862,2.404453,770972.0
07/13/1992,13.250000,13.312500,13.187500,13.250000,2.398794,308400,-,2.146226,2.334823,2.375599,2.402190,765284.0
07/10/1992,13.250000,13.312500,13.250000,13.312500,2.410111,568600,-,2.143682,2.333199,2.372205,2.397664,802384.0
07/09/1992,13.375000,13.375000,13.187500,13.312500,2.410111,1105400,-,2.141081,2.330245,2.366547,2.393138,800556.0
07/08/1992,13.250000,13.375000,13.250000,13.375000,2.421425,465600,-,2.138376,2.327291,2.361456,2.388612,787824.0
07/07/1992,13.125000,13.312500,13.125000,13.312500,2.410111,1669800,-,2.135614,2.323449,2.356930,2.382954,807236.0
07/06/1992,13.250000,13.312500,13.125000,13.250000,2.398794,1389600,-,2.132909,2.319833,2.352969,2.378428,783892.0
07/02/1992,13.250000,13.375000,13.187500,13.312500,2.410111,2072200,-,2.130104,2.317327,2.349009,2.373902,765080.0
07/01/1992,13.187500,13.250000,13.125000,13.250000,2.398794,3370600,-,2.127190,2.314594,2.342786,2.364850,740052.0
06/30/1992,13.125000,13.312500,13.062500,13.187500,2.387480,1951600,-,2.124332,2.311425,2.338260,2.355798,684024.0
06/29/1992,13.062500,13.125000,13.000000,13.125000,2.376165,578200,-,2.121584,2.308261,2.334300,2.351272,656968.0
06/26/1992,13.062500,13.125000,13.000000,13.000000,2.353534,275800,-,2.118839,2.306649,2.330905,2.349009,666376.0
06/25/1992,13.125000,13.125000,13.000000,13.062500,2.364851,512600,-,2.116208,2.305047,2.328642,2.346746,672472.0
06/24/1992,13.125000,13.187500,13.000000,13.062500,2.364851,506200,-,2.113521,2.302778,2.326945,2.339957,670404.0
06/23/1992,13.125000,13.187500,13.062500,13.062500,2.364851,868800,-,2.110781,2.300950,2.323550,2.334300,682212.0
06/22/1992,12.937500,13.125000,12.937500,13.062500,2.364851,758000,-,2.107936,2.299564,2.320156,2.330905,707604.0
06/19/1992,12.812500,13.000000,12.812500,13.000000,2.353534,1534600,-,2.105040,2.297295,2.317893,2.327510,705540.0
06/18/1992,12.750000,12.875000,12.687500,12.812500,2.319590,611800,-,2.102252,2.294369,2.316761,2.324116,685924.0
06/17/1992,12.937500,13.000000,12.750000,12.750000,2.308275,461200,-,2.099582,2.291901,2.318458,2.320721,687152.0
06/16/1992,13.000000,13.062500,12.937500,12.937500,2.342220,549600,-,2.097020,2.289881,2.319477,2.320721,691804.0
06/15/1992,12.812500,13.000000,12.812500,13.000000,2.353534,545400,-,2.094185,2.287623,2.317694,2.317327,691708.0
06/12/1992,12.812500,12.875000,12.687500,12.875000,2.330905,739600,-,2.091240,2.285580,2.315346,2.312801,719060.0
06/11/1992,12.750000,12.812500,12.625000,12.687500,2.296959,452800,-,2.088566,2.282886,2.313026,2.310538,720500.0
06/10/1992,12.812500,12.875000,12.750000,12.750000,2.308275,188400,-,2.085956,2.280429,2.312402,2.313933,730188.0
06/09/1992,12.937500,12.937500,12.812500,12.875000,2.330905,235800,-,2.083343,2.277084,2.310662,2.312801,733500.0
06/08/1992,12.812500,12.875000,12.750000,12.875000,2.330905,235600,-,2.080616,2.273287,2.309445,2.309406,735004.0
06/05/1992,12.687500,12.812500,12.562500,12.812500,2.319590,430800,-,2.077889,2.269489,2.307676,2.308275,735152.0
06/04/1992,12.812500,12.812500,12.625000,12.625000,2.285644,494200,-,2.075114,2.265697,2.304818,2.309406,740240.0
06/03/1992,12.812500,12.812500,12.750000,12.750000,2.308275,239400,-,2.072353,2.262805,2.304761,2.316195,737588.0
06/02/1992,12.812500,12.812500,12.750000,12.750000,2.308275,428000,-,2.069373,2.259460,2.304675,2.318232,749392.0
06/01/1992,12.750000,12.812500,12.687500,12.750000,2.308275,403600,-,2.066499,2.256556,2.305694,2.318062,765064.0
05/29/1992,12.812500,12.875000,12.687500,12.750000,2.308275,414800,-,2.063520,2.252770,2.305057,2.317891,770412.0
05/28/1992,12.750000,12.875000,12.687500,12.875000,2.330905,575400,-,2.060446,2.248763,2.305523,2.315513,783156.0
05/27/1992,12.687500,12.812500,12.687500,12.687500,2.296959,335000,-,2.057311,2.244303,2.302099,2.310872,800104.0
05/26/1992,12.750000,12.812500,12.625000,12.687500,2.296959,330400,-,2.054294,2.240964,2.300372,2.308522,800900.0
05/22/1992,12.875000,12.875000,12.812500,12.812500,2.319590,98400,-,2.051328,2.237403,2.296990,2.309484,800832.0
05/21/1992,13.000000,13.000000,12.875000,12.875000,2.330905,1541400,-,2.048199,2.233391,2.292477,2.307078,812144.0
05/20/1992,13.000000,13.062500,12.812500,13.000000,2.353534,2832000,-,2.044962,2.229372,2.289604,2.300230,787992.0
05/19/1992,13.062500,13.187500,13.062500,13.187500,2.328642,992400,-,2.041713,2.225343,2.285601,2.293326,764744.0
05/18/1992,13.000000,13.062500,13.000000,13.062500,2.306570,766600,-,2.038437,2.221370,2.281186,2.291119,754596.0
05/15/1992,12.937500,13.062500,12.875000,13.062500,2.306570,865400,-,2.035321,2.217397,2.277323,2.293326,758416.0
05/14/1992,12.875000,12.937500,12.812500,12.937500,2.284497,555000,-,2.032206,2.214086,2.276772,2.292222,750368.0
05/13/1992,12.812500,13.000000,12.812500,12.937500,2.284497,371400,-,2.029252,2.210996,2.276220,2.295533,750504.0
05/12/1992,13.000000,13.000000,12.812500,12.875000,2.273461,619600,-,2.026348,2.207906,2.274564,2.293326,761884.0
05/11/1992,13.000000,13.125000,12.937500,13.062500,2.306570,398000,-,2.023449,2.205036,2.274564,2.292222,758856.0
05/08/1992,12.750000,13.062500,12.687500,13.000000,2.295533,996600,-,2.020182,2.202167,2.274012,2.284497,765040.0
05/07/1992,13.000000,13.000000,12.687500,12.812500,2.262424,491600,-,2.017020,2.199518,2.271805,2.277875,775616.0
05/06/1992,13.062500,13.062500,12.875000,12.937500,2.284497,367200,-,2.014024,2.197311,2.269046,2.278979,778304.0
05/05/1992,13.062500,13.187500,13.000000,13.062500,2.306570,596600,-,2.010918,2.194221,2.264632,2.277875,781720.0
05/04/1992,12.937500,13.250000,12.937500,13.187500,2.328642,760000,-,2.007651,2.190027,2.259665,2.271253,776476.0
05/01/1992,13.062500,13.062500,12.937500,13.000000,2.295533,404200,-,2.004323,2.185392,2.254699,2.261321,779428.0
04/30/1992,12.812500,13.125000,12.812500,13.125000,2.317605,2163400,-,2.001263,2.182081,2.252492,2.261321,791564.0
04/29/1992,12.812500,12.812500,12.687500,12.812500,2.262424,477200,-,1.997991,2.177402,2.246422,2.256906,803936.0
04/28/1992,12.625000,12.812500,12.625000,12.812500,2.262424,468800,-,1.995046,2.173611,2.242008,2.255803,809936.0
04/27/1992,12.625000,12.687500,12.562500,12.625000,2.229316,1436200,-,1.992101,2.170895,2.235938,2.256906,810516.0
04/24/1992,12.812500,12.875000,12.625000,12.625000,2.229316,502600,-,1.989270,2.168196,2.231523,2.263528,793360.0
04/23/1992,12.812500,12.875000,12.750000,12.875000,2.273461,449000,-,1.986338,2.166142,2.227109,2.265735,793616.0
04/22/1992,12.687500,12.875000,12.625000,12.875000,2.273461,820800,-,1.983135,2.163419,2.219935,2.259114,792156.0
04/21/1992,12.687500,12.812500,12.687500,12.687500,2.240352,569200,-,1.980084,2.159623,2.213314,2.251388,787316.0
04/20/1992,12.875000,12.937500,12.562500,12.625000,2.229316,598800,-,1.977198,2.155629,2.208347,2.248077,792696.0
04/16/1992,12.875000,13.000000,12.875000,13.000000,2.295533,1048600,-,1.974368,2.152286,2.205036,2.248077,788476.0
04/15/1992,12.812500,12.875000,12.687500,12.875000,2.273461,580600,-,1.971156,2.148048,2.196208,2.243663,777048.0
04/14/1992,12.812500,12.875000,12.750000,12.750000,2.251389,409200,-,1.968003,2.143822,2.187930,2.235938,773052.0
04/13/1992,12.937500,13.000000,12.750000,12.875000,2.273461,1096600,-,1.965062,2.140252,2.180757,2.228212,775820.0
04/10/1992,12.875000,13.000000,12.812500,13.000000,2.295533,2138400,-,1.961859,2.136671,2.173583,2.214969,761396.0
04/09/1992,12.500000,12.750000,12.500000,12.750000,2.251389,654800,-,1.958647,2.132218,2.164754,2.199518,734152.0
04/08/1992,12.437500,12.562500,12.437500,12.500000,2.207243,553800,-,1.955706,2.128433,2.158133,2.188482,734180.0
04/07/1992,12.562500,12.562500,12.437500,12.437500,2.196207,673200,-,1.952935,2.125746,2.154270,2.180757,732748.0
04/06/1992,12.625000,12.687500,12.500000,12.500000,2.207243,693800,-,1.950219,2.123065,2.152063,2.175239,741012.0
04/03/1992,12.625000,12.687500,12.562500,12.625000,2.229316,544800,-,1.947449,2.120164,2.148200,2.168617,746712.0
04/02/1992,12.375000,12.812500,12.312500,12.750000,2.251389,1913000,-,1.944567,2.116820,2.142130,2.161996,752272.0
04/01/1992,12.250000,12.437500,12.187500,12.437500,2.196207,811600,-,1.941475,2.113251,2.136612,2.148752,726948.0
03/31/1992,12.125000,12.312500,12.125000,12.312500,2.174135,937200,-,1.938759,2.109925,2.133301,2.139923,735880.0
03/30/1992,12.062500,12.187500,12.062500,12.125000,2.141027,354000,-,1.936103,2.107041,2.131094,2.133301,747816.0
03/27/1992,12.062500,12.187500,12.062500,12.125000,2.141027,311000,-,1.933613,2.103316,2.130542,2.132198,806712.0
03/26/1992,12.062500,12.125000,12.000000,12.125000,2.141027,243000,-,1.931071,2.100450,2.131646,2.129990,830340.0
03/25/1992,12.125000,12.187500,12.062500,12.062500,2.129990,685200,-,1.928327,2.098657,2.132749,2.127783,857460.0
03/24/1992,12.125000,12.250000,12.125000,12.125000,2.141027,361600,-,1.925740,2.097730,2.133853,2.127783,866244.0
03/23/1992,12.187500,12.187500,12.125000,12.125000,2.141027,829600,-,1.923047,2.095938,2.133301,2.128887,894536.0
03/20/1992,12.000000,12.250000,12.000000,12.250000,2.163099,1211600,-,1.920404,2.094576,2.131094,2.127783,903556.0
03/19/1992,11.937500,12.062500,11.937500,12.000000,2.118954,671000,-,1.917651,2.093846,2.127783,2.122265,902360.0
03/18/1992,11.937500,11.937500,11.875000,11.937500,2.107918,1052000,-,1.915068,2.095287,2.128335,2.124472,912412.0
03/17/1992,12.000000,12.062500,11.875000,11.937500,2.107918,1422800,-,1.912642,2.096950,2.127121,2.126679,902176.0
03/16/1992,12.000000,12.125000,12.000000,12.062500,2.129990,374800,-,1.910216,2.098612,2.125370,2.128887,885788.0
03/13/1992,12.000000,12.062500,11.937500,12.000000,2.118954,327000,-,1.907781,2.100263,2.125200,2.128887,900400.0
03/12/1992,12.000000,12.125000,11.937500,12.000000,2.118954,664000,-,1.905502,2.101705,2.123971,2.133301,911244.0
03/11/1992,12.125000,12.187500,12.000000,12.062500,2.129990,333800,-,1.903173,2.103791,2.124354,2.137715,921732.0
03/10/1992,12.062500,12.312500,12.062500,12.187500,2.152063,1669600,-,1.900737,2.105656,2.124721,2.139923,932680.0
03/09/1992,12.000000,12.062500,11.937500,12.062500,2.129990,485000,-,1.898141,2.106651,2.121300,2.137715,911220.0
03/06/1992,12.000000,12.062500,11.937500,11.937500,2.107918,957600,-,1.895655,2.107657,2.116834,2.134405,912972.0
03/05/1992,12.062500,12.125000,12.000000,12.125000,2.141027,463000,-,1.893330,2.109105,2.114546,2.133301,906756.0
03/04/1992,12.062500,12.125000,11.937500,12.062500,2.129990,561800,-,1.890840,2.109246,2.111677,2.132197,908588.0
03/03/1992,12.125000,12.187500,12.062500,12.062500,2.129990,940400,-,1.888354,2.109178,2.108285,2.127562,925040.0
03/02/1992,12.187500,12.250000,12.062500,12.062500,2.129990,468200,-,1.885919,2.107821,2.105430,2.121853,914440.0
02/28/1992,12.187500,12.250000,12.125000,12.250000,2.163099,707200,-,1.883483,2.106679,2.103650,2.121514,911172.0
02/27/1992,12.187500,12.250000,12.187500,12.250000,2.163099,1525400,-,1.880791,2.104231,2.099140,2.114642,905052.0
02/26/1992,12.062500,12.187500,12.000000,12.187500,2.152063,626000,-,1.878001,2.101568,2.094093,2.110992,881972.0
02/25/1992,11.875000,12.062500,11.812500,12.062500,2.129990,538000,-,1.875265,2.100414,2.090135,2.109519,879684.0
02/24/1992,11.875000,11.875000,11.750000,11.875000,2.096881,334400,-,1.872493,2.099917,2.086743,2.104884,881300.0
02/21/1992,12.000000,12.062500,11.875000,11.875000,2.096881,907600,-,1.869984,2.099652,2.085007,2.099264,886948.0
02/20/1992,11.937500,12.062500,11.875000,12.062500,2.129990,1011000,-,1.867525,2.098528,2.083271,2.095791,886936.0
02/19/1992,12.187500,12.250000,12.000000,12.125000,2.083637,2782000,-,1.864801,2.096956,2.080416,2.091156,875200.0
02/18/1992,12.250000,12.312500,12.000000,12.062500,2.072898,777200,-,1.862359,2.096527,2.077731,2.089008,831960.0
02/14/1992,12.312500,12.375000,12.250000,12.375000,2.126599,497800,-,1.860068,2.095882,2.075583,2.089008,825980.0
02/13/1992,12.375000,12.375000,12.062500,12.187500,2.094379,578400,-,1.857510,2.094378,2.066991,2.085786,824504.0
02/12/1992,12.375000,12.437500,12.312500,12.375000,2.126599,515400,-,1.855161,2.094164,2.062157,2.083638,829776.0
02/11/1992,12.062500,12.437500,12.062500,12.437500,2.137340,376000,-,1.852504,2.093519,2.058398,2.077194,835564.0
02/10/1992,11.875000,12.125000,11.875000,12.125000,2.083637,578800,-,1.849744,2.092445,2.055713,2.070750,837792.0
02/07/1992,11.937500,12.000000,11.875000,11.875000,2.040677,838200,-,1.847252,2.092445,2.054102,2.068602,858828.0
02/06/1992,12.125000,12.125000,11.875000,12.000000,2.062157,387800,-,1.844926,2.092445,2.055713,2.070750,850996.0
02/05/1992,12.000000,12.125000,12.000000,12.125000,2.083637,477200,-,1.842591,2.091586,2.058935,2.070750,853280.0
02/04/1992,12.000000,12.062500,11.937500,12.000000,2.062157,380800,-,1.840148,2.089653,2.064305,2.069676,849276.0
02/03/1992,12.125000,12.187500,12.000000,12.062500,2.072898,547600,-,1.837764,2.088793,2.070750,2.066454,849272.0
01/31/1992,12.062500,12.187500,12.000000,12.187500,2.094379,375400,-,1.835326,2.087504,2.076657,2.062158,854068.0
01/30/1992,11.937500,12.062500,11.875000,12.062500,2.072898,776200,-,1.832830,2.085356,2.082564,2.048195,857400.0
01/29/1992,12.000000,12.125000,11.937500,12.000000,2.062157,656200,-,1.830687,2.084068,2.088471,2.040677,857724.0
01/28/1992,12.062500,12.187500,12.000000,12.062500,2.072898,482200,-,1.828549,2.082564,2.096526,2.039603,865904.0
01/27/1992,12.000000,12.000000,11.937500,12.000000,2.062157,1086400,-,1.826308,2.081275,2.104045,2.040676,868592.0
01/24/1992,11.937500,12.125000,11.937500,12.000000,2.062157,978800,-,1.824072,2.080845,2.111026,2.039602,861644.0
01/23/1992,12.062500,12.062500,11.875000,12.000000,2.062157,822800,-,1.821737,2.080631,2.116933,2.040677,878448.0
01/22/1992,11.875000,12.062500,11.812500,12.062500,2.072898,646800,-,1.819303,2.080631,2.122840,2.047121,877240.0
01/21/1992,11.750000,11.875000,11.687500,11.812500,2.029936,1258200,-,1.816717,2.079986,2.126599,2.058935,883440.0
01/20/1992,11.500000,11.812500,11.437500,11.812500,2.029936,1534000,-,1.814445,2.080201,2.131433,2.075046,874468.0
01/17/1992,11.687500,11.750000,11.312500,11.375000,1.954753,3298800,-,1.812123,2.079557,2.133044,2.091156,874376.0
01/16/1992,11.875000,11.937500,11.500000,11.625000,1.997715,1492400,-,1.810227,2.079514,2.138951,2.116933,846660.0
01/15/1992,12.125000,12.125000,11.812500,11.937500,2.051417,1599000,-,1.808017,2.078611,2.141099,2.136266,824136.0
01/14/1992,11.937500,12.125000,11.875000,12.125000,2.083637,1124400,-,1.805539,2.076426,2.140025,2.153450,803100.0
01/13/1992,11.937500,11.937500,11.750000,11.937500,2.051417,1776200,-,1.802801,2.074432,2.140562,2.167413,786932.0
01/10/1992,12.375000,12.437500,11.937500,12.062500,2.072898,1280600,-,1.800323,2.072665,2.143247,2.182449,759560.0
01/09/1992,12.750000,12.875000,12.250000,12.375000,2.126599,1151800,-,1.797688,2.070677,2.143784,2.193190,749760.0
01/08/1992,12.625000,12.812500,12.562500,12.750000,2.191041,1173600,-,1.794883,2.067405,2.139488,2.198560,750388.0
01/07/1992,12.750000,12.750000,12.625000,12.750000,2.191041,540200,-,1.791657,2.062219,2.132507,2.194264,738888.0
01/06/1992,12.812500,12.812500,12.625000,12.750000,2.191041,603400,-,1.788333,2.056824,2.126063,2.187820,738340.0
01/03/1992,12.750000,12.875000,12.750000,12.875000,2.212522,1105400,-,1.784960,2.051429,2.118544,2.174931,733464.0
01/02/1992,12.875000,12.937500,12.750000,12.750000,2.191041,869200,-,1.781528,2.045186,2.110489,2.160969,720088.0
12/31/1991,12.875000,13.000000,12.750000,12.937500,2.223263,1188400,-,1.778056,2.039373,2.105119,2.145933,710036.0
12/30/1991,12.750000,12.937500,12.625000,12.937500,2.223263,881200,-,1.774424,2.033125,2.098675,2.126600,697884.0
12/27/1991,12.625000,12.812500,12.625000,12.812500,2.201783,596600,-,1.770840,2.027085,2.091693,2.113711,698528.0
12/26/1991,12.625000,12.687500,12.625000,12.687500,2.180302,572600,-,1.767511,2.021893,2.085786,2.104045,696380.0
12/24/1991,12.437500,12.687500,12.437500,12.687500,2.180302,646800,-,1.764290,2.016712,2.078805,2.094379,694104.0
12/23/1991,12.375000,12.500000,12.312500,12.500000,2.148080,554600,-,1.760872,2.011323,2.070749,2.080416,695612.0
12/20/1991,12.250000,12.437500,12.125000,12.375000,2.126599,1384400,-,1.757566,2.005534,2.062694,2.070750,690204.0
12/19/1991,12.000000,12.125000,12.000000,12.000000,2.062157,410400,-,1.754367,2.000383,2.057324,2.064305,678636.0
12/18/1991,11.875000,12.062500,11.875000,12.062500,2.072898,304800,-,1.751540,1.997148,2.054639,2.062157,687256.0
12/17/1991,11.875000,12.000000,11.812500,11.875000,2.040677,401200,-,1.748708,1.994116,2.050343,2.060009,698272.0
12/16/1991,12.187500,12.187500,11.812500,11.812500,2.029936,371400,-,1.746086,1.991519,2.048731,2.064305,703660.0
12/13/1991,12.250000,12.250000,12.125000,12.187500,2.094379,511600,-,1.743420,1.989555,2.046583,2.070750,710136.0
12/12/1991,12.187500,12.250000,12.125000,12.250000,2.105119,618800,-,1.740530,1.985884,2.042287,2.069675,722092.0
12/11/1991,11.875000,12.125000,11.875000,12.125000,2.083637,616800,-,1.737586,1.981580,2.039065,2.067527,723812.0
12/10/1991,11.937500,12.000000,11.875000,11.875000,2.040677,907000,-,1.734848,1.977498,2.037454,2.063231,720992.0
12/09/1991,12.000000,12.000000,11.875000,11.937500,2.051417,424200,-,1.732276,1.974484,2.038528,2.061083,714432.0
12/06/1991,11.875000,12.000000,11.875000,12.000000,2.062157,620000,-,1.729699,1.971045,2.037991,2.054639,728300.0
12/05/1991,11.875000,12.000000,11.812500,11.875000,2.040677,478200,-,1.726970,1.967601,2.036917,2.050342,725716.0
12/04/1991,12.125000,12.125000,11.750000,11.937500,2.051417,424000,-,1.724398,1.964587,2.034769,2.047120,726676.0
12/03/1991,12.125000,12.187500,12.062500,12.125000,2.083637,842000,-,1.721772,1.960940,2.029828,2.040676,737760.0
12/02/1991,11.937500,12.187500,11.812500,12.187500,2.094379,804800,-,1.719034,1.956649,2.023277,2.033157,729224.0
11/29/1991,12.125000,12.125000,12.062500,12.125000,2.083637,487400,-,1.716292,1.952143,2.015666,2.022417,736240.0
11/27/1991,11.875000,12.125000,11.812500,12.125000,2.083637,1630600,-,1.713554,1.947225,2.010681,2.014899,743444.0
11/26/1991,11.750000,11.875000,11.625000,11.875000,2.040677,446600,-,1.710816,1.942098,2.004651,2.010603,716956.0
11/25/1991,11.562500,11.750000,11.562500,11.750000,2.019194,502000,-,1.708008,1.937831,2.001292,2.011677,720120.0
11/22/1991,11.687500,11.750000,11.500000,11.562500,1.986973,277000,-,1.705354,1.934202,1.998484,2.015973,719404.0
11/21/1991,11.625000,11.812500,11.625000,11.750000,2.019194,380600,-,1.702862,1.931008,1.995722,2.021343,721976.0
11/20/1991,11.625000,11.750000,11.562500,11.687500,2.008455,787400,-,1.700113,1.927170,1.990826,2.023492,726776.0
11/19/1991,11.625000,11.625000,11.375000,11.562500,1.986973,542000,-,1.697322,1.923547,1.986467,2.022418,736424.0
11/18/1991,11.500000,11.750000,11.375000,11.687500,2.008455,792400,-,1.694591,1.920145,1.982138,2.018981,736100.0
11/15/1991,11.750000,11.812500,11.562500,11.562500,1.986973,1065200,-,1.691705,1.915896,1.976735,2.013396,728560.0
11/14/1991,11.812500,11.812500,11.687500,11.687500,2.008455,616600,-,1.688927,1.911867,1.972928,2.008915,719904.0
11/13/1991,11.812500,11.875000,11.750000,11.875000,2.040677,739000,-,1.686041,1.907617,1.968570,2.006463,728160.0
11/12/1991,12.000000,12.187500,11.812500,11.937500,2.051417,1819000,-,1.682898,1.902515,1.963644,1.998699,717940.0
11/11/1991,11.875000,12.062500,11.812500,12.000000,2.062157,762400,-,1.679654,1.897406,1.957137,1.990907,694780.0
11/08/1991,11.875000,12.000000,11.812500,11.875000,2.040677,956800,-,1.676309,1.891665,1.949571,1.980995,691960.0
11/07/1991,11.625000,11.875000,11.625000,11.875000,2.040677,809600,-,1.673023,1.886144,1.940469,1.970100,681584.0
11/06/1991,11.500000,11.750000,11.500000,11.625000,1.997715,1529400,-,1.669833,1.881250,1.931889,1.958160,679076.0
11/05/1991,11.625000,11.750000,11.625000,11.687500,1.952605,1913000,-,1.666762,1.876798,1.927023,1.950516,655584.0
11/04/1991,11.625000,11.687500,11.562500,11.687500,1.952605,366200,-,1.663917,1.873457,1.925456,1.945295,626620.0
11/01/1991,11.875000,11.875000,11.562500,11.625000,1.942164,547200,-,1.661119,1.870115,1.923368,1.940075,633148.0
10/31/1991,11.812500,11.875000,11.750000,11.875000,1.983931,316000,-,1.658374,1.866983,1.922846,1.936942,655216.0
10/30/1991,11.750000,11.875000,11.750000,11.750000,1.963045,407600,-,1.655324,1.862597,1.919191,1.930677,669624.0
10/29/1991,11.750000,11.812500,11.750000,11.812500,1.973489,790600,-,1.652236,1.858003,1.915537,1.928589,681184.0
10/28/1991,11.562500,11.812500,11.562500,11.750000,1.963045,1183200,-,1.649143,1.852782,1.910838,1.923368,673840.0
10/25/1991,11.437500,11.625000,11.437500,11.562500,1.931721,598600,-,1.646007,1.848188,1.907183,1.918147,661652.0
10/24/1991,11.437500,11.562500,11.437500,11.500000,1.921279,512800,-,1.643075,1.843802,1.904573,1.910838,661852.0
10/23/1991,11.437500,11.500000,11.375000,11.500000,1.921279,359600,-,1.640291,1.839249,1.903007,1.905617,688808.0
10/22/1991,11.375000,11.437500,11.312500,11.375000,1.900396,436600,-,1.637459,1.834900,1.901440,1.903529,693560.0
10/21/1991,11.375000,11.437500,11.312500,11.375000,1.900396,366600,-,1.634732,1.830765,1.899874,1.905617,696480.0
10/18/1991,11.500000,11.500000,11.312500,11.437500,1.910838,580800,-,1.631957,1.826833,1.898308,1.906661,701720.0
10/17/1991,11.500000,11.625000,11.437500,11.500000,1.921279,913400,-,1.629225,1.822489,1.896219,1.908750,706528.0
10/16/1991,11.500000,11.625000,11.437500,11.625000,1.942164,489200,-,1.626393,1.817734,1.892043,1.907706,703976.0
10/15/1991,11.500000,11.500000,11.375000,11.500000,1.921279,458800,-,1.623457,1.812966,1.886300,1.902485,704604.0
10/14/1991,11.250000,11.500000,11.250000,11.437500,1.910838,722200,-,1.620720,1.808008,1.881601,1.898308,701356.0
10/11/1991,11.250000,11.250000,11.062500,11.125000,1.858630,284200,-,1.617988,1.803461,1.877946,1.896219,692552.0
10/10/1991,11.375000,11.437500,11.125000,11.187500,1.869071,806000,-,1.615565,1.799959,1.876380,1.898308,695560.0
10/09/1991,11.500000,11.500000,11.375000,11.375000,1.900396,841400,-,1.613090,1.796450,1.874292,1.900396,692496.0
10/08/1991,11.437500,11.562500,11.437500,11.500000,1.921279,855600,-,1.610410,1.792518,1.870637,1.899352,702028.0
10/07/1991,11.562500,11.562500,11.375000,11.437500,1.910838,670600,-,1.607674,1.787966,1.865416,1.894131,703984.0
10/04/1991,11.500000,11.625000,11.437500,11.562500,1.931721,695200,-,1.604846,1.782811,1.859673,1.889954,697000.0
10/03/1991,11.312500,11.500000,11.312500,11.437500,1.910838,1109400,-,1.601962,1.777441,1.852364,1.883689,706856.0
10/02/1991,11.250000,11.375000,11.250000,11.312500,1.889954,704800,-,1.599278,1.772488,1.846621,1.876380,695388.0
10/01/1991,11.312500,11.375000,11.250000,11.250000,1.879512,475800,-,1.596460,1.767954,1.841400,1.870115,689672.0
09/30/1991,11.187500,11.312500,11.125000,11.312500,1.889954,579000,-,1.593694,1.763425,1.837224,1.864894,685756.0
09/27/1991,11.312500,11.437500,11.250000,11.250000,1.879512,1117600,-,1.590828,1.758891,1.831481,1.859673,690056.0
09/26/1991,11.312500,11.312500,11.250000,11.312500,1.889954,490800,-,1.588062,1.754971,1.825738,1.854452,678136.0
09/25/1991,11.187500,11.312500,11.187500,11.312500,1.889954,526200,-,1.585148,1.750436,1.821039,1.848187,677492.0
09/24/1991,11.125000,11.250000,11.125000,11.187500,1.869071,978200,-,1.582330,1.746104,1.815296,1.841922,674556.0
09/23/1991,11.125000,11.187500,11.062500,11.187500,1.869071,415200,-,1.579520,1.742190,1.811120,1.836701,664640.0
09/20/1991,11.187500,11.187500,11.062500,11.187500,1.869071,1155600,-,1.576806,1.738073,1.806943,1.829392,674212.0
09/19/1991,10.875000,11.125000,10.875000,11.000000,1.837745,847600,-,1.574140,1.733551,1.802766,1.821039,658064.0
09/18/1991,10.937500,11.000000,10.875000,10.937500,1.827303,306200,-,1.571583,1.729452,1.799112,1.816862,651184.0
09/17/1991,11.000000,11.062500,10.937500,10.937500,1.827303,604800,-,1.568887,1.726170,1.794413,1.812686,660164.0
09/16/1991,11.000000,11.000000,10.937500,11.000000,1.837745,466200,-,1.566143,1.722889,1.788670,1.809553,669184.0
09/13/1991,10.937500,11.000000,10.875000,10.937500,1.827303,405600,-,1.563252,1.719398,1.783449,1.803288,664660.0
09/12/1991,10.937500,11.062500,10.937500,10.937500,1.827303,620600,-,1.560413,1.715914,1.777706,1.797023,667084.0
09/11/1991,10.812500,11.000000,10.812500,10.937500,1.827303,1269800,-,1.557574,1.712227,1.771024,1.793891,663340.0
09/10/1991,10.750000,10.875000,10.687500,10.875000,1.816863,525800,-,1.554735,1.708945,1.764848,1.788670,658200.0
09/09/1991,10.687500,10.750000,10.687500,10.750000,1.795980,415400,-,1.552044,1.705264,1.758687,1.785538,658504.0
09/06/1991,10.687500,10.812500,10.687500,10.687500,1.785538,632400,-,1.549314,1.702406,1.754078,1.784494,661184.0
09/05/1991,10.687500,10.750000,10.687500,10.750000,1.795980,1029400,-,1.546588,1.699959,1.749484,1.784494,655956.0
09/04/1991,10.687500,10.750000,10.687500,10.687500,1.785538,228000,-,1.543858,1.697102,1.743860,1.781361,642844.0
09/03/1991,10.625000,10.750000,10.625000,10.750000,1.795980,661000,-,1.541132,1.694452,1.739773,1.776140,651652.0
08/30/1991,10.562500,10.687500,10.500000,10.625000,1.775095,621400,-,1.538402,1.691595,1.733642,1.767787,664844.0
08/29/1991,10.687500,10.687500,10.562500,10.562500,1.764654,438000,-,1.535824,1.689154,1.729063,1.763610,661040.0
08/28/1991,10.562500,10.750000,10.562500,10.750000,1.795980,684200,-,1.533346,1.686517,1.725005,1.758389,661228.0
08/27/1991,10.625000,10.687500,10.562500,10.625000,1.775095,354800,-,1.530807,1.683659,1.719889,1.748156,664432.0
08/26/1991,10.687500,10.687500,10.625000,10.687500,1.785538,464800,-,1.528372,1.681016,1.716324,1.741026,667912.0
08/23/1991,10.625000,10.750000,10.625000,10.687500,1.785538,692600,-,1.525646,1.678164,1.711729,1.731837,667560.0
08/22/1991,10.500000,10.687500,10.500000,10.687500,1.785538,1650600,-,1.522825,1.675110,1.705107,1.723662,664824.0
08/21/1991,10.375000,10.562500,10.375000,10.562500,1.764654,1036400,-,1.520157,1.671243,1.698991,1.714474,637488.0
08/20/1991,10.375000,10.375000,10.312500,10.375000,1.733328,985600,-,1.517593,1.668201,1.693920,1.706359,635124.0
08/19/1991,10.250000,10.312500,9.937500,10.250000,1.712445,423400,-,1.515186,1.665582,1.690414,1.703405,622960.0
08/16/1991,10.312500,10.437500,10.250000,10.375000,1.733328,573800,-,1.512837,1.663583,1.687446,1.699498,619488.0
08/15/1991,10.312500,10.375000,10.250000,10.250000,1.712445,608600,-,1.510291,1.661167,1.683941,1.694516,612360.0
08/14/1991,10.437500,10.625000,10.437500,10.437500,1.693651,1860600,-,1.507758,1.658965,1.682494,1.691622,606528.0
08/13/1991,10.500000,10.562500,10.437500,10.500000,1.703792,597200,-,1.505181,1.657546,1.680973,1.691622,576344.0
08/12/1991,10.437500,10.500000,10.312500,10.437500,1.693651,582600,-,1.502508,1.655923,1.679452,1.691622,571052.0
08/09/1991,10.500000,10.500000,10.375000,10.500000,1.703792,628600,-,1.499930,1.654909,1.678437,1.691622,584404.0
08/08/1991,10.375000,10.500000,10.375000,10.437500,1.693651,821200,-,1.497487,1.654097,1.676409,1.686551,579256.0
08/07/1991,10.500000,10.500000,10.312500,10.375000,1.683509,785800,-,1.495048,1.653286,1.673874,1.683508,569356.0
08/06/1991,10.312500,10.500000,10.312500,10.500000,1.703792,520600,-,1.492705,1.652475,1.671338,1.681480,561980.0
08/05/1991,10.437500,10.437500,10.312500,10.312500,1.673367,296400,-,1.490216,1.651055,1.669310,1.677423,557628.0
08/02/1991,10.437500,10.437500,10.312500,10.375000,1.683509,282000,-,1.488016,1.650244,1.668803,1.675395,560996.0
08/01/1991,10.437500,10.437500,10.312500,10.375000,1.683509,434600,-,1.485628,1.649432,1.667788,1.673367,564952.0
07/31/1991,10.500000,10.562500,10.375000,10.437500,1.693651,652800,-,1.483009,1.648621,1.666267,1.673367,574048.0
07/30/1991,10.437500,10.562500,10.375000,10.500000,1.703792,1318000,-,1.480386,1.647404,1.663732,1.670324,583120.0
07/29/1991,10.250000,10.437500,10.187500,10.437500,1.693651,953400,-,1.477758,1.646187,1.661703,1.667281,569792.0
07/26/1991,10.187500,10.250000,10.125000,10.187500,1.653083,321400,-,1.474997,1.645173,1.658661,1.665253,571240.0
07/25/1991,10.187500,10.250000,10.125000,10.250000,1.663224,1188000,-,1.472531,1.644605,1.658661,1.666267,620076.0
07/24/1991,10.250000,10.312500,10.187500,10.250000,1.663224,536000,-,1.470060,1.643440,1.658661,1.664239,618316.0
07/23/1991,10.250000,10.312500,10.187500,10.250000,1.663224,419000,-,1.467589,1.642276,1.658154,1.661196,627616.0
07/22/1991,10.250000,10.312500,10.187500,10.187500,1.653083,280000,-,1.465072,1.640520,1.657647,1.661196,640512.0
07/19/1991,10.375000,10.375000,10.250000,10.250000,1.663224,794000,-,1.462651,1.639362,1.657647,1.662210,640824.0
07/18/1991,10.250000,10.375000,10.250000,10.375000,1.683509,521600,-,1.460088,1.638197,1.657140,1.662210,644284.0
07/17/1991,10.250000,10.312500,10.250000,10.250000,1.663224,458600,-,1.457286,1.636233,1.654604,1.659168,643964.0
07/16/1991,10.250000,10.312500,10.250000,10.312500,1.673367,379400,-,1.454585,1.634871,1.654097,1.657140,645112.0
07/15/1991,10.187500,10.312500,10.187500,10.312500,1.673367,482400,-,1.451603,1.633701,1.652576,1.656125,654084.0
07/12/1991,10.125000,10.250000,10.125000,10.250000,1.663224,893800,-,1.448759,1.632530,1.651055,1.652069,659332.0
07/11/1991,10.125000,10.187500,10.062500,10.125000,1.642942,348200,-,1.445966,1.631759,1.649534,1.651055,663008.0
07/10/1991,10.250000,10.312500,10.000000,10.062500,1.632800,503600,-,1.443228,1.630804,1.646998,1.653083,671396.0
07/09/1991,10.250000,10.312500,10.187500,10.250000,1.663224,755200,-,1.440495,1.629854,1.645984,1.655111,680328.0
07/08/1991,10.187500,10.250000,10.125000,10.250000,1.663224,1055800,-,1.437793,1.628295,1.642942,1.654097,672560.0
07/05/1991,10.187500,10.250000,10.125000,10.250000,1.663224,240000,-,1.435046,1.626540,1.640406,1.653083,665776.0
07/03/1991,10.125000,10.187500,10.062500,10.187500,1.653083,526800,-,1.432299,1.625178,1.637871,1.652069,670480.0
07/02/1991,10.187500,10.250000,10.125000,10.125000,1.642942,433400,-,1.429557,1.624019,1.635335,1.650041,673524.0
07/01/1991,10.125000,10.250000,10.062500,10.250000,1.663224,1012800,-,1.426819,1.622867,1.634321,1.651055,684504.0
06/28/1991,10.125000,10.187500,10.000000,10.062500,1.632800,541000,-,1.423980,1.621308,1.632293,1.649027,677364.0
06/27/1991,10.187500,10.250000,10.125000,10.187500,1.653083,549400,-,1.421339,1.620555,1.632800,1.650041,694332.0
06/26/1991,10.187500,10.250000,10.125000,10.250000,1.663224,371000,-,1.418688,1.620381,1.633307,1.648013,713088.0
06/25/1991,10.187500,10.187500,10.125000,10.187500,1.653083,373800,-,1.415987,1.619807,1.632800,1.640913,724040.0
06/24/1991,10.187500,10.187500,10.125000,10.187500,1.653083,668400,-,1.413337,1.619239,1.632293,1.636857,736036.0
06/21/1991,10.187500,10.187500,10.125000,10.187500,1.653083,1320600,-,1.410686,1.618474,1.631279,1.631786,741212.0
06/20/1991,10.062500,10.187500,10.062500,10.187500,1.653083,431200,-,1.407990,1.617316,1.630265,1.627729,733268.0
06/19/1991,10.125000,10.125000,10.000000,10.062500,1.632800,447400,-,1.405293,1.615763,1.629758,1.623673,754168.0
06/18/1991,10.125000,10.250000,10.125000,10.187500,1.653083,844400,-,1.402652,1.614222,1.630265,1.620630,755116.0
06/17/1991,10.125000,10.187500,10.062500,10.125000,1.642942,528800,-,1.399956,1.612670,1.629251,1.617588,748680.0
06/14/1991,10.062500,10.125000,10.000000,10.125000,1.642942,447200,-,1.397264,1.611123,1.629251,1.615560,750320.0
06/13/1991,9.812500,10.062500,9.812500,10.062500,1.632800,555800,-,1.394710,1.609773,1.629251,1.615560,752332.0
06/12/1991,9.937500,9.937500,9.812500,9.812500,1.592233,283800,-,1.392023,1.608232,1.628845,1.618602,759340.0
06/11/1991,9.937500,10.000000,9.875000,9.937500,1.612517,918200,-,1.389631,1.607503,1.629483,1.624687,764208.0
06/10/1991,9.875000,10.000000,9.875000,9.875000,1.602375,377400,-,1.386953,1.605974,1.629107,1.627729,757468.0
06/07/1991,9.937500,9.937500,9.875000,9.937500,1.612517,249800,-,1.384326,1.605042,1.627761,1.630772,761564.0
06/06/1991,9.937500,9.937500,9.875000,9.937500,1.612517,217400,-,1.381787,1.603710,1.626892,1.632800,767920.0
06/05/1991,10.000000,10.000000,9.875000,9.875000,1.602375,317000,-,1.379293,1.602772,1.626516,1.635843,774528.0
06/04/1991,10.000000,10.062500,9.812500,10.000000,1.622659,351400,-,1.376942,1.601642,1.625662,1.639899,782128.0
06/03/1991,10.062500,10.062500,10.000000,10.000000,1.622659,332600,-,1.374490,1.599714,1.624287,1.640913,785228.0
05/31/1991,10.250000,10.250000,10.000000,10.125000,1.642942,1250200,-,1.372084,1.597588,1.623896,1.642942,788960.0
05/30/1991,10.187500,10.250000,10.125000,10.250000,1.663224,371200,-,1.369493,1.595253,1.622491,1.642942,773128.0
05/29/1991,10.187500,10.187500,10.125000,10.187500,1.653083,326200,-,1.366845,1.591923,1.620564,1.639088,779224.0
05/28/1991,10.062500,10.187500,10.000000,10.125000,1.642942,417000,-,1.364160,1.588795,1.617667,1.634279,787068.0
05/24/1991,10.062500,10.125000,10.000000,10.062500,1.632800,303000,-,1.361481,1.586066,1.614785,1.630484,796004.0
05/23/1991,10.125000,10.187500,10.000000,10.062500,1.632800,464800,-,1.358941,1.584132,1.612410,1.624750,802160.0
05/22/1991,10.062500,10.187500,10.062500,10.125000,1.642942,479800,-,1.356446,1.582197,1.609543,1.620984,804792.0
05/21/1991,10.062500,10.125000,10.062500,10.125000,1.642942,889400,-,1.353811,1.579272,1.607153,1.617190,808008.0
05/20/1991,10.125000,10.187500,10.062500,10.062500,1.632800,1106400,-,1.350999,1.576150,1.604763,1.611426,797360.0
05/17/1991,10.062500,10.187500,10.000000,10.125000,1.642942,651600,-,1.348459,1.573230,1.602388,1.607660,786588.0
05/16/1991,10.187500,10.187500,10.062500,10.125000,1.642942,1025800,-,1.346001,1.570305,1.599506,1.604850,786788.0
05/15/1991,10.187500,10.312500,10.125000,10.312500,1.624688,2763200,-,1.343677,1.567577,1.597117,1.602040,778200.0
05/14/1991,10.125000,10.187500,10.062500,10.187500,1.604994,1100000,-,1.341399,1.565411,1.598101,1.602040,733944.0
05/13/1991,10.062500,10.187500,10.000000,10.187500,1.604994,1001000,-,1.339086,1.563244,1.599578,1.601055,720424.0
05/10/1991,10.062500,10.125000,9.937500,10.000000,1.575454,1063800,-,1.336641,1.561472,1.600563,1.599086,710144.0
05/09/1991,10.125000,10.187500,10.062500,10.125000,1.595147,295600,-,1.334344,1.560290,1.602532,1.600071,702004.0
05/08/1991,10.062500,10.187500,9.937500,10.187500,1.604994,967000,-,1.331993,1.559109,1.602532,1.598101,709320.0
05/07/1991,10.125000,10.187500,10.000000,10.062500,1.585300,505600,-,1.329459,1.557533,1.601055,1.597116,702228.0
05/06/1991,10.187500,10.250000,10.062500,10.125000,1.595147,516000,-,1.326935,1.556549,1.599578,1.598101,713624.0
05/03/1991,10.250000,10.312500,10.187500,10.250000,1.614840,828000,-,1.324495,1.554973,1.598594,1.597116,722248.0
05/02/1991,10.312500,10.375000,10.000000,10.250000,1.614840,744800,-,1.322089,1.553201,1.596132,1.594162,717400.0
05/01/1991,10.125000,10.375000,10.125000,10.312500,1.624688,1077600,-,1.319728,1.551428,1.594163,1.592193,711612.0
04/30/1991,10.125000,10.250000,10.062500,10.125000,1.595147,767600,-,1.317361,1.549656,1.590716,1.594162,701264.0
04/29/1991,10.062500,10.250000,10.062500,10.062500,1.585300,950200,-,1.315187,1.548671,1.588747,1.598101,708412.0
04/26/1991,10.000000,10.125000,9.937500,10.062500,1.585300,366800,-,1.313062,1.547687,1.586285,1.602040,713124.0
04/25/1991,10.062500,10.187500,10.000000,10.000000,1.575454,716600,-,1.310937,1.546702,1.584808,1.604994,758108.0
04/24/1991,10.125000,10.187500,10.062500,10.125000,1.595147,475200,-,1.308817,1.544772,1.583331,1.606963,794164.0
04/23/1991,10.062500,10.187500,10.062500,10.125000,1.595147,679000,-,1.306509,1.542639,1.581854,1.604994,797872.0
04/22/1991,10.062500,10.187500,10.062500,10.062500,1.585300,982400,-,1.304291,1.540506,1.579393,1.601055,832820.0
04/19/1991,10.125000,10.187500,10.000000,10.062500,1.585300,655800,-,1.302121,1.538188,1.576439,1.600071,838660.0
04/18/1991,10.312500,10.375000,10.125000,10.125000,1.595147,1389400,-,1.299996,1.535489,1.572992,1.598101,834512.0
04/17/1991,10.375000,10.500000,10.000000,10.437500,1.644380,1487200,-,1.297822,1.532402,1.569546,1.596132,822476.0
04/16/1991,10.312500,10.437500,10.250000,10.375000,1.634533,918600,-,1.295445,1.528139,1.562161,1.587270,809088.0
04/15/1991,10.187500,10.437500,10.125000,10.312500,1.624688,973600,-,1.293162,1.524074,1.555269,1.579393,804600.0
04/12/1991,10.250000,10.312500,10.187500,10.250000,1.614840,927200,-,1.290840,1.520205,1.549361,1.570531,803528.0
04/11/1991,10.000000,10.187500,10.000000,10.125000,1.595147,923400,-,1.288523,1.516151,1.545422,1.564623,800412.0
04/10/1991,9.937500,10.062500,9.812500,10.000000,1.575454,1476200,-,1.286216,1.512301,1.542468,1.559700,802040.0
04/09/1991,9.937500,9.937500,9.875000,9.875000,1.555761,494800,-,1.284096,1.508654,1.538529,1.558715,785536.0
04/08/1991,9.937500,10.000000,9.937500,10.000000,1.575454,522600,-,1.282118,1.505209,1.535083,1.557730,787692.0
04/05/1991,9.937500,10.000000,9.937500,9.937500,1.565608,610800,-,1.280042,1.501753,1.530652,1.552807,786112.0
04/04/1991,9.875000,10.000000,9.875000,10.000000,1.575454,547800,-,1.277971,1.498111,1.527206,1.547884,783420.0
04/03/1991,9.875000,10.000000,9.875000,9.875000,1.555761,906200,-,1.275895,1.494273,1.523760,1.542960,786400.0
04/02/1991,9.750000,9.875000,9.750000,9.875000,1.555761,527200,-,1.273962,1.491019,1.521790,1.537052,774048.0
04/01/1991,9.812500,9.812500,9.750000,9.750000,1.536068,581200,-,1.272029,1.487766,1.518836,1.531144,779980.0
03/28/1991,9.812500,9.875000,9.812500,9.875000,1.555761,582200,-,1.270239,1.484524,1.517852,1.528190,787508.0
03/27/1991,9.937500,9.937500,9.812500,9.812500,1.545914,567600,-,1.268394,1.480317,1.515882,1.526221,784812.0
03/26/1991,9.812500,9.937500,9.750000,9.937500,1.565608,547800,-,1.266599,1.476497,1.515390,1.525236,787168.0
03/25/1991,9.750000,9.875000,9.687500,9.812500,1.545914,697000,-,1.264705,1.471901,1.513421,1.518344,785000.0
03/22/1991,9.687500,9.687500,9.625000,9.687500,1.526221,506400,-,1.262865,1.467890,1.512928,1.512436,778164.0
03/21/1991,9.687500,9.687500,9.625000,9.625000,1.516375,519200,-,1.261212,1.464655,1.512436,1.508497,775856.0
03/20/1991,9.500000,9.687500,9.500000,9.687500,1.526221,458600,-,1.259565,1.461426,1.512928,1.506528,779452.0
03/19/1991,9.437500,9.562500,9.312500,9.500000,1.496682,676000,-,1.257824,1.458000,1.512928,1.504559,779380.0
03/18/1991,9.500000,9.562500,9.312500,9.500000,1.496682,718400,-,1.256274,1.454974,1.514898,1.506528,771288.0
03/15/1991,9.687500,9.687500,9.437500,9.562500,1.506527,863800,-,1.254637,1.452329,1.517359,1.506528,765672.0
03/14/1991,9.687500,9.812500,9.687500,9.750000,1.536068,610800,-,1.252950,1.449297,1.518836,1.507513,759084.0
03/13/1991,9.625000,9.750000,9.562500,9.750000,1.536068,596400,-,1.251071,1.445674,1.518836,1.505543,755588.0
03/12/1991,9.437500,9.562500,9.375000,9.500000,1.496682,640600,-,1.249280,1.442433,1.515981,1.505543,757764.0
03/11/1991,9.375000,9.437500,9.375000,9.437500,1.486835,357000,-,1.247598,1.439788,1.515572,1.508497,758720.0
03/08/1991,9.500000,9.562500,9.437500,9.437500,1.486835,567800,-,1.246009,1.437531,1.515655,1.513421,767432.0
03/07/1991,9.562500,9.562500,9.437500,9.500000,1.496682,661600,-,1.244421,1.435275,1.514784,1.516375,776312.0
03/06/1991,9.625000,9.687500,9.500000,9.562500,1.506527,596400,-,1.242739,1.432630,1.512466,1.519328,779832.0
03/05/1991,9.562500,9.687500,9.500000,9.625000,1.516375,550400,-,1.241096,1.429980,1.509180,1.521298,803012.0
03/04/1991,9.562500,9.625000,9.500000,9.500000,1.496682,424000,-,1.239404,1.426560,1.504923,1.523267,802836.0
03/01/1991,9.562500,9.625000,9.500000,9.625000,1.516375,487000,-,1.237811,1.423724,1.501652,1.528190,805236.0
02/28/1991,9.812500,9.812500,9.625000,9.625000,1.516375,656800,-,1.236039,1.420877,1.497395,1.530160,816040.0
02/27/1991,9.625000,9.750000,9.562500,9.750000,1.536068,661400,-,1.234182,1.417075,1.492185,1.532129,810740.0
02/26/1991,9.687500,9.750000,9.625000,9.687500,1.526221,612400,-,1.232226,1.412880,1.485513,1.526418,823268.0
02/25/1991,9.750000,9.750000,9.562500,9.750000,1.536068,1075400,-,1.230320,1.408690,1.478856,1.522646,823776.0
02/22/1991,9.687500,9.812500,9.562500,9.625000,1.516375,947200,-,1.228322,1.404495,1.471229,1.517889,820920.0
02/21/1991,9.687500,9.687500,9.562500,9.687500,1.526221,585600,-,1.226336,1.400311,1.465542,1.513193,832616.0
02/20/1991,9.687500,9.750000,9.562500,9.687500,1.526221,455400,-,1.224216,1.396313,1.458408,1.505604,828320.0
02/19/1991,9.812500,9.812500,9.750000,9.750000,1.536068,560200,-,1.222054,1.391933,1.451274,1.497061,836668.0
02/15/1991,9.750000,9.875000,9.687500,9.812500,1.545914,1125000,-,1.219756,1.387737,1.444125,1.486579,850128.0
02/14/1991,9.812500,9.875000,9.687500,9.750000,1.536068,1185800,-,1.217367,1.383535,1.436483,1.475113,841580.0
02/13/1991,9.562500,9.812500,9.562500,9.750000,1.536068,2616000,-,1.215069,1.379340,1.428380,1.464631,860892.0
02/12/1991,9.687500,9.750000,9.625000,9.687500,1.478958,2519400,-,1.212687,1.374381,1.418845,1.452241,824636.0
02/11/1991,9.687500,9.750000,9.687500,9.750000,1.488499,660600,-,1.210504,1.370374,1.412643,1.444608,816056.0
02/08/1991,9.625000,9.750000,9.625000,9.750000,1.488499,2426400,-,1.208359,1.365794,1.405010,1.435066,815316.0
02/07/1991,9.500000,9.687500,9.375000,9.625000,1.469416,1274400,-,1.206385,1.361214,1.397853,1.424570,781824.0
02/06/1991,9.437500,9.500000,9.375000,9.500000,1.450333,448400,-,1.204464,1.357015,1.392605,1.417891,769384.0
02/05/1991,9.375000,9.500000,9.312500,9.437500,1.440791,787600,-,1.202595,1.353199,1.387835,1.411212,772164.0
02/04/1991,9.312500,9.437500,9.312500,9.375000,1.431249,817800,-,1.200774,1.349954,1.383541,1.405487,763464.0
02/01/1991,9.375000,9.437500,9.312500,9.375000,1.431249,694200,-,1.199257,1.346329,1.379247,1.401670,756868.0
01/31/1991,9.312500,9.500000,9.250000,9.375000,1.431249,920000,-,1.197740,1.342512,1.375908,1.397853,755168.0
01/30/1991,9.187500,9.250000,9.187500,9.250000,1.412166,771400,-,1.196308,1.338886,1.372091,1.392128,746536.0
01/29/1991,9.125000,9.250000,9.125000,9.187500,1.402624,1004800,-,1.194972,1.335451,1.369228,1.385449,741564.0
01/28/1991,9.062500,9.187500,9.062500,9.125000,1.393082,651000,-,1.193769,1.332398,1.367797,1.380678,728308.0
01/25/1991,9.125000,9.125000,9.000000,9.062500,1.383541,602600,-,1.192572,1.329726,1.366366,1.374953,723992.0
01/24/1991,9.062500,9.187500,9.062500,9.187500,1.402624,443600,-,1.191464,1.327436,1.365889,1.371137,726004.0
01/23/1991,9.125000,9.125000,9.062500,9.062500,1.383541,476200,-,1.190304,1.325146,1.364458,1.367320,726660.0
01/22/1991,9.062500,9.125000,9.000000,9.062500,1.383541,696800,-,1.189154,1.323238,1.363503,1.364458,727760.0
01/21/1991,9.000000,9.125000,9.000000,9.125000,1.393082,288600,-,1.187961,1.320375,1.363026,1.361595,721984.0
01/18/1991,9.000000,9.125000,8.937500,9.125000,1.393082,823800,-,1.186805,1.316940,1.360641,1.356824,727096.0
01/17/1991,8.937500,9.062500,8.875000,9.000000,1.373999,957600,-,1.185693,1.314116,1.358733,1.353962,747548.0
01/16/1991,8.812500,8.875000,8.812500,8.812500,1.345374,447400,-,1.184932,1.311673,1.358733,1.352054,737540.0
01/15/1991,8.750000,8.875000,8.750000,8.875000,1.354916,685400,-,1.184314,1.309803,1.357779,1.353008,740920.0
01/14/1991,8.812500,8.875000,8.750000,8.750000,1.335832,439400,-,1.183692,1.307558,1.356347,1.354916,752696.0
01/11/1991,8.875000,8.937500,8.812500,8.812500,1.345374,355200,-,1.183165,1.305326,1.355393,1.357779,753052.0
01/10/1991,8.875000,8.937500,8.812500,8.937500,1.364458,391000,-,1.182547,1.302536,1.354439,1.360641,753152.0
01/09/1991,8.937500,8.937500,8.750000,8.875000,1.354916,699000,-,1.181834,1.298811,1.351577,1.361595,755868.0
01/08/1991,8.875000,8.937500,8.812500,8.875000,1.354916,455000,-,1.181126,1.295093,1.350145,1.362549,752132.0
01/07/1991,8.875000,8.937500,8.812500,8.812500,1.345374,271400,-,1.180503,1.291559,1.347760,1.364458,753784.0
01/04/1991,8.875000,8.937500,8.812500,8.937500,1.364458,437600,-,1.179928,1.288953,1.346806,1.364458,756696.0
01/03/1991,8.937500,9.000000,8.875000,8.875000,1.354916,534400,-,1.179215,1.285781,1.345374,1.363504,760004.0
01/02/1991,9.000000,9.000000,8.875000,8.875000,1.354916,436000,-,1.178465,1.282983,1.343943,1.365412,760352.0
12/31/1990,9.000000,9.000000,8.875000,9.000000,1.373999,705200,-,1.177842,1.280002,1.340604,1.362549,764504.0
12/28/1990,9.000000,9.062500,8.937500,8.937500,1.364458,688400,-,1.177124,1.277191,1.335833,1.357779,782368.0
12/27/1990,9.000000,9.062500,9.000000,9.000000,1.373999,792600,-,1.176411,1.274018,1.330585,1.353008,791304.0
12/26/1990,8.937500,9.062500,8.937500,9.000000,1.373999,1011800,-,1.175736,1.269735,1.324860,1.348237,787612.0
12/24/1990,8.937500,9.000000,8.937500,8.937500,1.364458,837600,-,1.175060,1.265635,1.319135,1.341558,784896.0
12/21/1990,8.937500,9.000000,8.812500,9.000000,1.373999,1755400,-,1.174390,1.261911,1.313887,1.337741,779200.0
12/20/1990,8.750000,8.875000,8.687500,8.812500,1.345374,541600,-,1.173757,1.257259,1.309116,1.331062,757648.0
12/19/1990,8.875000,8.937500,8.812500,8.875000,1.354916,544000,-,1.173268,1.253548,1.304345,1.329154,762184.0
12/18/1990,8.625000,9.000000,8.625000,9.000000,1.373999,1027200,-,1.172645,1.249830,1.298620,1.327245,768064.0
12/17/1990,8.625000,8.687500,8.625000,8.687500,1.326291,391800,-,1.171927,1.245730,1.292418,1.322475,751624.0
12/14/1990,8.625000,8.687500,8.562500,8.687500,1.326291,1287800,-,1.171533,1.242401,1.288124,1.318658,758708.0
12/13/1990,8.687500,8.750000,8.625000,8.625000,1.316749,637800,-,1.170968,1.239255,1.284308,1.313887,741072.0
12/12/1990,8.500000,8.750000,8.500000,8.687500,1.326291,932600,-,1.170536,1.235933,1.281445,1.308162,747904.0
12/11/1990,8.625000,8.750000,8.562500,8.562500,1.307208,1532000,-,1.170783,1.231867,1.278583,1.301483,738216.0
12/10/1990,8.562500,8.687500,8.500000,8.687500,1.326291,370800,-,1.171125,1.228183,1.277629,1.296712,719584.0
12/07/1990,8.687500,8.750000,8.562500,8.562500,1.307208,872800,-,1.171330,1.223196,1.275720,1.290033,722104.0
12/06/1990,8.750000,8.875000,8.500000,8.687500,1.326291,1233200,-,1.171629,1.219144,1.272381,1.287170,714532.0
12/05/1990,8.750000,8.937500,8.687500,8.750000,1.335832,697600,-,1.171833,1.214710,1.267133,1.279537,700268.0
12/04/1990,8.375000,8.750000,8.312500,8.687500,1.326291,2151400,-,1.171989,1.209901,1.262934,1.269995,692532.0
12/03/1990,8.375000,8.437500,8.312500,8.437500,1.288125,803200,-,1.172236,1.205098,1.259213,1.262362,664640.0
11/30/1990,8.187500,8.500000,8.187500,8.375000,1.278583,2090400,-,1.172845,1.201796,1.257400,1.257591,673376.0
11/29/1990,8.187500,8.312500,8.125000,8.250000,1.259499,623600,-,1.173458,1.198500,1.255604,1.254728,644752.0
11/28/1990,8.187500,8.312500,8.187500,8.250000,1.259499,751800,-,1.174210,1.195586,1.253842,1.254728,646012.0
11/27/1990,8.187500,8.250000,8.125000,8.250000,1.259499,652400,-,1.174799,1.192488,1.251159,1.255682,640524.0
11/26/1990,8.375000,8.375000,8.062500,8.250000,1.259499,587400,-,1.175429,1.189205,1.247095,1.258545,633380.0
11/23/1990,8.312500,8.375000,8.187500,8.375000,1.278583,352600,-,1.176140,1.185923,1.242571,1.261408,630556.0
11/21/1990,8.000000,8.187500,8.000000,8.187500,1.249957,488000,-,1.176715,1.182443,1.237553,1.257591,641456.0
11/20/1990,8.187500,8.250000,8.062500,8.125000,1.240416,609200,-,1.177473,1.179904,1.235808,1.254728,638512.0
11/19/1990,8.187500,8.312500,8.125000,8.187500,1.249957,488400,-,1.178239,1.177556,1.234079,1.255873,647252.0
11/16/1990,8.187500,8.250000,8.062500,8.125000,1.240416,522800,-,1.179119,1.175016,1.232334,1.256064,648952.0
11/15/1990,8.250000,8.250000,8.125000,8.187500,1.249957,342000,-,1.180006,1.172668,1.230605,1.257209,652776.0
11/14/1990,8.250000,8.250000,8.125000,8.250000,1.259499,435200,-,1.180805,1.169945,1.229780,1.256480,664988.0
11/13/1990,8.375000,8.500000,8.250000,8.312500,1.269040,703200,-,1.181476,1.167031,1.227097,1.252955,664768.0
11/12/1990,8.312500,8.437500,8.312500,8.437500,1.288125,476400,-,1.181936,1.163742,1.221636,1.246635,659072.0
11/09/1990,8.125000,8.437500,8.062500,8.437500,1.288125,531200,-,1.182463,1.160255,1.215681,1.235645,659328.0
11/08/1990,8.062500,8.125000,8.000000,8.125000,1.240416,408000,-,1.182869,1.156584,1.210186,1.223735,655616.0
11/07/1990,8.312500,8.375000,7.937500,8.000000,1.221333,544200,-,1.183432,1.154420,1.205235,1.217516,658504.0
11/06/1990,8.437500,8.562500,8.375000,8.500000,1.251866,1846400,-,1.184334,1.151901,1.202160,1.216887,656280.0
11/05/1990,8.437500,8.562500,8.437500,8.500000,1.251866,457200,-,1.185042,1.149139,1.198017,1.212285,629944.0
11/02/1990,8.437500,8.562500,8.437500,8.500000,1.251866,616400,-,1.185710,1.145641,1.193875,1.208603,640736.0
11/01/1990,8.312500,8.437500,8.250000,8.437500,1.242662,1274200,-,1.186459,1.142144,1.189273,1.204000,642220.0
10/31/1990,8.125000,8.312500,8.125000,8.312500,1.224251,457200,-,1.187376,1.139382,1.185591,1.203080,630340.0
10/30/1990,8.062500,8.187500,8.000000,8.187500,1.205841,360200,-,1.188303,1.137173,1.181909,1.201239,632600.0
10/29/1990,7.937500,8.125000,7.937500,8.000000,1.178227,526800,-,1.189242,1.135700,1.177767,1.196637,634324.0
10/26/1990,7.875000,8.062500,7.812500,7.937500,1.169022,512200,-,1.190278,1.134780,1.175005,1.195716,634620.0
10/25/1990,8.250000,8.312500,8.000000,8.000000,1.178227,537600,-,1.191360,1.134227,1.170403,1.196637,633844.0
10/24/1990,8.187500,8.312500,8.125000,8.250000,1.215047,417000,-,1.192396,1.133160,1.166721,1.192955,644692.0
10/23/1990,8.250000,8.250000,8.000000,8.187500,1.205841,603000,-,1.193775,1.131533,1.161198,1.187432,646596.0
10/22/1990,8.125000,8.312500,8.125000,8.250000,1.215047,551800,-,1.195119,1.129735,1.155675,1.183750,640448.0
10/19/1990,8.375000,8.437500,8.125000,8.187500,1.205841,643600,-,1.196497,1.127577,1.149231,1.179147,636164.0
10/18/1990,8.187500,8.437500,8.187500,8.375000,1.233456,1598400,-,1.197882,1.125957,1.145089,1.174545,628044.0
10/17/1990,7.875000,8.250000,7.750000,8.187500,1.205841,1135200,-,1.199128,1.123962,1.139106,1.168101,602352.0
10/16/1990,7.937500,8.000000,7.875000,7.875000,1.159817,608000,-,1.200634,1.122165,1.134504,1.162579,600508.0
10/15/1990,7.937500,8.062500,7.875000,7.937500,1.169022,876000,-,1.202369,1.120579,1.131742,1.158897,608240.0
10/12/1990,7.812500,8.000000,7.812500,8.000000,1.178227,552800,-,1.204019,1.119696,1.128060,1.154294,604612.0
10/11/1990,7.937500,7.937500,7.750000,7.750000,1.141407,677800,-,1.205582,1.119159,1.123918,1.144169,604088.0
10/10/1990,7.937500,8.000000,7.812500,7.875000,1.159817,768400,-,1.207207,1.119891,1.122077,1.140487,613092.0
10/09/1990,7.937500,8.000000,7.875000,7.937500,1.169022,838000,-,1.208902,1.120077,1.120236,1.134964,623568.0
10/08/1990,7.875000,8.000000,7.875000,7.937500,1.169022,205200,-,1.210592,1.119547,1.117935,1.127600,620832.0
10/05/1990,7.875000,8.000000,7.812500,7.875000,1.159817,746000,-,1.212322,1.118487,1.115634,1.119316,626144.0
10/04/1990,7.812500,7.937500,7.750000,7.937500,1.169022,406000,-,1.214220,1.117610,1.113793,1.115634,622196.0
10/03/1990,7.562500,7.875000,7.562500,7.812500,1.150612,979400,-,1.216072,1.116726,1.111031,1.110111,624996.0
10/02/1990,7.562500,7.687500,7.562500,7.625000,1.122998,448200,-,1.218016,1.115679,1.109190,1.106429,618260.0
10/01/1990,7.437500,7.625000,7.375000,7.625000,1.122998,600400,-,1.220139,1.114830,1.108270,1.104588,631952.0
09/28/1990,7.437500,7.437500,7.312500,7.312500,1.076973,496800,-,1.222221,1.114513,1.107809,1.101826,628476.0
09/27/1990,7.500000,7.562500,7.437500,7.500000,1.104588,494200,-,1.224533,1.115647,1.109190,1.103667,625864.0
09/26/1990,7.437500,7.562500,7.375000,7.500000,1.104588,520000,-,1.226585,1.116407,1.110571,1.103667,628336.0
09/25/1990,7.375000,7.500000,7.375000,7.437500,1.095382,310800,-,1.228597,1.117343,1.110111,1.105508,627340.0
09/24/1990,7.562500,7.625000,7.312500,7.375000,1.086178,756800,-,1.230655,1.118641,1.111031,1.108270,636080.0
09/21/1990,7.625000,7.687500,7.562500,7.625000,1.122998,1240000,-,1.232678,1.120123,1.110571,1.111952,633152.0
09/20/1990,7.500000,7.562500,7.500000,7.562500,1.113792,659200,-,1.234517,1.120868,1.108270,1.111952,621636.0
09/19/1990,7.500000,7.562500,7.437500,7.562500,1.113792,686600,-,1.236443,1.121620,1.107809,1.111952,621312.0
09/18/1990,7.437500,7.500000,7.375000,7.500000,1.104588,477400,-,1.238247,1.122018,1.107809,1.111952,618060.0
09/17/1990,7.375000,7.437500,7.312500,7.437500,1.095382,295200,-,1.240097,1.122955,1.109190,1.111952,620464.0
09/14/1990,7.437500,7.500000,7.375000,7.437500,1.095382,446200,-,1.241790,1.124075,1.111031,1.113793,620492.0
09/13/1990,7.562500,7.625000,7.437500,7.500000,1.104588,897600,-,1.243484,1.125373,1.113332,1.114713,635076.0
09/12/1990,7.625000,7.625000,7.562500,7.625000,1.122998,340800,-,1.245091,1.126487,1.114345,1.117475,623608.0
09/11/1990,7.562500,7.687500,7.562500,7.625000,1.122998,1046200,-,1.246605,1.127409,1.114880,1.114713,627736.0
09/10/1990,7.625000,7.687500,7.562500,7.625000,1.122998,573400,-,1.248120,1.128509,1.114529,1.113793,625612.0
09/07/1990,7.562500,7.625000,7.562500,7.625000,1.122998,714000,-,1.249635,1.129254,1.113735,1.109190,621776.0
09/06/1990,7.562500,7.625000,7.500000,7.562500,1.113792,952600,-,1.251190,1.129822,1.113827,1.104587,616956.0
09/05/1990,7.562500,7.625000,7.500000,7.562500,1.113792,424200,-,1.252832,1.130220,1.114822,1.103667,606336.0
09/04/1990,7.500000,7.625000,7.500000,7.500000,1.104588,418400,-,1.254474,1.130973,1.114932,1.103667,606744.0
08/31/1990,7.437500,7.625000,7.437500,7.562500,1.113792,489200,-,1.256203,1.132086,1.113730,1.106428,619436.0
08/30/1990,7.625000,7.687500,7.437500,7.500000,1.104588,345600,-,1.257885,1.133016,1.114282,1.108269,626248.0
08/29/1990,7.437500,7.687500,7.437500,7.687500,1.132202,552400,-,1.259614,1.133952,1.116624,1.111951,633268.0
08/28/1990,7.500000,7.562500,7.437500,7.437500,1.095382,433000,-,1.261204,1.134514,1.118912,1.111215,630184.0
08/27/1990,7.437500,7.625000,7.437500,7.562500,1.113792,529600,-,1.263019,1.135988,1.122600,1.115046,629716.0
08/24/1990,7.375000,7.437500,7.250000,7.312500,1.076973,996800,-,1.264661,1.137095,1.124037,1.115265,636264.0
08/23/1990,7.500000,7.500000,7.312500,7.312500,1.076973,690600,-,1.266373,1.139115,1.125988,1.118280,624400.0
08/22/1990,7.562500,7.625000,7.500000,7.500000,1.104588,680200,-,1.268086,1.141313,1.127938,1.123067,623504.0
08/21/1990,7.625000,7.625000,7.500000,7.562500,1.113792,570200,-,1.269622,1.142958,1.128951,1.125978,620196.0
08/20/1990,7.625000,7.687500,7.625000,7.687500,1.132202,446400,-,1.271150,1.144418,1.128175,1.126197,615028.0
08/17/1990,7.687500,7.750000,7.562500,7.687500,1.132202,541600,-,1.272625,1.145334,1.125592,1.121032,615488.0
08/16/1990,7.750000,7.812500,7.625000,7.750000,1.141407,473400,-,1.274062,1.146604,1.124338,1.120296,621568.0
08/15/1990,7.937500,8.000000,7.875000,7.937500,1.124838,1080000,-,1.275414,1.147512,1.123953,1.121296,619064.0
08/14/1990,7.875000,8.000000,7.812500,8.000000,1.133695,512200,-,1.276694,1.148575,1.124839,1.126610,612720.0
08/13/1990,7.812500,7.937500,7.750000,7.875000,1.115982,295600,-,1.277892,1.149638,1.125724,1.130153,621776.0
08/10/1990,7.875000,7.937500,7.812500,7.812500,1.107125,337600,-,1.279178,1.150701,1.127938,1.132810,631972.0
08/09/1990,7.937500,8.000000,7.875000,7.937500,1.124838,237600,-,1.280585,1.151941,1.130596,1.133696,636732.0
08/08/1990,7.875000,8.000000,7.875000,8.000000,1.133695,313800,-,1.281866,1.152649,1.132367,1.132810,649404.0
08/07/1990,7.750000,7.875000,7.687500,7.875000,1.115982,1043000,-,1.283140,1.153535,1.133253,1.131924,653000.0
08/06/1990,7.812500,7.875000,7.500000,7.625000,1.080554,994600,-,1.284465,1.154421,1.134138,1.130153,647764.0
08/03/1990,8.062500,8.125000,7.750000,7.937500,1.124838,694600,-,1.286005,1.156192,1.137681,1.130153,644468.0
08/02/1990,8.187500,8.250000,8.062500,8.125000,1.151410,526600,-,1.287286,1.157078,1.139010,1.128381,641744.0
08/01/1990,8.250000,8.312500,8.187500,8.312500,1.177980,1128000,-,1.288395,1.157255,1.139453,1.126610,647856.0
07/31/1990,8.062500,8.250000,8.000000,8.250000,1.169123,1292200,-,1.289332,1.157255,1.138567,1.123067,633204.0
07/30/1990,7.812500,8.062500,7.812500,8.062500,1.142552,701200,-,1.290237,1.157432,1.138567,1.121296,624948.0
07/27/1990,7.937500,7.937500,7.750000,7.875000,1.115982,470800,-,1.291390,1.158141,1.140338,1.123067,626984.0
07/26/1990,7.937500,7.937500,7.875000,7.875000,1.115982,548600,-,1.292715,1.159062,1.142553,1.127496,677640.0
07/25/1990,7.750000,7.937500,7.750000,7.937500,1.124838,546000,-,1.294001,1.159641,1.144324,1.131924,679172.0
07/24/1990,7.750000,7.750000,7.687500,7.750000,1.098267,642600,-,1.295281,1.160043,1.144767,1.134581,704624.0
07/23/1990,7.750000,7.875000,7.625000,7.625000,1.080554,1132800,-,1.296656,1.160977,1.147424,1.138124,710900.0
07/20/1990,7.937500,8.000000,7.750000,7.812500,1.107125,426600,-,1.298196,1.162094,1.151410,1.145210,705884.0
07/19/1990,8.000000,8.062500,7.875000,8.000000,1.133695,366200,-,1.299526,1.162338,1.154067,1.149638,714172.0
07/18/1990,8.000000,8.062500,8.000000,8.062500,1.142552,617800,-,1.300801,1.161709,1.154952,1.152295,715572.0
07/17/1990,8.125000,8.187500,8.000000,8.125000,1.151410,470200,-,1.302032,1.160731,1.155838,1.154067,719416.0
07/16/1990,8.187500,8.187500,8.062500,8.187500,1.160267,747800,-,1.303218,1.159235,1.156724,1.155838,722784.0
07/13/1990,8.125000,8.187500,8.062500,8.187500,1.160267,610400,-,1.304321,1.157391,1.157167,1.157609,732892.0
07/12/1990,8.062500,8.187500,8.062500,8.187500,1.160267,664200,-,1.305386,1.155717,1.158052,1.157609,744096.0
07/11/1990,8.062500,8.125000,8.000000,8.125000,1.151410,643000,-,1.306450,1.153702,1.159381,1.156724,760064.0
07/10/1990,8.062500,8.187500,8.000000,8.000000,1.133695,524000,-,1.307598,1.151522,1.161152,1.154952,768460.0
07/09/1990,8.125000,8.187500,8.062500,8.125000,1.151410,597600,-,1.308834,1.150038,1.163809,1.156724,778988.0
07/06/1990,8.187500,8.250000,8.125000,8.125000,1.151410,296600,-,1.309943,1.148884,1.165138,1.157609,793728.0
07/05/1990,8.125000,8.250000,8.062500,8.187500,1.160267,1175400,-,1.311052,1.147558,1.167352,1.158495,806824.0
07/03/1990,8.250000,8.312500,8.187500,8.187500,1.160267,324200,-,1.312194,1.145885,1.168681,1.157609,822524.0
07/02/1990,8.312500,8.312500,8.187500,8.250000,1.169123,547200,-,1.313258,1.144211,1.169566,1.157609,862140.0
06/29/1990,8.125000,8.312500,8.125000,8.312500,1.177980,940000,-,1.314279,1.143386,1.170452,1.157609,882996.0
06/28/1990,8.125000,8.187500,8.125000,8.187500,1.160267,381600,-,1.315178,1.142384,1.170009,1.156724,891928.0
06/27/1990,8.000000,8.125000,8.000000,8.125000,1.151410,473000,-,1.316126,1.142077,1.170452,1.158495,903644.0
06/26/1990,8.062500,8.250000,8.000000,8.000000,1.133695,421600,-,1.317120,1.141948,1.170895,1.162038,930540.0
06/25/1990,8.187500,8.250000,8.062500,8.125000,1.151410,444600,-,1.318163,1.142515,1.173109,1.167352,945672.0
06/22/1990,8.125000,8.250000,8.125000,8.187500,1.160267,1053000,-,1.319118,1.142557,1.173552,1.170895,957888.0
06/21/1990,8.187500,8.250000,8.062500,8.187500,1.160267,829800,-,1.319989,1.142592,1.173995,1.172666,967448.0
06/20/1990,8.187500,8.250000,8.062500,8.125000,1.151410,696600,-,1.320823,1.142798,1.174438,1.176209,979728.0
06/19/1990,8.187500,8.250000,8.187500,8.187500,1.160267,398200,-,1.321777,1.142840,1.174880,1.179752,1031428.0
06/18/1990,8.312500,8.312500,8.187500,8.250000,1.169123,409600,-,1.322726,1.142534,1.175766,1.181523,1083424.0
06/15/1990,8.312500,8.375000,8.250000,8.250000,1.169123,857000,-,1.323592,1.142392,1.176209,1.183295,1144432.0
06/14/1990,8.375000,8.437500,8.312500,8.312500,1.177980,403600,-,1.324458,1.142421,1.176652,1.183295,1163812.0
06/13/1990,8.375000,8.437500,8.375000,8.375000,1.186838,645800,-,1.325396,1.143298,1.175855,1.182409,1179928.0
06/12/1990,8.312500,8.375000,8.250000,8.375000,1.186838,514800,-,1.326443,1.143999,1.173760,1.179752,1176840.0
06/11/1990,8.250000,8.375000,8.250000,8.375000,1.186838,311800,-,1.327491,1.144870,1.171666,1.178866,1187420.0
06/08/1990,8.375000,8.437500,8.250000,8.312500,1.177980,469400,-,1.328539,1.145741,1.169571,1.176209,1212768.0
06/07/1990,8.375000,8.437500,8.312500,8.437500,1.195694,845600,-,1.329553,1.146618,1.167493,1.175323,1215612.0
06/06/1990,8.312500,8.375000,8.312500,8.375000,1.186838,348200,-,1.330364,1.147141,1.163674,1.172666,1210688.0
06/05/1990,8.437500,8.437500,8.312500,8.312500,1.177980,762800,-,1.331334,1.147671,1.159443,1.170009,1223280.0
06/04/1990,8.250000,8.437500,8.250000,8.375000,1.186838,965000,-,1.332387,1.148719,1.155228,1.170009,1227864.0
06/01/1990,8.250000,8.312500,8.250000,8.250000,1.169123,805400,-,1.333435,1.149590,1.149716,1.169123,1250904.0
05/31/1990,8.250000,8.312500,8.187500,8.250000,1.169123,575600,-,1.334579,1.150645,1.144662,1.170009,1249620.0
05/30/1990,8.250000,8.312500,8.187500,8.187500,1.160267,871200,-,1.335722,1.151357,1.140036,1.169300,1263588.0
05/29/1990,8.187500,8.312500,8.187500,8.312500,1.177980,493600,-,1.336874,1.152760,1.134998,1.167769,1258492.0
05/25/1990,8.187500,8.375000,8.187500,8.187500,1.160267,781200,-,1.337973,1.153808,1.128220,1.164465,1267936.0
05/24/1990,8.250000,8.312500,8.187500,8.250000,1.169123,829800,-,1.339198,1.155040,1.123182,1.162934,1270904.0
05/23/1990,8.187500,8.312500,8.187500,8.250000,1.169123,558400,-,1.340342,1.156436,1.119410,1.159662,1265880.0
05/22/1990,8.312500,8.375000,8.187500,8.187500,1.160267,832200,-,1.341559,1.157832,1.115210,1.154681,1267728.0
05/21/1990,8.312500,8.375000,8.250000,8.312500,1.177980,395400,-,1.342821,1.159235,1.111027,1.148877,1270472.0
05/18/1990,8.312500,8.375000,8.250000,8.312500,1.177980,879400,-,1.343994,1.160625,1.105957,1.140447,1276996.0
05/17/1990,8.312500,8.500000,8.312500,8.312500,1.177980,803000,-,1.345204,1.162015,1.103451,1.130309,1277764.0
05/16/1990,8.375000,8.562500,8.312500,8.500000,1.162038,3003600,-,1.346377,1.163063,1.100945,1.119316,1285904.0
05/15/1990,8.375000,8.437500,8.312500,8.375000,1.144949,625200,-,1.347667,1.164430,1.100091,1.110771,1249560.0
05/14/1990,8.437500,8.500000,8.312500,8.375000,1.144949,1818600,-,1.348968,1.166481,1.100091,1.102227,1279492.0
05/11/1990,8.437500,8.562500,8.312500,8.375000,1.144949,956400,-,1.350233,1.167848,1.100945,1.091974,1331008.0
05/10/1990,8.312500,8.375000,8.187500,8.312500,1.136405,882000,-,1.351424,1.169557,1.101373,1.083429,1428984.0
05/09/1990,8.000000,8.312500,8.000000,8.187500,1.119316,841000,-,1.352621,1.174342,1.102654,1.079157,1426796.0
05/08/1990,8.000000,8.062500,8.000000,8.062500,1.102227,436200,-,1.353830,1.179468,1.105218,1.075739,1421784.0
05/07/1990,7.937500,8.125000,7.937500,8.000000,1.093683,810000,-,1.355124,1.184766,1.107781,1.073176,1425292.0
05/04/1990,7.875000,7.937500,7.812500,7.875000,1.076594,638600,-,1.356535,1.190234,1.110344,1.071467,1423672.0
05/03/1990,7.812500,7.937500,7.812500,7.812500,1.068050,1253200,-,1.357994,1.196045,1.114616,1.076594,1429388.0
05/02/1990,7.750000,7.937500,7.687500,7.875000,1.076594,1170600,-,1.359533,1.202026,1.119743,1.082575,1428584.0
05/01/1990,7.562500,7.812500,7.562500,7.750000,1.059505,1462600,-,1.360992,1.208007,1.127006,1.089410,1439312.0
04/30/1990,7.687500,7.750000,7.500000,7.625000,1.042416,1062800,-,1.362574,1.215013,1.135123,1.097955,1430332.0
04/27/1990,7.937500,8.000000,7.750000,7.750000,1.059505,1050400,-,1.364241,1.222190,1.144522,1.109917,1423344.0
04/26/1990,7.937500,8.000000,7.875000,8.000000,1.093683,1334600,-,1.365823,1.229197,1.153066,1.119316,1432732.0
04/25/1990,7.937500,7.937500,7.812500,7.937500,1.085138,951400,-,1.367270,1.234870,1.159474,1.126151,1445932.0
04/24/1990,7.812500,8.062500,7.500000,7.875000,1.076594,1960400,-,1.368687,1.240877,1.166310,1.134696,1441560.0
04/23/1990,7.937500,8.000000,7.750000,7.875000,1.076594,2305000,-,1.370072,1.247378,1.173145,1.142386,1418880.0
04/20/1990,8.250000,8.375000,8.250000,8.250000,1.127861,1590000,-,1.371458,1.253717,1.180835,1.149221,1384560.0
04/19/1990,8.375000,8.375000,8.250000,8.250000,1.127861,1386600,-,1.372514,1.259193,1.185962,1.152639,1373072.0
04/18/1990,8.375000,8.437500,8.312500,8.375000,1.144949,967400,-,1.373570,1.264507,1.190661,1.156911,1362632.0
04/17/1990,8.437500,8.437500,8.250000,8.375000,1.144949,1817800,-,1.374467,1.270128,1.193652,1.164601,1362188.0
04/16/1990,8.437500,8.562500,8.437500,8.500000,1.162038,1178200,-,1.375363,1.275586,1.197924,1.172291,1343036.0
04/12/1990,8.500000,8.562500,8.375000,8.437500,1.153493,1055400,-,1.376212,1.280541,1.201342,1.179126,1332360.0
04/11/1990,8.500000,8.687500,8.250000,8.500000,1.162038,1531000,-,1.377066,1.285342,1.204760,1.186816,1326100.0
04/10/1990,8.437500,8.625000,8.437500,8.562500,1.170582,1443800,-,1.377877,1.289324,1.208605,1.192798,1307804.0
04/09/1990,8.312500,8.437500,8.250000,8.437500,1.153493,3281600,-,1.378572,1.293784,1.212023,1.197924,1292108.0
04/06/1990,8.500000,8.562500,8.250000,8.375000,1.144949,2998000,-,1.379353,1.298099,1.215868,1.203905,1241460.0
04/05/1990,8.687500,8.750000,8.500000,8.500000,1.162038,3460000,-,1.380139,1.302261,1.220994,1.212450,1212360.0
04/04/1990,8.875000,9.000000,8.562500,8.562500,1.170582,1826000,-,1.380767,1.307054,1.225266,1.219285,1158028.0
04/03/1990,8.875000,9.000000,8.875000,8.937500,1.221849,1209400,-,1.381388,1.311513,1.228257,1.224412,1136488.0
04/02/1990,8.875000,9.000000,8.875000,8.937500,1.221849,491400,-,1.381716,1.314785,1.228684,1.222703,1126324.0
03/30/1990,8.937500,9.000000,8.875000,9.000000,1.230393,1043800,-,1.382008,1.318382,1.229966,1.223558,1132712.0
03/29/1990,8.937500,9.000000,8.875000,9.000000,1.230393,1579200,-,1.382257,1.322293,1.229111,1.223558,1126192.0
03/28/1990,9.000000,9.000000,8.875000,8.937500,1.221849,611600,-,1.382579,1.325881,1.229111,1.222703,1109752.0
03/27/1990,8.937500,9.000000,8.875000,8.937500,1.221849,599400,-,1.382945,1.329315,1.236801,1.224412,1121688.0
03/26/1990,9.000000,9.000000,8.812500,8.875000,1.213304,977800,-,1.383310,1.332587,1.244491,1.226121,1132072.0
03/23/1990,8.937500,9.000000,8.937500,9.000000,1.230393,992000,-,1.383644,1.336030,1.252181,1.227830,1196332.0
03/22/1990,8.875000,9.187500,8.812500,9.000000,1.230393,2117000,-,1.383930,1.339132,1.259017,1.229539,1221904.0
03/21/1990,8.875000,9.000000,8.812500,8.937500,1.221849,741200,-,1.384215,1.344339,1.265852,1.231248,1191728.0
03/20/1990,8.937500,9.000000,8.812500,8.812500,1.204760,1274000,-,1.384433,1.349394,1.273115,1.232102,1189560.0
03/19/1990,8.937500,9.000000,8.937500,9.000000,1.230393,616400,-,1.384700,1.355115,1.281659,1.234665,1182940.0
03/16/1990,9.000000,9.000000,8.937500,9.000000,1.230393,965800,-,1.384765,1.360160,1.290631,1.236374,1181208.0
03/15/1990,9.000000,9.062500,8.875000,8.937500,1.221849,929600,-,1.384756,1.365206,1.299175,1.234665,1175536.0
03/14/1990,9.000000,9.125000,9.000000,9.062500,1.238937,578600,-,1.384754,1.370909,1.308574,1.235520,1172020.0
03/13/1990,9.062500,9.125000,9.000000,9.062500,1.238937,650800,-,1.384629,1.376270,1.315495,1.249191,1177244.0
03/12/1990,9.062500,9.125000,9.000000,9.000000,1.230393,969400,-,1.384578,1.381469,1.322821,1.262862,1182028.0
03/09/1990,9.062500,9.125000,9.000000,9.125000,1.247482,721600,-,1.384532,1.386677,1.331385,1.276533,1174136.0
03/08/1990,9.000000,9.125000,9.000000,9.125000,1.247482,917800,-,1.384438,1.391057,1.338689,1.288495,1173008.0
03/07/1990,9.000000,9.187500,9.000000,9.000000,1.230393,1210000,-,1.384381,1.396085,1.346398,1.300457,1161392.0
03/06/1990,9.062500,9.125000,9.000000,9.000000,1.230393,1186400,-,1.384556,1.401617,1.354556,1.314128,1152328.0
03/05/1990,8.937500,9.125000,8.875000,9.125000,1.247482,2121800,-,1.384658,1.407311,1.364335,1.328654,1157700.0
03/02/1990,8.875000,9.000000,8.687500,8.875000,1.213304,4394400,-,1.384601,1.413149,1.372854,1.344888,1135984.0
03/01/1990,10.000000,10.125000,8.687500,9.000000,1.230393,5855200,-,1.384611,1.419671,1.382677,1.363686,1062648.0
02/28/1990,10.062500,10.187500,10.000000,10.062500,1.375647,772600,-,1.384501,1.425851,1.390836,1.381629,956900.0
02/27/1990,10.000000,10.062500,10.000000,10.062500,1.375647,590400,-,1.383665,1.429288,1.390111,1.381800,965464.0
02/26/1990,10.000000,10.062500,9.937500,10.000000,1.367103,611600,-,1.382794,1.432563,1.391007,1.382781,976052.0
02/23/1990,9.937500,10.000000,9.875000,10.000000,1.367103,729000,-,1.381826,1.436009,1.391114,1.386237,985608.0
02/22/1990,10.000000,10.062500,9.937500,10.000000,1.367103,924400,-,1.380858,1.438969,1.390411,1.388882,982948.0
02/21/1990,10.000000,10.062500,9.875000,10.000000,1.367103,1213000,-,1.379856,1.441767,1.392139,1.392338,974576.0
02/20/1990,10.312500,10.312500,9.937500,10.062500,1.375647,1707000,-,1.378853,1.444565,1.393462,1.394984,965896.0
02/16/1990,10.312500,10.437500,10.250000,10.312500,1.409825,1013600,-,1.377807,1.446867,1.393953,1.400016,943144.0
02/15/1990,10.312500,10.312500,10.250000,10.250000,1.401281,713400,-,1.376591,1.448487,1.393545,1.400821,931744.0
02/14/1990,10.250000,10.375000,10.187500,10.312500,1.409825,1519800,-,1.375452,1.450439,1.394779,1.401669,935304.0
02/13/1990,10.750000,10.812500,10.625000,10.625000,1.377356,1994600,-,1.374270,1.451734,1.394776,1.400042,917976.0
02/12/1990,10.750000,10.812500,10.687500,10.687500,1.385459,732800,-,1.373251,1.453678,1.395586,1.398422,905424.0
02/09/1990,10.812500,10.812500,10.687500,10.812500,1.401663,826400,-,1.372191,1.454651,1.395586,1.399232,908176.0
02/08/1990,10.812500,10.875000,10.625000,10.750000,1.393561,589000,-,1.371051,1.455299,1.394776,1.395991,957140.0
02/07/1990,10.812500,10.812500,10.687500,10.812500,1.401663,1015600,-,1.369846,1.455947,1.394371,1.391940,974504.0
02/06/1990,10.937500,11.000000,10.750000,10.750000,1.393561,864600,-,1.368635,1.456433,1.398827,1.391940,968832.0
02/05/1990,10.937500,11.000000,10.875000,11.000000,1.425969,945200,-,1.367465,1.457081,1.402878,1.391940,967060.0
02/02/1990,10.812500,10.937500,10.500000,10.937500,1.417867,860200,-,1.366133,1.457081,1.406119,1.387889,973680.0
02/01/1990,10.812500,10.937500,10.750000,10.875000,1.409765,644400,-,1.364806,1.457405,1.409360,1.386269,972116.0
01/31/1990,10.625000,10.750000,10.562500,10.750000,1.393561,742400,-,1.363590,1.458053,1.413006,1.387889,970996.0
01/30/1990,10.750000,10.812500,10.500000,10.500000,1.361152,616200,-,1.362490,1.459026,1.418677,1.389510,963712.0
01/29/1990,10.625000,10.875000,10.500000,10.750000,1.393561,659000,-,1.361517,1.460808,1.425969,1.392751,960324.0
01/26/1990,10.437500,10.625000,10.437500,10.562500,1.369254,749200,-,1.360242,1.461942,1.431236,1.391940,966024.0
01/25/1990,10.750000,10.812500,10.437500,10.437500,1.353050,1543000,-,1.358984,1.463563,1.437312,1.393561,964620.0
01/24/1990,10.750000,11.250000,10.625000,10.812500,1.401663,743400,-,1.357807,1.465507,1.442984,1.396802,948828.0
01/23/1990,10.750000,10.875000,10.625000,10.750000,1.393561,749000,-,1.356421,1.466642,1.447845,1.405714,945800.0
01/22/1990,10.812500,10.937500,10.687500,10.687500,1.385459,701200,-,1.355077,1.467614,1.453516,1.413816,953340.0
01/19/1990,11.000000,11.000000,10.812500,10.812500,1.401663,810800,-,1.353738,1.468294,1.459998,1.424349,980044.0
01/18/1990,10.937500,11.000000,10.875000,11.000000,1.425969,717800,-,1.352282,1.468651,1.466885,1.432451,986544.0
01/17/1990,10.812500,11.000000,10.750000,10.875000,1.409765,757200,-,1.350776,1.468367,1.472556,1.438122,982640.0
01/16/1990,10.625000,10.750000,10.625000,10.750000,1.393561,1208400,-,1.349315,1.468561,1.479038,1.447845,979708.0
01/15/1990,10.687500,10.812500,10.625000,10.687500,1.385459,1118600,-,1.347935,1.469234,1.486735,1.459188,971016.0
01/12/1990,10.750000,11.000000,10.625000,10.687500,1.385459,4190800,-,1.346526,1.469915,1.494432,1.470531,962156.0
01/11/1990,11.562500,11.625000,10.687500,10.687500,1.385459,2270600,-,1.345082,1.470441,1.502129,1.481063,895724.0
01/10/1990,11.500000,11.500000,11.375000,11.500000,1.490786,608200,-,1.343743,1.470350,1.508610,1.489165,862040.0
01/09/1990,11.562500,11.562500,11.375000,11.375000,1.474581,632800,-,1.341878,1.467998,1.509421,1.489975,871044.0
01/08/1990,11.437500,11.500000,11.000000,11.500000,1.490786,943000,-,1.340023,1.465971,1.511041,1.493216,874220.0
01/05/1990,11.437500,11.562500,11.437500,11.437500,1.482684,529800,-,1.338018,1.463928,1.511041,1.495647,863656.0
01/04/1990,11.625000,11.625000,11.375000,11.437500,1.482684,682200,-,1.336053,1.461892,1.511446,1.501319,871816.0
01/03/1990,11.750000,11.750000,11.562500,11.625000,1.506991,753800,-,1.334123,1.460011,1.512256,1.506990,864444.0
01/02/1990,11.562500,11.750000,11.437500,11.625000,1.506991,839800,-,1.332036,1.457490,1.510636,1.510231,856252.0
12/29/1989,11.437500,11.562500,11.375000,11.562500,1.498887,890000,-,1.329950,1.455122,1.509016,1.514282,848852.0
12/28/1989,11.375000,11.562500,11.312500,11.500000,1.490786,574800,-,1.328043,1.452763,1.505775,1.518333,837976.0
12/27/1989,11.625000,11.687500,11.312500,11.312500,1.466479,665200,-,1.326108,1.450411,1.502939,1.523194,852640.0
12/26/1989,11.750000,11.750000,11.562500,11.562500,1.498887,337000,-,1.324294,1.448391,1.500914,1.528056,868224.0
12/22/1989,11.687500,11.687500,11.562500,11.625000,1.506991,756800,-,1.322387,1.445415,1.497268,1.528866,879776.0
12/21/1989,11.875000,11.875000,11.562500,11.687500,1.515093,1455000,-,1.320406,1.442739,1.493217,1.528866,874252.0
12/20/1989,12.000000,12.000000,11.812500,11.875000,1.539398,1036000,-,1.318279,1.440055,1.488760,1.526435,852248.0
12/19/1989,11.875000,11.937500,11.812500,11.875000,1.539398,727600,-,1.315995,1.436731,1.483494,1.521574,844880.0
12/18/1989,11.875000,11.937500,11.812500,11.875000,1.539398,567800,-,1.313712,1.433562,1.478633,1.517523,834784.0
12/15/1989,11.937500,12.000000,11.875000,11.937500,1.547500,1200800,-,1.311463,1.430238,1.473772,1.511041,833304.0
12/14/1989,11.937500,12.000000,11.875000,11.875000,1.539398,1119800,-,1.309139,1.427060,1.468910,1.503749,846716.0
12/13/1989,11.750000,11.937500,11.687500,11.875000,1.539398,1089400,-,1.306856,1.423736,1.464454,1.493217,836752.0
12/12/1989,11.625000,11.750000,11.625000,11.687500,1.515093,596000,-,1.304502,1.420721,1.459998,1.482684,822932.0
12/11/1989,11.562500,11.687500,11.562500,11.625000,1.506991,505800,-,1.302375,1.418192,1.456757,1.473772,828668.0
12/08/1989,11.562500,11.625000,11.500000,11.625000,1.506991,779000,-,1.300289,1.415824,1.454326,1.465669,829680.0
12/07/1989,11.562500,11.562500,11.500000,11.500000,1.490786,569400,-,1.298202,1.413303,1.451085,1.457567,819644.0
12/06/1989,11.500000,11.562500,11.437500,11.500000,1.490786,443600,-,1.296337,1.410951,1.447521,1.451086,829756.0
12/05/1989,11.437500,11.562500,11.375000,11.562500,1.498887,891400,-,1.294471,1.408599,1.443956,1.445414,835028.0
12/04/1989,11.375000,11.437500,11.312500,11.375000,1.474581,653400,-,1.292599,1.406240,1.439600,1.439743,859856.0
12/01/1989,11.125000,11.437500,11.062500,11.375000,1.474581,1367000,-,1.290850,1.404367,1.436845,1.436502,859876.0
11/30/1989,11.000000,11.125000,11.000000,11.062500,1.434072,870400,-,1.289065,1.402339,1.434476,1.434071,842504.0
11/29/1989,11.000000,11.062500,10.937500,11.062500,1.434072,3274600,-,1.287483,1.401121,1.433747,1.435692,836016.0
11/28/1989,11.000000,11.062500,10.875000,11.000000,1.425969,1457200,-,1.285803,1.400213,1.432632,1.437312,786032.0
11/27/1989,11.000000,11.000000,10.937500,11.000000,1.425969,732000,-,1.284196,1.399157,1.430379,1.439743,784780.0
11/24/1989,11.062500,11.062500,10.875000,11.000000,1.425969,776000,-,1.282623,1.398102,1.427741,1.442983,808084.0
11/22/1989,11.062500,11.125000,10.937500,11.000000,1.425969,1276200,-,1.281017,1.396738,1.425102,1.444604,801860.0
11/21/1989,11.062500,11.125000,11.000000,11.062500,1.434072,782000,-,1.279410,1.395220,1.423235,1.443955,789924.0
11/20/1989,11.187500,11.187500,11.000000,11.125000,1.442173,588400,-,1.277763,1.393539,1.420577,1.442497,859268.0
11/17/1989,11.125000,11.250000,11.125000,11.125000,1.442173,378200,-,1.276010,1.391543,1.417900,1.439457,860936.0
11/16/1989,11.187500,11.375000,11.000000,11.187500,1.450275,446800,-,1.274223,1.389546,1.414837,1.437188,865352.0
11/15/1989,11.187500,11.250000,11.125000,11.187500,1.450275,944000,-,1.272363,1.387233,1.411755,1.434881,865036.0
11/14/1989,11.250000,11.250000,11.125000,11.187500,1.450275,679000,-,1.270470,1.384766,1.408287,1.431802,863348.0
11/13/1989,11.250000,11.250000,11.187500,11.187500,1.450275,753400,-,1.268576,1.382607,1.404433,1.427952,862428.0
11/10/1989,11.125000,11.250000,11.125000,11.250000,1.458377,592000,-,1.266716,1.380603,1.400193,1.421016,864320.0
11/09/1989,11.187500,11.250000,11.000000,11.125000,1.442173,1126000,-,1.264848,1.378282,1.394777,1.412498,869780.0
11/08/1989,11.500000,11.562500,11.437500,11.500000,1.419487,2036400,-,1.263029,1.376285,1.391329,1.405601,871152.0
11/07/1989,11.375000,11.500000,11.312500,11.500000,1.419487,1135800,-,1.261289,1.375205,1.389400,1.402515,846660.0
11/06/1989,11.500000,11.562500,11.375000,11.437500,1.411773,522600,-,1.259583,1.374742,1.387086,1.398658,831988.0
11/03/1989,11.500000,11.562500,11.437500,11.500000,1.419487,610600,-,1.257816,1.374434,1.385543,1.396343,849940.0
11/02/1989,11.500000,11.562500,11.437500,11.562500,1.427201,773800,-,1.256077,1.373971,1.383228,1.392486,867384.0
11/01/1989,11.500000,11.562500,11.437500,11.500000,1.419487,675600,-,1.254332,1.373045,1.381300,1.388629,860960.0
10/31/1989,11.250000,11.500000,11.187500,11.437500,1.411773,869200,-,1.252592,1.371811,1.378985,1.384771,864388.0
10/30/1989,11.187500,11.312500,11.125000,11.187500,1.380914,586400,-,1.250892,1.371194,1.377828,1.380914,861568.0
10/27/1989,11.187500,11.250000,11.125000,11.125000,1.373199,1058400,-,1.249345,1.371348,1.378214,1.379371,910520.0
10/26/1989,11.250000,11.250000,11.125000,11.125000,1.373199,791600,-,1.247837,1.371811,1.378985,1.377057,917016.0
10/25/1989,11.125000,11.250000,11.125000,11.250000,1.388628,414800,-,1.246329,1.372305,1.379371,1.377057,925612.0
10/24/1989,11.187500,11.250000,11.000000,11.187500,1.380914,937800,-,1.244678,1.372490,1.378600,1.376285,927300.0
10/23/1989,11.250000,11.250000,11.187500,11.250000,1.388628,313600,-,1.243065,1.372682,1.378214,1.375514,925556.0
10/20/1989,11.250000,11.250000,11.125000,11.187500,1.380914,344200,-,1.241414,1.372867,1.377828,1.374742,952904.0
10/19/1989,11.250000,11.250000,11.125000,11.250000,1.388628,469800,-,1.239802,1.373354,1.377828,1.373971,982344.0
10/18/1989,11.187500,11.250000,11.062500,11.187500,1.380914,346200,-,1.238183,1.373539,1.377057,1.373971,982780.0
10/17/1989,11.062500,11.187500,11.000000,11.125000,1.373199,1308000,-,1.236571,1.374173,1.376671,1.373199,1015224.0
10/16/1989,10.625000,11.062500,10.562500,11.062500,1.365485,1444400,-,1.234931,1.374961,1.377442,1.374742,1003644.0
10/13/1989,11.125000,11.187500,10.937500,10.937500,1.350056,914600,-,1.233395,1.375903,1.377828,1.377057,989092.0
10/12/1989,11.187500,11.250000,11.125000,11.125000,1.373199,480600,-,1.231970,1.377301,1.378985,1.380914,981552.0
10/11/1989,11.125000,11.187500,11.062500,11.187500,1.380914,354800,-,1.230330,1.378089,1.378214,1.381685,984032.0
10/10/1989,11.187500,11.250000,11.062500,11.125000,1.373199,667600,-,1.228750,1.378870,1.376671,1.380914,999360.0
10/09/1989,11.125000,11.187500,11.062500,11.187500,1.380914,222800,-,1.227209,1.379511,1.375514,1.380914,998972.0
10/06/1989,11.250000,11.250000,11.062500,11.125000,1.373199,493800,-,1.225596,1.379851,1.373585,1.380914,1005372.0
10/05/1989,11.125000,11.250000,11.062500,11.250000,1.388628,1871400,-,1.223956,1.380050,1.372042,1.381685,1008820.0
10/04/1989,11.187500,11.250000,11.125000,11.125000,1.373199,621600,-,1.222272,1.379794,1.369342,1.380142,983416.0
10/03/1989,11.250000,11.250000,11.187500,11.250000,1.388628,398400,-,1.220665,1.379552,1.367028,1.380142,984064.0
10/02/1989,11.187500,11.250000,11.187500,11.250000,1.388628,882800,-,1.218848,1.379001,1.364714,1.380142,984648.0
09/29/1989,11.187500,11.250000,11.187500,11.250000,1.388628,556400,-,1.217031,1.378745,1.362785,1.378600,975364.0
09/28/1989,11.125000,11.250000,11.125000,11.187500,1.380914,277200,-,1.215248,1.378341,1.360471,1.377057,977636.0
09/27/1989,11.062500,11.187500,11.000000,11.125000,1.373199,1075000,-,1.213503,1.378239,1.358542,1.374742,982400.0
09/26/1989,11.250000,11.250000,11.125000,11.125000,1.373199,707200,-,1.211830,1.378145,1.358156,1.372428,972504.0
09/25/1989,11.250000,11.250000,11.187500,11.187500,1.380914,2132800,-,1.210189,1.378197,1.359313,1.370114,971948.0
09/22/1989,11.125000,11.250000,11.125000,11.187500,1.380914,654400,-,1.208445,1.378095,1.360085,1.366256,943364.0
09/21/1989,11.187500,11.250000,11.125000,11.125000,1.373199,498400,-,1.206766,1.377993,1.360856,1.362399,940212.0
09/20/1989,11.250000,11.250000,11.125000,11.125000,1.373199,546000,-,1.205126,1.378192,1.361242,1.358542,944372.0
09/19/1989,11.125000,11.312500,11.125000,11.250000,1.388628,775400,-,1.203419,1.378098,1.360471,1.353913,950336.0
09/18/1989,11.062500,11.187500,10.937500,11.125000,1.373199,1394600,-,1.201636,1.377400,1.360085,1.349285,946556.0
09/15/1989,11.000000,11.187500,11.000000,11.125000,1.373199,1897200,-,1.199929,1.377011,1.360856,1.346970,937952.0
09/14/1989,10.875000,11.000000,10.875000,11.000000,1.357770,464800,-,1.198256,1.376327,1.362014,1.343884,907992.0
09/13/1989,11.000000,11.000000,10.875000,10.937500,1.350056,679400,-,1.196627,1.375952,1.364019,1.342342,908492.0
09/12/1989,10.875000,11.000000,10.687500,10.937500,1.350056,4249200,-,1.195036,1.375438,1.366411,1.343884,899728.0
09/11/1989,10.875000,10.875000,10.812500,10.875000,1.342341,671800,-,1.193445,1.374923,1.368435,1.348513,828288.0
09/08/1989,10.875000,10.875000,10.750000,10.875000,1.342341,599000,-,1.191893,1.374709,1.371212,1.353913,834952.0
09/07/1989,10.875000,10.875000,10.625000,10.812500,1.334627,431000,-,1.190374,1.374349,1.374357,1.359314,836956.0
09/06/1989,10.875000,10.937500,10.750000,10.750000,1.326912,859600,-,1.188861,1.374143,1.377520,1.363942,833692.0
09/05/1989,10.875000,10.937500,10.812500,10.875000,1.342341,633000,-,1.187353,1.373796,1.381804,1.367028,822480.0
09/01/1989,10.812500,11.062500,10.812500,10.937500,1.350056,848000,-,1.185768,1.373141,1.385318,1.370885,824136.0
08/31/1989,10.875000,11.000000,10.812500,10.875000,1.342341,865000,-,1.184177,1.372185,1.388445,1.374743,818740.0
08/30/1989,11.062500,11.125000,10.875000,10.875000,1.342341,1194600,-,1.182658,1.371089,1.392326,1.380143,810760.0
08/29/1989,11.250000,11.250000,11.000000,11.062500,1.365485,811800,-,1.181106,1.370140,1.395839,1.385697,809852.0
08/28/1989,11.312500,11.312500,11.125000,11.312500,1.396344,402200,-,1.179438,1.368580,1.398562,1.388938,800352.0
08/25/1989,11.312500,11.375000,11.187500,11.312500,1.396344,1420200,-,1.177682,1.366257,1.399007,1.388356,816148.0
08/24/1989,11.250000,11.312500,11.062500,11.312500,1.396344,1482800,-,1.175860,1.363934,1.399084,1.388510,795872.0
08/23/1989,11.062500,11.250000,11.000000,11.187500,1.380914,452600,-,1.173945,1.361904,1.398426,1.389400,784972.0
08/22/1989,11.125000,11.312500,10.937500,11.000000,1.357770,847000,-,1.172108,1.360184,1.398171,1.391098,783784.0
08/21/1989,11.250000,11.312500,11.125000,11.187500,1.380914,728200,-,1.170355,1.358926,1.398337,1.396581,779332.0
08/18/1989,11.312500,11.375000,11.187500,11.250000,1.388628,3034000,-,1.168455,1.356911,1.397347,1.399750,775492.0
08/17/1989,11.500000,11.562500,11.250000,11.312500,1.396344,1383200,-,1.166516,1.354889,1.396706,1.402147,726964.0
08/16/1989,11.875000,11.937500,11.812500,11.875000,1.397887,1221400,-,1.164507,1.352713,1.395312,1.404508,708836.0
08/15/1989,11.812500,11.937500,11.750000,11.875000,1.397887,499200,-,1.162491,1.350064,1.394208,1.405980,694200.0
08/14/1989,11.875000,11.937500,11.812500,11.812500,1.390529,850600,-,1.160506,1.347268,1.392737,1.408187,698100.0
08/11/1989,12.000000,12.062500,11.812500,11.875000,1.397887,1681000,-,1.158558,1.344325,1.392001,1.409659,690628.0
08/10/1989,11.875000,12.000000,11.812500,11.937500,1.405243,1816200,-,1.156510,1.340941,1.390897,1.409659,663196.0
08/09/1989,12.062500,12.062500,11.812500,11.875000,1.397887,491600,-,1.154395,1.337262,1.389426,1.407451,658292.0
08/08/1989,11.875000,12.062500,11.500000,12.000000,1.412602,1968400,-,1.152347,1.333584,1.388690,1.405244,661524.0
08/07/1989,12.000000,12.000000,11.812500,12.000000,1.412602,729000,-,1.150258,1.329905,1.386483,1.400094,632296.0
08/04/1989,12.000000,12.062500,11.875000,12.000000,1.412602,716800,-,1.148262,1.326079,1.383540,1.394944,629648.0
08/03/1989,12.000000,12.125000,12.000000,12.062500,1.419958,537600,-,1.146172,1.322401,1.380597,1.391265,627676.0
08/02/1989,12.125000,12.187500,12.000000,12.000000,1.412602,604600,-,1.144014,1.318722,1.376550,1.386115,631140.0
08/01/1989,12.000000,12.250000,11.937500,12.062500,1.419958,1121200,-,1.141861,1.315779,1.372872,1.382436,647112.0
07/31/1989,11.875000,11.937500,11.812500,11.937500,1.405243,648200,-,1.139610,1.312395,1.368090,1.377286,657856.0
07/28/1989,11.750000,11.875000,11.750000,11.875000,1.397887,542800,-,1.137432,1.309010,1.364043,1.374343,674680.0
07/27/1989,11.687500,11.750000,11.625000,11.750000,1.383171,666200,-,1.135259,1.305361,1.360732,1.372136,682684.0
07/26/1989,11.562500,11.687500,11.500000,11.687500,1.375815,601200,-,1.133222,1.301866,1.357789,1.371401,679636.0
07/25/1989,11.562500,11.687500,11.562500,11.562500,1.361099,654000,-,1.131254,1.298519,1.355214,1.372136,679240.0
07/24/1989,11.625000,11.687500,11.562500,11.562500,1.361099,427600,-,1.129390,1.295326,1.352639,1.372872,687904.0
07/21/1989,11.625000,11.687500,11.562500,11.687500,1.375815,418600,-,1.127495,1.291574,1.350064,1.372136,689612.0
07/20/1989,11.687500,11.750000,11.625000,11.625000,1.368457,670000,-,1.125402,1.287528,1.346385,1.369929,686312.0
07/19/1989,11.625000,11.812500,11.625000,11.687500,1.375815,515400,-,1.123251,1.283490,1.342339,1.366986,682100.0
07/18/1989,11.625000,11.687500,11.562500,11.625000,1.368457,580200,-,1.121033,1.279304,1.338292,1.363307,678224.0
07/17/1989,11.750000,11.750000,11.187500,11.687500,1.375815,679400,-,1.118851,1.275265,1.334246,1.358893,673136.0
07/14/1989,11.687500,11.750000,11.562500,11.687500,1.375815,703600,-,1.116663,1.271080,1.329464,1.353743,663056.0
07/13/1989,11.750000,11.812500,11.625000,11.687500,1.375815,496800,-,1.114320,1.267034,1.324681,1.349328,658388.0
07/12/1989,11.687500,11.875000,11.625000,11.750000,1.383171,706400,-,1.111976,1.262988,1.320635,1.344178,657812.0
07/11/1989,11.625000,11.750000,11.562500,11.625000,1.368457,844200,-,1.109595,1.258795,1.316220,1.338292,649000.0
07/10/1989,11.500000,11.687500,11.500000,11.500000,1.353743,586400,-,1.107320,1.254896,1.312542,1.332406,638500.0
07/07/1989,11.375000,11.625000,11.250000,11.500000,1.353743,964400,-,1.105086,1.251291,1.308863,1.327992,633636.0
07/06/1989,11.375000,11.437500,11.312500,11.375000,1.339028,399200,-,1.102853,1.247267,1.305552,1.322842,619556.0
07/05/1989,11.312500,11.375000,11.187500,11.375000,1.339028,489800,-,1.100662,1.243678,1.302977,1.317692,617908.0
07/03/1989,11.312500,11.375000,11.250000,11.250000,1.324313,241200,-,1.098470,1.240088,1.299299,1.313277,615348.0
06/30/1989,11.312500,11.375000,11.125000,11.250000,1.324313,677200,-,1.096415,1.236793,1.295988,1.309599,617408.0
06/29/1989,11.312500,11.437500,11.250000,11.312500,1.331671,1005000,-,1.094298,1.233358,1.291941,1.305184,611368.0
06/28/1989,11.187500,11.312500,11.062500,11.250000,1.324313,699200,-,1.092144,1.230055,1.286791,1.300034,597404.0
06/27/1989,11.187500,11.250000,11.125000,11.250000,1.324313,267800,-,1.090026,1.227039,1.281641,1.297091,616932.0
06/26/1989,11.125000,11.187500,11.062500,11.125000,1.309598,299000,-,1.087940,1.223883,1.276123,1.294148,640780.0
06/23/1989,11.125000,11.187500,11.000000,11.125000,1.309598,715800,-,1.085927,1.220463,1.272077,1.292677,647040.0
06/22/1989,10.937500,11.062500,10.875000,11.062500,1.302242,578200,-,1.083883,1.216623,1.267662,1.289734,637036.0
06/21/1989,11.000000,11.062500,10.875000,10.937500,1.287527,466000,-,1.081876,1.212931,1.263984,1.288263,632944.0
06/20/1989,10.875000,11.062500,10.875000,11.000000,1.294884,1149200,-,1.079942,1.209673,1.261409,1.288263,628640.0
06/19/1989,10.875000,11.000000,10.875000,10.937500,1.287527,336800,-,1.077972,1.206268,1.259937,1.285320,612860.0
06/16/1989,10.875000,11.000000,10.875000,10.875000,1.280170,1192000,-,1.075976,1.202870,1.258098,1.282377,612692.0
06/15/1989,10.937500,11.000000,10.875000,10.875000,1.280170,406400,-,1.074048,1.199479,1.255891,1.278698,593252.0
06/14/1989,10.937500,11.062500,10.937500,11.000000,1.294884,937800,-,1.072119,1.196368,1.252653,1.273548,596376.0
06/13/1989,10.937500,11.000000,10.875000,11.000000,1.294884,393200,-,1.070118,1.192823,1.248331,1.266191,585384.0
06/12/1989,10.937500,11.000000,10.875000,11.000000,1.294884,624400,-,1.068116,1.189278,1.244009,1.258098,585680.0
06/09/1989,10.937500,11.000000,10.875000,10.875000,1.280170,536200,-,1.066114,1.185454,1.239338,1.251476,581692.0
06/08/1989,10.875000,11.000000,10.875000,10.937500,1.287527,607600,-,1.064218,1.181784,1.234005,1.245590,576460.0
06/07/1989,10.750000,10.937500,10.750000,10.937500,1.287527,476800,-,1.062221,1.178386,1.228304,1.239705,568928.0
06/06/1989,10.687500,10.812500,10.625000,10.750000,1.265455,489600,-,1.060225,1.174988,1.222254,1.234554,567508.0
06/05/1989,10.562500,10.687500,10.562500,10.687500,1.258098,694200,-,1.058371,1.171752,1.217308,1.234554,565284.0
06/02/1989,10.500000,10.625000,10.437500,10.562500,1.243384,477000,-,1.056522,1.168384,1.212729,1.233819,557884.0
06/01/1989,10.437500,10.500000,10.375000,10.437500,1.228669,309400,-,1.054659,1.165310,1.208887,1.233083,553644.0
05/31/1989,10.312500,10.437500,10.312500,10.375000,1.221311,1571000,-,1.052810,1.162671,1.206129,1.231759,554844.0
05/30/1989,10.437500,10.500000,10.312500,10.312500,1.213954,653200,-,1.050969,1.160038,1.203739,1.230472,530696.0
05/26/1989,10.312500,10.437500,10.312500,10.437500,1.228669,507000,-,1.049165,1.157553,1.201717,1.229920,534252.0
05/25/1989,10.437500,10.500000,10.312500,10.375000,1.221311,596600,-,1.047287,1.155332,1.198959,1.227199,535312.0
05/24/1989,10.500000,10.562500,10.375000,10.437500,1.228669,618200,-,1.045447,1.152979,1.196569,1.222419,528532.0
05/23/1989,10.750000,10.750000,10.437500,10.500000,1.236026,710800,-,1.043539,1.150479,1.192764,1.216904,522232.0
05/22/1989,10.687500,10.812500,10.625000,10.750000,1.265455,1403200,-,1.041684,1.148111,1.188940,1.209954,519368.0
05/19/1989,10.500000,10.687500,10.500000,10.625000,1.250740,1658400,-,1.039710,1.145015,1.183644,1.200061,506372.0
05/18/1989,10.562500,10.625000,10.437500,10.500000,1.236026,1489400,-,1.037840,1.141794,1.179084,1.191640,477352.0
05/17/1989,10.875000,10.937500,10.687500,10.875000,1.215426,943000,-,1.036043,1.138728,1.174911,1.184690,454840.0
05/16/1989,10.812500,10.875000,10.750000,10.812500,1.208441,513800,-,1.034349,1.136073,1.172466,1.180499,443600.0
05/15/1989,10.750000,10.812500,10.687500,10.812500,1.208441,581400,-,1.032720,1.133698,1.170720,1.177007,438016.0
05/12/1989,10.625000,10.750000,10.562500,10.750000,1.201455,1087200,-,1.031061,1.131184,1.168624,1.173514,431528.0
05/11/1989,10.437500,10.562500,10.437500,10.500000,1.173514,513000,-,1.029349,1.128809,1.165481,1.170720,416640.0
05/10/1989,10.437500,10.500000,10.375000,10.500000,1.173514,253600,-,1.027717,1.126713,1.162687,1.170720,417412.0
05/09/1989,10.375000,10.500000,10.375000,10.437500,1.166529,459400,-,1.026145,1.125037,1.159893,1.168624,436008.0
05/08/1989,10.375000,10.437500,10.312500,10.437500,1.166529,321600,-,1.024578,1.123500,1.157797,1.167926,438344.0
05/05/1989,10.437500,10.500000,10.375000,10.437500,1.166529,325800,-,1.023040,1.121963,1.155702,1.167227,451080.0
05/04/1989,10.437500,10.500000,10.375000,10.437500,1.166529,175400,-,1.021503,1.120985,1.153257,1.166529,452052.0
05/03/1989,10.500000,10.562500,10.437500,10.500000,1.173514,470200,-,1.019965,1.120007,1.150463,1.165132,456464.0
05/02/1989,10.562500,10.562500,10.500000,10.500000,1.173514,468000,-,1.018422,1.119029,1.148018,1.164433,472508.0
05/01/1989,10.437500,10.500000,10.437500,10.500000,1.173514,265800,-,1.016879,1.118051,1.145224,1.164433,492056.0
04/28/1989,10.437500,10.500000,10.437500,10.500000,1.173514,319200,-,1.015365,1.116934,1.142430,1.163735,492776.0
04/27/1989,10.312500,10.500000,10.312500,10.500000,1.173514,343200,-,1.013851,1.115816,1.138937,1.160242,507544.0
04/26/1989,10.375000,10.500000,10.312500,10.312500,1.152559,260400,-,1.012308,1.114307,1.135095,1.154654,562504.0
04/25/1989,10.437500,10.437500,10.312500,10.375000,1.159544,316800,-,1.010841,1.113350,1.133349,1.151161,583780.0
04/24/1989,10.375000,10.500000,10.312500,10.375000,1.159544,361800,-,1.009397,1.112385,1.131253,1.147669,595304.0
04/21/1989,10.312500,10.375000,10.312500,10.375000,1.159544,344200,-,1.007894,1.111288,1.128459,1.144176,1012380.0
04/20/1989,10.375000,10.437500,10.250000,10.312500,1.152559,375200,-,1.006421,1.110191,1.124967,1.139985,1023928.0
04/19/1989,10.500000,10.562500,10.437500,10.437500,1.166529,306800,-,1.004982,1.109234,1.121823,1.135794,1049592.0
04/18/1989,10.500000,10.625000,10.500000,10.500000,1.173514,1675600,-,1.003592,1.107732,1.118331,1.131603,1050944.0
04/17/1989,10.187500,10.500000,10.125000,10.437500,1.166529,1460200,-,1.002137,1.105959,1.114140,1.126014,1025816.0
04/14/1989,10.000000,10.250000,10.000000,10.187500,1.138588,612000,-,1.000717,1.104193,1.110298,1.121125,1012104.0
04/13/1989,10.000000,10.062500,10.000000,10.000000,1.117632,215600,-,0.999378,1.102853,1.109250,1.117632,1009116.0
04/12/1989,10.062500,10.125000,10.000000,10.000000,1.117632,373600,-,0.998203,1.101933,1.108552,1.115537,1017216.0
04/11/1989,10.000000,10.125000,10.000000,10.062500,1.124617,250800,-,0.996968,1.101145,1.107853,1.115537,1021816.0
04/10/1989,10.000000,10.062500,10.000000,10.062500,1.124617,360200,-,0.995758,1.100350,1.107504,1.114838,1023880.0
04/07/1989,10.000000,10.062500,9.937500,10.000000,1.117632,328400,-,0.994548,1.099422,1.106805,1.112743,1024200.0
04/06/1989,10.000000,10.062500,9.937500,9.937500,1.110647,220000,-,0.993402,1.098501,1.105408,1.109949,1021760.0
04/05/1989,10.000000,10.125000,9.937500,10.062500,1.124617,562600,-,0.992173,1.097853,1.104011,1.107853,1028284.0
04/04/1989,10.000000,10.062500,9.937500,10.000000,1.117632,388200,-,0.990845,1.096528,1.101916,1.105059,1028656.0
04/03/1989,9.937500,10.000000,9.875000,10.000000,1.117632,408000,-,0.989610,1.095608,1.100519,1.102265,1028444.0
03/31/1989,9.875000,9.937500,9.812500,9.875000,1.103662,425000,-,0.988317,1.094820,1.098772,1.099471,1030968.0
03/30/1989,9.937500,10.000000,9.812500,9.812500,1.096678,274600,-,0.987153,1.094179,1.097725,1.100868,1035872.0
03/29/1989,9.937500,10.000000,9.937500,10.000000,1.117632,231000,-,0.986023,1.093678,1.096328,1.101566,1036416.0
03/28/1989,9.812500,10.000000,9.812500,10.000000,1.117632,405800,-,0.984730,1.092757,1.094931,1.100169,1038768.0
03/27/1989,9.812500,9.937500,9.750000,9.875000,1.103662,378400,-,0.983378,1.091837,1.093534,1.100169,1055432.0
03/23/1989,9.812500,9.875000,9.750000,9.750000,1.089692,324200,-,0.982067,1.091196,1.092835,1.100868,1054720.0
03/22/1989,9.687500,9.812500,9.687500,9.750000,1.089692,265000,-,0.980855,1.090570,1.094232,1.100868,1055576.0
03/21/1989,9.750000,9.812500,9.750000,9.812500,1.096678,369400,-,0.979584,1.089944,1.095629,1.100169,1061624.0
03/20/1989,9.750000,9.812500,9.687500,9.750000,1.089692,363600,-,0.978248,1.089178,1.097026,1.098772,1059160.0
03/17/1989,9.812500,9.875000,9.750000,9.750000,1.089692,831000,-,0.976977,1.088552,1.098772,1.098772,1055992.0
03/16/1989,9.812500,10.000000,9.812500,10.000000,1.117632,560000,-,0.975706,1.088058,1.100169,1.098074,1045020.0
03/15/1989,9.875000,9.937500,9.812500,9.875000,1.103662,257600,-,0.974325,1.086873,1.100169,1.094581,1040976.0
03/14/1989,9.875000,9.937500,9.812500,9.875000,1.103662,303200,-,0.972925,1.085703,1.099890,1.091089,1043360.0
03/13/1989,10.000000,10.062500,9.937500,10.000000,1.117632,567600,-,0.971466,1.084797,1.099941,1.089692,1043140.0
03/10/1989,9.750000,10.000000,9.687500,9.937500,1.110647,753400,-,0.969938,1.083745,1.099625,1.086898,1037784.0
03/09/1989,9.750000,9.750000,9.687500,9.750000,1.089692,207400,-,0.968444,1.082435,1.099327,1.084802,1028200.0
03/08/1989,9.687500,9.750000,9.625000,9.687500,1.082707,363800,-,0.967055,1.081941,1.100077,1.087596,1039428.0
03/07/1989,9.687500,9.750000,9.687500,9.687500,1.082707,381000,-,0.965672,1.081587,1.101176,1.091089,1054476.0
03/06/1989,9.687500,9.750000,9.625000,9.750000,1.089692,234600,-,0.964318,1.081100,1.101613,1.095280,1060112.0
03/03/1989,9.625000,9.750000,9.562500,9.687500,1.082707,257000,-,0.962930,1.080210,1.101371,1.098772,1062724.0
03/02/1989,9.562500,9.687500,9.562500,9.687500,1.082707,342800,-,0.961493,1.079591,1.101147,1.102265,1062924.0
03/01/1989,9.750000,9.812500,9.562500,9.562500,1.068736,551600,-,0.960085,1.078972,1.100593,1.105757,1063804.0
02/28/1989,9.750000,9.750000,9.625000,9.750000,1.089692,1183400,-,0.958746,1.078104,1.100737,1.108691,1068156.0
02/27/1989,9.812500,9.812500,9.687500,9.750000,1.089692,576200,-,0.957247,1.076816,1.100163,1.110191,1051452.0
02/24/1989,9.937500,9.937500,9.750000,9.750000,1.089692,958400,-,0.955721,1.075661,1.099921,1.112352,1049500.0
02/23/1989,10.000000,10.062500,9.937500,10.000000,1.117632,374400,-,0.954167,1.074505,1.099348,1.113852,1053452.0
02/22/1989,10.062500,10.125000,10.000000,10.000000,1.117632,396000,-,0.952501,1.072923,1.097047,1.112557,1052236.0
02/21/1989,10.062500,10.125000,10.062500,10.062500,1.124617,1272400,-,0.950807,1.071474,1.095077,1.111263,1054380.0
02/17/1989,10.000000,10.125000,10.000000,10.062500,1.124617,1445400,-,0.949023,1.069620,1.091765,1.107947,1033656.0
02/16/1989,10.000000,10.062500,10.000000,10.000000,1.117632,301800,-,0.947239,1.068031,1.089115,1.103970,1011248.0
02/15/1989,10.187500,10.187500,10.000000,10.000000,1.117632,1057600,-,0.945463,1.066581,1.087145,1.100030,1017252.0
02/14/1989,10.500000,10.500000,10.375000,10.375000,1.098074,3091200,-,0.943714,1.064867,1.084844,1.095428,1032936.0
02/13/1989,10.375000,10.500000,10.375000,10.437500,1.104689,1324200,-,0.942035,1.063544,1.083521,1.092782,979880.0
02/10/1989,10.437500,10.562500,10.375000,10.500000,1.111304,893000,-,0.940379,1.062089,1.081868,1.090136,961968.0
02/09/1989,10.437500,10.562500,10.375000,10.437500,1.104689,21215600,-,0.938717,1.060634,1.079883,1.087490,950324.0
02/08/1989,10.437500,10.562500,10.375000,10.437500,1.104689,921600,-,0.937115,1.059178,1.078229,1.084844,531788.0
02/07/1989,10.375000,10.500000,10.312500,10.437500,1.104689,1658400,-,0.935541,1.057723,1.075914,1.081537,537932.0
02/06/1989,10.250000,10.375000,10.250000,10.312500,1.091459,374400,-,0.933940,1.056268,1.073599,1.078891,509812.0
02/03/1989,10.250000,10.312500,10.187500,10.250000,1.084844,419200,-,0.932405,1.055077,1.071945,1.075583,508280.0
02/02/1989,10.125000,10.250000,10.062500,10.187500,1.078229,774600,-,0.930737,1.054151,1.070622,1.074260,509608.0
02/01/1989,10.062500,10.125000,10.062500,10.125000,1.071615,462600,-,0.929102,1.053225,1.069961,1.074260,515180.0
01/31/1989,10.187500,10.250000,10.062500,10.125000,1.071615,620600,-,0.927556,1.052299,1.069299,1.074260,513360.0
01/30/1989,10.250000,10.250000,10.187500,10.187500,1.078229,603600,-,0.926037,1.051373,1.067976,1.074260,518900.0
01/27/1989,10.187500,10.250000,10.125000,10.250000,1.084844,354000,-,0.924568,1.050447,1.066984,1.073599,515248.0
01/26/1989,10.125000,10.250000,10.125000,10.187500,1.078229,376200,-,0.922955,1.049521,1.065992,1.072276,515712.0
01/25/1989,10.187500,10.187500,10.125000,10.125000,1.071615,206400,-,0.921652,1.048595,1.064338,1.071615,546500.0
01/24/1989,10.062500,10.187500,10.000000,10.187500,1.078229,546200,-,0.920465,1.047801,1.064007,1.070291,550448.0
01/23/1989,10.250000,10.250000,10.000000,10.000000,1.058384,581200,-,0.919216,1.047139,1.063346,1.068307,614112.0
01/20/1989,10.125000,10.187500,10.062500,10.125000,1.071615,377600,-,0.918123,1.046610,1.063346,1.068307,645940.0
01/19/1989,10.187500,10.187500,10.125000,10.187500,1.078229,534200,-,0.916935,1.045446,1.062023,1.066984,852212.0
01/18/1989,10.125000,10.125000,10.000000,10.125000,1.071615,670200,-,0.915743,1.044149,1.060700,1.065661,876932.0
01/17/1989,10.125000,10.125000,10.062500,10.125000,1.071615,301800,-,0.914472,1.042860,1.059707,1.064338,875156.0
01/16/1989,10.062500,10.125000,10.000000,10.125000,1.071615,348600,-,0.913174,1.041446,1.057392,1.061692,881980.0
01/13/1989,10.062500,10.125000,10.000000,10.125000,1.071615,1239000,-,0.911904,1.040031,1.055077,1.060369,888184.0
01/12/1989,10.000000,10.125000,9.937500,10.125000,1.071615,342800,-,0.910634,1.038492,1.053092,1.059707,869084.0
01/11/1989,10.062500,10.125000,9.937500,10.000000,1.058384,367000,-,0.909446,1.036952,1.051108,1.057061,872952.0
01/10/1989,10.000000,10.125000,10.000000,10.000000,1.058384,567400,-,0.908325,1.035802,1.050116,1.057723,873896.0
01/09/1989,10.000000,10.125000,10.000000,10.000000,1.058384,246200,-,0.907149,1.034652,1.049454,1.058384,880348.0
01/06/1989,10.000000,10.125000,10.000000,10.000000,1.058384,205200,-,0.906055,1.033252,1.048131,1.058384,892032.0
01/05/1989,10.000000,10.125000,10.000000,10.062500,1.064999,282400,-,0.904989,1.031727,1.047470,1.057061,903924.0
01/04/1989,10.000000,10.062500,9.875000,10.000000,1.058384,357800,-,0.903890,1.030195,1.046478,1.055738,926532.0
01/03/1989,9.937500,10.000000,9.812500,9.875000,1.045155,376800,-,0.902824,1.028920,1.045155,1.055077,965804.0
12/30/1988,9.937500,10.062500,9.937500,10.000000,1.058384,292200,-,0.901879,1.028285,1.044493,1.053093,970804.0
12/29/1988,9.812500,10.062500,9.812500,10.062500,1.064999,299800,-,0.900841,1.027010,1.043170,1.049785,1013144.0
12/28/1988,10.125000,10.125000,9.875000,9.875000,1.045155,274200,-,0.899797,1.025477,1.041847,1.046478,1016520.0
12/27/1988,10.062500,10.125000,10.000000,10.062500,1.064999,768800,-,0.898853,1.024217,1.041186,1.045155,1036604.0
12/23/1988,10.000000,10.062500,10.000000,10.062500,1.064999,1116200,-,0.897781,1.022309,1.039532,1.042509,1031976.0
12/22/1988,9.937500,10.062500,9.875000,10.000000,1.058384,662800,-,0.896682,1.020401,1.037878,1.040524,1019356.0
12/21/1988,9.937500,10.000000,9.875000,9.875000,1.045155,365200,-,0.895616,1.018501,1.036556,1.037879,1016232.0
12/20/1988,9.937500,10.000000,9.875000,9.937500,1.051770,267000,-,0.894644,1.017115,1.036225,1.037879,1018936.0
12/19/1988,9.687500,9.937500,9.687500,9.937500,1.051770,386800,-,0.893666,1.015722,1.035233,1.037217,1021072.0
12/16/1988,9.750000,9.750000,9.687500,9.687500,1.025310,769200,-,0.892605,1.014455,1.033910,1.035233,1038892.0
12/15/1988,9.750000,9.812500,9.687500,9.687500,1.025310,348200,-,0.891594,1.013591,1.033910,1.035894,1057084.0
12/14/1988,9.687500,9.750000,9.625000,9.750000,1.031925,478600,-,0.890556,1.012227,1.034240,1.036556,1076744.0
12/13/1988,9.875000,9.875000,9.687500,9.750000,1.031925,1156000,-,0.889456,1.010355,1.034571,1.037217,1081020.0
12/12/1988,9.875000,9.937500,9.812500,9.812500,1.038540,313600,-,0.888357,1.008358,1.034571,1.037217,1067324.0
12/09/1988,9.750000,9.875000,9.750000,9.875000,1.045155,503200,-,0.887307,1.006229,1.034240,1.036556,1093800.0
12/08/1988,9.812500,9.875000,9.750000,9.750000,1.031925,236200,-,0.886175,1.004092,1.034240,1.035233,1111632.0
12/07/1988,9.812500,9.875000,9.812500,9.875000,1.045155,325000,-,0.885082,1.001595,1.034240,1.035233,1163108.0
12/06/1988,9.812500,9.875000,9.750000,9.875000,1.045155,602000,-,0.883976,0.998833,1.032653,1.034571,1172032.0
12/05/1988,9.812500,9.875000,9.750000,9.750000,1.031925,1841800,-,0.882896,0.996071,1.031065,1.033248,1180392.0
12/02/1988,9.750000,9.812500,9.687500,9.750000,1.031925,438400,-,0.881881,0.993699,1.029826,1.032587,1153064.0
12/01/1988,9.812500,9.812500,9.687500,9.750000,1.031925,428600,-,0.880841,0.991202,1.028275,1.031925,1150464.0
11/30/1988,9.750000,9.812500,9.750000,9.812500,1.038540,310800,-,0.879775,0.988704,1.026723,1.031925,1145968.0
11/29/1988,9.750000,9.812500,9.750000,9.750000,1.031925,288800,-,0.878702,0.985950,1.024528,1.031925,1148232.0
11/28/1988,9.750000,9.812500,9.687500,9.750000,1.031925,1228800,-,0.877557,0.983327,1.022663,1.031925,1145792.0
11/25/1988,9.687500,9.750000,9.687500,9.750000,1.031925,252400,-,0.876361,0.980955,1.021112,1.031925,1157756.0
11/23/1988,9.750000,9.812500,9.750000,9.750000,1.031925,297800,-,0.875320,0.978333,1.019560,1.033248,1158500.0
11/22/1988,9.687500,9.812500,9.687500,9.812500,1.038540,485600,-,0.874463,0.975710,1.017383,1.033248,1157904.0
11/21/1988,9.562500,9.750000,9.562500,9.750000,1.031925,1053200,-,0.873520,0.972955,1.014562,1.030734,1154104.0
11/18/1988,9.687500,9.750000,9.625000,9.687500,1.025310,371600,-,0.872584,0.970458,1.012385,1.028882,1137812.0
11/17/1988,9.750000,9.750000,9.625000,9.687500,1.025310,897600,-,0.871707,0.968093,1.010851,1.027066,1140332.0
11/16/1988,9.750000,9.812500,9.687500,9.750000,1.031925,421000,-,0.870804,0.965603,1.010256,1.024624,1127572.0
11/15/1988,9.687500,9.812500,9.687500,9.812500,1.038540,377200,-,0.869842,0.962980,1.008391,1.021521,1125508.0
11/14/1988,9.812500,9.812500,9.687500,9.750000,1.031925,1915600,-,0.869003,0.960226,1.005883,1.017130,1125620.0
11/11/1988,9.812500,9.875000,9.687500,9.750000,1.031925,403800,-,0.868224,0.957603,1.003393,1.013401,1093608.0
11/10/1988,9.812500,9.875000,9.812500,9.875000,1.045155,3729400,-,0.867470,0.954731,1.000278,1.010298,1101312.0
11/09/1988,9.812500,9.875000,9.687500,9.750000,1.031925,2172600,-,0.866573,0.951718,0.996501,1.005872,1033604.0
11/08/1988,10.062500,10.125000,10.062500,10.125000,1.013403,10691200,-,0.865663,0.948971,0.993073,1.001518,999024.0
11/07/1988,10.062500,10.125000,10.000000,10.125000,1.013403,1770200,-,0.864846,0.946594,0.991196,0.998390,789940.0
11/04/1988,10.000000,10.125000,10.000000,10.062500,1.007148,581400,-,0.864054,0.944217,0.989632,0.995888,757280.0
11/03/1988,10.000000,10.125000,10.000000,10.000000,1.000892,643000,-,0.863216,0.941965,0.988694,0.994636,754996.0
11/02/1988,9.937500,10.125000,9.937500,10.000000,1.000892,658800,-,0.862383,0.939963,0.987755,0.995888,748828.0
11/01/1988,9.937500,10.000000,9.937500,9.937500,0.994636,284000,-,0.861524,0.937711,0.985566,0.995262,745968.0
10/31/1988,10.000000,10.062500,9.937500,9.937500,0.994636,536200,-,0.860697,0.935584,0.982751,0.994636,1151752.0
10/28/1988,9.937500,10.062500,9.875000,10.000000,1.000892,414200,-,0.859895,0.933582,0.979623,0.993385,1194572.0
10/27/1988,9.937500,10.000000,9.875000,10.000000,1.000892,890000,-,0.858984,0.931330,0.976183,0.990258,1205452.0
10/26/1988,9.875000,9.937500,9.812500,9.875000,0.988381,830400,-,0.858021,0.928728,0.973055,0.987130,2824420.0
10/25/1988,9.812500,9.875000,9.750000,9.812500,0.982125,799800,-,0.857094,0.926140,0.968989,0.984628,3320216.0
10/24/1988,9.812500,9.875000,9.750000,9.875000,0.988381,1412800,-,0.856120,0.923560,0.965235,0.984002,3310668.0
10/21/1988,10.062500,10.125000,9.687500,9.937500,0.994636,2321400,-,0.855115,0.920855,0.961169,0.983376,3289824.0
10/20/1988,10.000000,10.125000,9.937500,10.125000,1.013403,626800,-,0.854001,0.918025,0.957103,0.982751,3286328.0
10/19/1988,9.937500,10.062500,9.875000,9.937500,0.994636,2409200,-,0.853001,0.914819,0.951786,0.979623,3288384.0
10/18/1988,9.812500,9.875000,9.750000,9.875000,0.988381,468600,-,0.852043,0.911871,0.947407,0.975870,3270864.0
10/17/1988,9.750000,9.875000,9.687500,9.812500,0.982125,1278400,-,0.851090,0.909402,0.943028,0.970865,3272496.0
10/14/1988,9.750000,9.812500,9.687500,9.687500,0.969615,537400,-,0.850090,0.907175,0.938962,0.965861,3252348.0
10/13/1988,9.562500,9.750000,9.500000,9.687500,0.969615,485200,-,0.849101,0.905316,0.936147,0.962108,3249676.0
10/12/1988,9.625000,9.625000,9.500000,9.625000,0.963359,506600,-,0.848085,0.903457,0.932706,0.958980,3249120.0
10/11/1988,9.750000,9.812500,9.687500,9.750000,0.975869,500400,-,0.847101,0.901723,0.929579,0.953350,3248804.0
10/10/1988,9.812500,9.875000,9.750000,9.812500,0.982125,373800,-,0.846081,0.899856,0.925825,0.946469,3244888.0
10/07/1988,9.750000,9.937500,9.750000,9.875000,0.988381,1277800,-,0.845002,0.897747,0.922072,0.938962,3248424.0
10/06/1988,9.562500,9.812500,9.500000,9.812500,0.982125,1678800,-,0.843893,0.895159,0.918006,0.931455,3233452.0
10/05/1988,9.375000,9.562500,9.312500,9.562500,0.957103,1331200,-,0.842815,0.892462,0.913940,0.923949,3216120.0
10/04/1988,9.312500,9.437500,9.312500,9.375000,0.938336,692400,-,0.841914,0.890500,0.911125,0.918944,3197380.0
10/03/1988,9.250000,9.375000,9.250000,9.312500,0.932081,471200,-,0.841134,0.888795,0.909248,0.915191,3191868.0
09/30/1988,9.312500,9.500000,9.250000,9.312500,0.932081,1637400,-,0.840332,0.887334,0.907684,0.912063,3189820.0
09/29/1988,9.125000,9.375000,9.062500,9.375000,0.938336,1394800,-,0.839582,0.885873,0.905495,0.910186,3163824.0
09/28/1988,9.062500,9.125000,9.000000,9.062500,0.907059,2810000,-,0.838801,0.884286,0.903305,0.906433,3151188.0
09/27/1988,9.062500,9.125000,9.000000,9.062500,0.907059,771200,-,0.838177,0.883443,0.902680,0.905807,3102280.0
09/26/1988,9.125000,9.125000,9.000000,9.062500,0.907059,1020000,-,0.837526,0.882599,0.902054,0.905182,3093052.0
09/23/1988,9.062500,9.125000,9.000000,9.125000,0.913314,475400,-,0.836850,0.881874,0.901428,0.905182,3082232.0
09/22/1988,9.062500,9.125000,9.000000,9.062500,0.907059,308400,-,0.836194,0.881023,0.900490,0.904556,3079524.0
09/21/1988,9.000000,9.062500,9.000000,9.062500,0.907059,203800,-,0.835596,0.880180,0.900177,0.903931,3080628.0
09/20/1988,9.000000,9.062500,9.000000,9.000000,0.900803,424000,-,0.834971,0.879219,0.899239,0.903305,3082732.0
09/19/1988,9.125000,9.125000,9.000000,9.000000,0.900803,166800,-,0.834326,0.878618,0.898613,0.903305,3083584.0
09/16/1988,9.000000,9.125000,9.000000,9.125000,0.913314,1827000,-,0.833759,0.877782,0.898300,0.903305,3087216.0
09/15/1988,9.000000,9.062500,8.937500,9.000000,0.900803,289600,-,0.833207,0.876814,0.897049,0.900803,3061308.0
09/14/1988,9.062500,9.062500,8.937500,9.000000,0.900803,268000,-,0.832718,0.876096,0.895548,0.900177,3069124.0
09/13/1988,9.000000,9.062500,8.937500,9.000000,0.900803,295600,-,0.832203,0.875848,0.893458,0.899552,3076656.0
09/12/1988,9.062500,9.125000,9.000000,9.062500,0.907059,238600,-,0.831767,0.875483,0.891074,0.898926,3079780.0
09/09/1988,9.000000,9.062500,8.875000,9.062500,0.907059,497600,-,0.831299,0.874993,0.888378,0.897675,3081360.0
09/08/1988,8.937500,9.000000,8.875000,9.000000,0.900803,259600,-,0.830857,0.874267,0.885681,0.896424,3076420.0
09/07/1988,9.062500,9.062500,8.937500,9.000000,0.900803,317800,-,0.830420,0.873902,0.883297,0.896424,3077660.0
09/06/1988,9.000000,9.000000,8.937500,9.000000,0.900803,382800,-,0.830009,0.873301,0.880619,0.895173,3080684.0
09/02/1988,8.937500,9.000000,8.875000,9.000000,0.900803,315000,-,0.829520,0.872936,0.878824,0.893921,3083796.0
09/01/1988,8.937500,9.000000,8.812500,8.875000,0.888291,789000,-,0.829031,0.872571,0.877322,0.893296,3084276.0
08/31/1988,9.000000,9.000000,8.875000,8.937500,0.894547,344000,-,0.828579,0.872574,0.876741,0.893296,3090904.0
08/30/1988,9.000000,9.000000,8.875000,8.937500,0.894547,443600,-,0.828174,0.871981,0.875846,0.890919,3094636.0
08/29/1988,9.000000,9.000000,8.937500,8.937500,0.894547,237000,-,0.827768,0.871270,0.874952,0.887365,3090468.0
08/26/1988,8.937500,9.000000,8.875000,8.937500,0.894547,137200,-,0.827363,0.870794,0.874352,0.883223,3104900.0
08/25/1988,8.875000,9.000000,8.562500,8.937500,0.894547,467200,-,0.826957,0.870084,0.873457,0.879081,3117968.0
08/24/1988,8.937500,9.000000,8.875000,9.000000,0.900803,334600,-,0.826526,0.869608,0.871681,0.874938,3115208.0
08/23/1988,8.875000,8.937500,8.875000,8.875000,0.888291,515800,-,0.826037,0.869008,0.869002,0.870171,3131808.0
08/22/1988,8.937500,9.000000,8.875000,8.875000,0.888291,20573200,-,0.825663,0.868422,0.867538,0.866066,3138512.0
08/19/1988,8.937500,8.937500,8.875000,8.937500,0.894547,2677200,-,0.825288,0.867601,0.865780,0.863726,2734428.0
08/18/1988,8.937500,8.937500,8.812500,8.875000,0.888291,958200,-,0.824836,0.866537,0.864003,0.861349,2695320.0
08/17/1988,9.125000,9.250000,9.062500,9.250000,0.870776,81838400,-,0.824316,0.865716,0.862539,0.860186,2689632.0
08/16/1988,9.125000,9.125000,9.000000,9.125000,0.859009,25620200,-,0.823884,0.865010,0.861951,0.860774,1059252.0
08/15/1988,9.000000,9.125000,9.000000,9.062500,0.853125,322400,-,0.823461,0.864422,0.862245,0.862539,552696.0
08/12/1988,9.062500,9.062500,9.000000,9.062500,0.853125,370600,-,0.822945,0.864069,0.862833,0.865481,554324.0
08/11/1988,9.125000,9.125000,9.000000,9.062500,0.853125,2146600,-,0.822305,0.863716,0.863716,0.867834,553752.0
08/10/1988,9.125000,9.125000,9.000000,9.062500,0.853125,729600,-,0.821763,0.863480,0.864598,0.868423,524360.0
08/09/1988,9.125000,9.187500,9.000000,9.000000,0.847242,1533200,-,0.821247,0.862892,0.865187,0.867834,524480.0
08/08/1988,9.187500,9.312500,9.125000,9.187500,0.864893,550200,-,0.820908,0.862186,0.865775,0.869011,497940.0
08/05/1988,9.250000,9.312500,9.187500,9.250000,0.870776,271000,-,0.820505,0.861127,0.866069,0.867834,492700.0
08/04/1988,9.375000,9.375000,9.250000,9.312500,0.876660,403800,-,0.820147,0.859950,0.865481,0.866658,496028.0
08/03/1988,9.312500,9.437500,9.312500,9.312500,0.876660,457400,-,0.819364,0.858656,0.864893,0.864892,501268.0
08/02/1988,9.375000,9.437500,9.250000,9.312500,0.876660,490800,-,0.818459,0.857244,0.864304,0.863127,498860.0
08/01/1988,9.375000,9.500000,9.312500,9.375000,0.882543,304600,-,0.817899,0.855949,0.864893,0.861951,555068.0
07/29/1988,9.125000,9.375000,9.062500,9.312500,0.876660,550600,-,0.817432,0.854537,0.864893,0.860186,616484.0
07/28/1988,9.125000,9.187500,9.062500,9.125000,0.859009,529200,-,0.817020,0.852913,0.865187,0.859597,3190092.0
07/27/1988,9.125000,9.125000,9.000000,9.000000,0.847242,812200,-,0.816770,0.851753,0.865775,0.860774,3189588.0
07/26/1988,9.125000,9.125000,9.062500,9.125000,0.859009,394200,-,0.816480,0.850828,0.867540,0.862539,3184000.0
07/25/1988,9.125000,9.125000,9.000000,9.062500,0.853125,416800,-,0.816156,0.849447,0.868129,0.862539,3181032.0
07/22/1988,9.125000,9.187500,9.062500,9.125000,0.859009,368800,-,0.815911,0.848073,0.869599,0.864304,3177272.0
07/21/1988,9.125000,9.187500,9.062500,9.125000,0.859009,337600,-,0.815636,0.846470,0.870776,0.864304,3176732.0
07/20/1988,9.250000,9.250000,9.125000,9.125000,0.859009,763000,-,0.815337,0.844978,0.872247,0.864893,3178156.0
07/19/1988,9.250000,9.250000,9.125000,9.187500,0.864893,364600,-,0.815062,0.843376,0.872541,0.865481,3168172.0
07/18/1988,9.250000,9.250000,9.125000,9.187500,0.864893,309800,-,0.814758,0.841435,0.872247,0.867835,3168724.0
07/15/1988,9.250000,9.250000,9.125000,9.250000,0.870776,479000,-,0.814454,0.839494,0.872541,0.869600,3170088.0
07/14/1988,9.187500,9.250000,9.125000,9.250000,0.870776,340000,-,0.814095,0.837325,0.871953,0.870776,3168736.0
07/13/1988,9.187500,9.312500,9.125000,9.187500,0.864893,363600,-,0.813762,0.835266,0.871953,0.870776,3171768.0
07/12/1988,9.187500,9.250000,9.062500,9.125000,0.859009,309000,-,0.813507,0.833215,0.872247,0.872541,3180516.0
07/11/1988,9.250000,9.312500,9.125000,9.250000,0.870776,466600,-,0.813232,0.831502,0.872247,0.873718,3183156.0
07/08/1988,9.125000,9.250000,9.062500,9.125000,0.859009,348400,-,0.812899,0.829665,0.871070,0.874895,3181004.0
07/07/1988,9.187500,9.250000,9.125000,9.187500,0.864893,531600,-,0.812649,0.828173,0.870188,0.877248,3183636.0
07/06/1988,9.437500,9.500000,9.062500,9.187500,0.864893,680400,-,0.812369,0.826674,0.869305,0.879601,3184220.0
07/05/1988,9.250000,9.437500,9.187500,9.437500,0.888427,644600,-,0.811991,0.825064,0.867834,0.879601,3181984.0
07/01/1988,9.375000,9.437500,9.250000,9.375000,0.882543,451800,-,0.811520,0.822984,0.864893,0.876660,3186812.0
06/30/1988,9.250000,9.375000,9.187500,9.375000,0.882543,317600,-,0.811078,0.820359,0.862539,0.875483,3197040.0
06/29/1988,9.312500,9.375000,9.187500,9.250000,0.870776,250600,-,0.810637,0.817733,0.860186,0.873130,3210688.0
06/28/1988,9.250000,9.375000,9.187500,9.375000,0.882543,321600,-,0.810229,0.815564,0.858715,0.873130,3224544.0
06/27/1988,9.375000,9.375000,9.187500,9.250000,0.870776,469000,-,0.809812,0.813270,0.855773,0.871953,3236540.0
06/24/1988,9.437500,9.437500,9.312500,9.375000,0.882543,538400,-,0.809478,0.811543,0.852831,0.870776,3267560.0
06/23/1988,9.375000,9.500000,9.375000,9.375000,0.882543,339000,-,0.809135,0.809139,0.849301,0.867246,3319992.0
06/22/1988,9.250000,9.500000,9.187500,9.437500,0.888427,1120400,-,0.808866,0.807839,0.845771,0.863128,3325868.0
06/21/1988,9.125000,9.187500,9.062500,9.187500,0.864893,530600,-,0.808592,0.806753,0.841946,0.859009,3313456.0
06/20/1988,9.125000,9.187500,9.062500,9.125000,0.859009,235200,-,0.808436,0.806028,0.839005,0.856067,3309128.0
06/17/1988,9.250000,9.250000,9.125000,9.250000,0.870776,958600,-,0.808359,0.805641,0.836651,0.853125,3311456.0
06/16/1988,9.187500,9.250000,9.125000,9.125000,0.859009,790600,-,0.808173,0.804908,0.833709,0.849595,3301124.0
06/15/1988,9.250000,9.312500,9.125000,9.250000,0.870776,329200,-,0.808022,0.804521,0.830532,0.847242,3296588.0
06/14/1988,9.250000,9.375000,9.000000,9.250000,0.870776,1164600,-,0.807861,0.803456,0.827043,0.844300,3300284.0
06/13/1988,9.000000,9.187500,8.937500,9.125000,0.859009,851000,-,0.807676,0.802282,0.823553,0.839593,3301144.0
06/10/1988,9.062500,9.125000,9.000000,9.000000,0.847242,369000,-,0.807598,0.801453,0.820100,0.834886,3296368.0
06/09/1988,8.937500,9.062500,8.937500,8.937500,0.841358,721800,-,0.807654,0.800859,0.816959,0.831356,3295248.0
06/08/1988,8.875000,9.000000,8.812500,9.000000,0.847242,673800,-,0.807738,0.800715,0.813836,0.828414,3286712.0
06/07/1988,8.875000,8.937500,8.750000,8.875000,0.835474,319400,-,0.807794,0.800452,0.810694,0.824884,3281236.0
06/06/1988,8.875000,8.937500,8.812500,8.812500,0.829591,292400,-,0.807933,0.800205,0.807865,0.821942,3291488.0
06/03/1988,8.875000,8.937500,8.812500,8.875000,0.835474,403800,-,0.808126,0.800406,0.804778,0.820177,3294916.0
06/02/1988,8.875000,8.937500,8.750000,8.875000,0.835474,342000,-,0.808196,0.800600,0.801397,0.817823,3293552.0
06/01/1988,8.812500,8.937500,8.750000,8.937500,0.841358,677000,-,0.808336,0.800794,0.797739,0.813823,3294092.0
05/31/1988,8.625000,8.750000,8.562500,8.750000,0.823707,735600,-,0.808470,0.800871,0.794063,0.809786,3286020.0
05/27/1988,8.687500,8.687500,8.562500,8.625000,0.811940,206200,-,0.808693,0.801521,0.790994,0.807514,3289284.0
05/26/1988,8.625000,8.687500,8.625000,8.625000,0.811940,288200,-,0.808998,0.802297,0.789066,0.805314,3296648.0
05/25/1988,8.625000,8.750000,8.625000,8.625000,0.811940,437400,-,0.809232,0.803182,0.787413,0.802562,3300888.0
05/24/1988,8.562500,8.625000,8.500000,8.625000,0.811940,665800,-,0.809490,0.804068,0.786037,0.799257,3299000.0
05/23/1988,8.562500,8.625000,8.500000,8.562500,0.806056,337000,-,0.809701,0.804844,0.784937,0.796505,3292468.0
05/20/1988,8.625000,8.750000,8.500000,8.625000,0.811940,3301200,-,0.809871,0.805626,0.783855,0.793789,3293836.0
05/19/1988,8.687500,8.687500,8.500000,8.625000,0.811940,3375400,-,0.809941,0.806291,0.782479,0.789379,3256848.0
05/18/1988,9.062500,9.062500,8.937500,9.000000,0.795466,129231000,-,0.810012,0.807066,0.779446,0.784970,3201720.0
05/17/1988,9.187500,9.187500,9.000000,9.062500,0.800990,504000,-,0.810164,0.808282,0.777236,0.781656,633392.0
05/16/1988,8.937500,9.125000,8.937500,9.062500,0.800990,532800,-,0.810266,0.809055,0.775303,0.778341,638076.0
05/13/1988,8.937500,9.000000,8.875000,8.937500,0.789942,245800,-,0.810414,0.809497,0.773646,0.774474,638220.0
05/12/1988,8.812500,8.937500,8.812500,8.875000,0.784418,228800,-,0.810618,0.810049,0.773369,0.772817,688504.0
05/11/1988,8.875000,8.875000,8.750000,8.812500,0.778894,341800,-,0.810873,0.810602,0.772265,0.772265,704088.0
05/10/1988,8.875000,8.937500,8.812500,8.875000,0.784418,408800,-,0.811155,0.811265,0.774198,0.772817,742052.0
05/09/1988,8.687500,8.875000,8.625000,8.812500,0.778894,263800,-,0.811386,0.812149,0.776684,0.773370,992428.0
05/06/1988,8.625000,8.812500,8.625000,8.687500,0.767845,392200,-,0.811622,0.812944,0.779170,0.773922,1835820.0
05/05/1988,8.687500,8.687500,8.625000,8.687500,0.767845,378000,-,0.811889,0.813856,0.782760,0.775579,1861192.0
05/04/1988,8.625000,8.750000,8.562500,8.625000,0.762322,411400,-,0.812203,0.814977,0.786075,0.773922,2065256.0
05/03/1988,8.625000,8.687500,8.437500,8.687500,0.767845,491600,-,0.812498,0.816312,0.789942,0.772817,2399356.0
05/02/1988,8.750000,8.812500,8.562500,8.625000,0.762322,801000,-,0.812789,0.817537,0.792428,0.772265,2402312.0
04/29/1988,8.750000,8.812500,8.625000,8.750000,0.773370,441000,-,0.813130,0.818769,0.794913,0.772817,2403344.0
04/28/1988,8.937500,8.937500,8.750000,8.812500,0.778894,359000,-,0.813370,0.819674,0.797123,0.773922,2402932.0
04/27/1988,8.937500,9.000000,8.812500,8.875000,0.784418,480000,-,0.813559,0.820574,0.799056,0.772265,2429416.0
04/26/1988,8.875000,8.937500,8.812500,8.937500,0.789942,560800,-,0.813696,0.820946,0.801542,0.775579,2437240.0
04/25/1988,8.812500,8.875000,8.750000,8.875000,0.784418,568600,-,0.813806,0.820999,0.803752,0.779998,2460736.0
04/22/1988,8.562500,8.937500,8.500000,8.875000,0.784418,886000,-,0.813967,0.821789,0.805685,0.784418,2501196.0
04/21/1988,8.500000,8.687500,8.500000,8.500000,0.751273,963200,-,0.814104,0.823308,0.808447,0.789942,2612560.0
04/20/1988,8.562500,8.687500,8.500000,8.500000,0.751273,1000000,-,0.814407,0.825282,0.813143,0.798228,2599984.0
04/19/1988,8.750000,8.750000,8.562500,8.625000,0.762322,943400,-,0.814734,0.827151,0.817838,0.807066,2585956.0
04/18/1988,8.750000,8.812500,8.625000,8.687500,0.767845,921400,-,0.814935,0.828903,0.821981,0.812590,2572648.0
04/15/1988,8.625000,8.875000,8.500000,8.875000,0.784418,2020000,-,0.815155,0.830441,0.826401,0.817010,2564620.0
04/14/1988,9.125000,9.187500,8.437500,8.625000,0.762322,3160000,-,0.815246,0.831544,0.829715,0.820324,2559464.0
04/13/1988,9.437500,9.500000,9.187500,9.250000,0.817562,632800,-,0.815400,0.833713,0.834410,0.825848,2522364.0
04/12/1988,9.375000,9.500000,9.375000,9.437500,0.834134,499800,-,0.815348,0.834883,0.836344,0.827505,2521788.0
04/11/1988,9.437500,9.500000,9.250000,9.375000,0.828610,314200,-,0.815213,0.835825,0.837173,0.827505,2553392.0
04/08/1988,9.375000,9.500000,9.250000,9.500000,0.839658,351600,-,0.815130,0.836564,0.838001,0.826953,2561804.0
04/07/1988,9.500000,9.562500,9.375000,9.437500,0.834134,442000,-,0.814991,0.836770,0.838277,0.826953,2566580.0
04/06/1988,9.250000,9.500000,9.250000,9.500000,0.839658,563800,-,0.814903,0.837087,0.839106,0.828058,2564512.0
04/05/1988,9.250000,9.312500,9.187500,9.250000,0.817562,514000,-,0.814788,0.837397,0.839935,0.828610,2570092.0
04/04/1988,9.250000,9.312500,9.187500,9.187500,0.812038,1207600,-,0.814713,0.837836,0.841039,0.831372,2571552.0
03/31/1988,9.250000,9.375000,9.187500,9.250000,0.817562,612200,-,0.814665,0.838282,0.841592,0.835792,2555792.0
03/30/1988,9.437500,9.437500,9.250000,9.250000,0.817562,313000,-,0.814567,0.838512,0.841592,0.839106,2551328.0
03/29/1988,9.437500,9.500000,9.375000,9.437500,0.834134,295000,-,0.814491,0.838743,0.841316,0.842973,2562080.0
03/28/1988,9.375000,9.437500,9.312500,9.437500,0.834134,400000,-,0.814333,0.838746,0.840211,0.845183,2567016.0
03/25/1988,9.500000,9.562500,9.312500,9.312500,0.823087,832000,-,0.814175,0.838437,0.839935,0.846840,2567968.0
03/24/1988,9.562500,9.625000,9.437500,9.500000,0.839658,463800,-,0.813908,0.838140,0.839714,0.849049,2560072.0
03/23/1988,9.562500,9.625000,9.562500,9.562500,0.845183,335600,-,0.813605,0.837407,0.838403,0.849602,2559288.0
03/22/1988,9.625000,9.687500,9.562500,9.562500,0.845183,369000,-,0.813228,0.836251,0.837338,0.850154,2561608.0
03/21/1988,9.625000,9.687500,9.500000,9.562500,0.845183,273400,-,0.812920,0.835095,0.836534,0.851259,2563388.0
03/18/1988,9.750000,9.750000,9.562500,9.687500,0.856231,898800,-,0.812566,0.833626,0.835730,0.850707,2567120.0
03/17/1988,9.687500,9.687500,9.562500,9.625000,0.850707,574400,-,0.812157,0.832771,0.834112,0.847392,2554920.0
03/16/1988,9.687500,9.750000,9.625000,9.687500,0.856231,500200,-,0.811752,0.831817,0.832510,0.844078,2550272.0
03/15/1988,9.625000,9.687500,9.625000,9.687500,0.856231,343000,-,0.811272,0.830649,0.830893,0.839658,2550628.0
03/14/1988,9.562500,9.687500,9.562500,9.625000,0.850707,339200,-,0.810769,0.829167,0.828232,0.835239,2566084.0
03/11/1988,9.562500,9.625000,9.500000,9.562500,0.845183,405400,-,0.810293,0.827588,0.825327,0.833030,2576032.0
03/10/1988,9.687500,9.687500,9.500000,9.562500,0.845183,1451800,-,0.809869,0.826015,0.824262,0.830378,2578004.0
03/09/1988,9.687500,9.687500,9.625000,9.625000,0.850707,619000,-,0.809421,0.824442,0.825022,0.827205,2556892.0
03/08/1988,9.625000,9.750000,9.625000,9.687500,0.856231,814600,-,0.808992,0.822862,0.824984,0.824522,2564428.0
03/07/1988,9.437500,9.562500,9.250000,9.500000,0.839658,738200,-,0.808489,0.821068,0.824409,0.821809,2551648.0
03/04/1988,9.312500,9.437500,9.250000,9.312500,0.823087,540000,-,0.808045,0.819605,0.824924,0.820753,2548684.0
03/03/1988,9.187500,9.312500,9.000000,9.250000,0.817562,2760000,-,0.807731,0.818474,0.826007,0.820832,2547644.0
03/02/1988,9.250000,9.312500,9.187500,9.187500,0.812038,1008000,-,0.807398,0.817662,0.827105,0.820943,2510144.0
03/01/1988,9.375000,9.437500,9.187500,9.187500,0.812038,2240000,-,0.807162,0.817064,0.830044,0.822127,2508908.0
02/29/1988,9.500000,9.500000,9.375000,9.375000,0.828610,12927600,-,0.806903,0.816258,0.833243,0.821225,2469640.0
02/26/1988,9.812500,9.875000,9.750000,9.812500,0.818667,42433400,-,0.806656,0.815330,0.835874,0.817624,2221764.0
02/25/1988,9.875000,9.937500,9.750000,9.750000,0.813452,1660800,-,0.806439,0.814600,0.838221,0.818145,1383520.0
02/24/1988,9.937500,9.937500,9.812500,9.875000,0.823881,10581200,-,0.806270,0.813974,0.840046,0.822838,1357740.0
02/23/1988,9.937500,9.937500,9.875000,9.937500,0.829095,17116400,-,0.806027,0.813035,0.841350,0.825445,1152208.0
02/22/1988,9.875000,9.937500,9.812500,9.937500,0.829095,639400,-,0.805714,0.811888,0.842653,0.827010,819368.0
02/19/1988,9.812500,9.875000,9.687500,9.875000,0.823881,852600,-,0.805445,0.810949,0.843175,0.829096,815436.0
02/18/1988,9.875000,9.875000,9.750000,9.812500,0.818667,420400,-,0.805247,0.810219,0.843696,0.831181,812496.0
02/17/1988,9.625000,9.937500,9.562500,9.875000,0.823881,1683200,-,0.805007,0.809489,0.844217,0.833267,813448.0
02/16/1988,9.437500,9.625000,9.375000,9.625000,0.803023,871200,-,0.804631,0.808447,0.844478,0.837960,789928.0
02/12/1988,9.812500,9.875000,9.250000,9.500000,0.792595,1735600,-,0.804314,0.808134,0.846043,0.845260,790604.0
02/11/1988,10.250000,10.312500,9.750000,9.875000,0.823881,2591600,-,0.804072,0.808342,0.847346,0.854125,761500.0
02/10/1988,10.187500,10.312500,10.125000,10.312500,0.860383,6454200,-,0.803695,0.807925,0.846564,0.858297,715020.0
02/09/1988,10.125000,10.187500,10.062500,10.187500,0.849953,334400,-,0.803069,0.806674,0.843696,0.857254,596864.0
02/08/1988,10.062500,10.187500,10.000000,10.125000,0.844739,298600,-,0.802473,0.805944,0.840567,0.857254,592504.0
02/05/1988,10.187500,10.187500,10.062500,10.187500,0.849953,278000,-,0.801925,0.805318,0.837699,0.858296,592212.0
02/04/1988,10.062500,10.187500,10.000000,10.125000,0.844739,520000,-,0.801463,0.804692,0.833789,0.857254,594064.0
02/03/1988,10.312500,10.375000,10.000000,10.062500,0.839524,1762200,-,0.800937,0.804066,0.832224,0.856211,590704.0
02/02/1988,10.437500,10.562500,10.375000,10.437500,0.870811,1305000,-,0.800572,0.803649,0.830399,0.855168,561240.0
02/01/1988,10.625000,10.625000,10.437500,10.500000,0.876025,604000,-,0.800005,0.802294,0.826749,0.850996,542564.0
01/29/1988,10.437500,10.625000,10.375000,10.562500,0.881240,2080000,-,0.799412,0.800834,0.822056,0.846825,538584.0
01/28/1988,10.250000,10.437500,10.250000,10.375000,0.865597,734800,-,0.798660,0.799165,0.816581,0.840567,502976.0
01/27/1988,10.250000,10.312500,10.187500,10.187500,0.849953,590400,-,0.797807,0.798122,0.811627,0.834832,494100.0
01/26/1988,10.250000,10.250000,10.125000,10.187500,0.849953,338600,-,0.797211,0.797392,0.807456,0.830139,493160.0
01/25/1988,10.125000,10.250000,10.062500,10.250000,0.855168,842800,-,0.796682,0.796662,0.803545,0.823881,495756.0
01/22/1988,10.125000,10.125000,10.062500,10.062500,0.839524,587000,-,0.796194,0.795828,0.799113,0.817102,488440.0
01/21/1988,10.062500,10.125000,10.000000,10.000000,0.834310,419600,-,0.795850,0.795202,0.795463,0.810324,485896.0
01/20/1988,9.937500,10.062500,9.625000,9.937500,0.829095,389000,-,0.795466,0.794576,0.792073,0.808238,506212.0
01/19/1988,10.000000,10.062500,9.875000,9.937500,0.829095,850600,-,0.795264,0.794263,0.789466,0.805631,871632.0
01/18/1988,9.812500,10.000000,9.750000,10.000000,0.834310,541800,-,0.795084,0.793950,0.787120,0.802502,1013820.0
01/15/1988,9.812500,9.875000,9.750000,9.812500,0.818667,447600,-,0.794878,0.793346,0.783991,0.797288,1464184.0
01/14/1988,9.687500,9.750000,9.625000,9.687500,0.808238,437200,-,0.794683,0.792659,0.782166,0.792595,1478684.0
01/13/1988,9.437500,9.750000,9.375000,9.625000,0.803023,424600,-,0.794541,0.792181,0.780862,0.788423,1500744.0
01/12/1988,9.500000,9.562500,9.250000,9.437500,0.787380,451600,-,0.794558,0.791610,0.779819,0.784773,1509204.0
01/11/1988,9.375000,9.500000,9.250000,9.437500,0.787380,458000,-,0.794721,0.790858,0.779298,0.783209,1518756.0
01/08/1988,9.687500,9.750000,9.250000,9.250000,0.771737,460000,-,0.794950,0.789613,0.778516,0.781123,1690396.0
01/07/1988,9.687500,9.750000,9.562500,9.750000,0.813452,288800,-,0.795280,0.789076,0.779037,0.780602,1696580.0
01/06/1988,9.625000,9.687500,9.562500,9.625000,0.803023,342000,-,0.795356,0.787803,0.777734,0.775909,1705100.0
01/05/1988,9.437500,9.625000,9.437500,9.562500,0.797809,518000,-,0.795463,0.787331,0.776691,0.773301,1720896.0
01/04/1988,9.250000,9.437500,9.250000,9.375000,0.782166,1115800,-,0.795573,0.787061,0.775387,0.771737,1726728.0
12/31/1987,9.125000,9.375000,9.062500,9.250000,0.771737,836600,-,0.795739,0.787401,0.775648,0.770694,1726264.0
12/30/1987,9.125000,9.250000,9.125000,9.187500,0.766523,504000,-,0.795957,0.786370,0.777212,0.771737,1744936.0
12/29/1987,9.187500,9.250000,9.125000,9.187500,0.766523,396200,-,0.796202,0.784950,0.779037,0.773301,1781376.0
12/28/1987,9.125000,9.312500,9.062500,9.250000,0.771737,995800,-,0.796424,0.784912,0.780602,0.774866,1816796.0
12/24/1987,9.250000,9.250000,9.125000,9.187500,0.766523,175600,-,0.796620,0.785263,0.782687,0.775387,1811332.0
12/23/1987,9.250000,9.312500,9.125000,9.187500,0.766523,590000,-,0.796842,0.785816,0.785034,0.775909,1819312.0
12/22/1987,9.312500,9.312500,9.125000,9.187500,0.766523,488000,-,0.797064,0.786666,0.787641,0.777473,1821156.0
12/21/1987,9.375000,9.375000,9.250000,9.312500,0.776952,885000,-,0.797309,0.787121,0.789988,0.779559,1828652.0
12/18/1987,9.375000,9.375000,9.250000,9.375000,0.782166,946200,-,0.797523,0.787466,0.792073,0.780080,1821160.0
12/17/1987,9.375000,9.437500,9.250000,9.250000,0.771737,276600,-,0.797712,0.787904,0.793116,0.779037,1818084.0
12/16/1987,9.437500,9.437500,9.250000,9.375000,0.782166,533800,-,0.797997,0.788550,0.794680,0.780602,1827668.0
12/15/1987,9.375000,9.437500,9.312500,9.375000,0.782166,521200,-,0.798230,0.788890,0.795463,0.782687,1824500.0
12/14/1987,9.312500,9.375000,9.250000,9.375000,0.782166,371800,-,0.798463,0.789328,0.797027,0.784773,1825528.0
12/11/1987,9.250000,9.312500,9.187500,9.312500,0.776952,304600,-,0.798696,0.789766,0.798591,0.786337,1844048.0
12/10/1987,9.250000,9.375000,9.187500,9.250000,0.771737,474400,-,0.798999,0.790308,0.800416,0.789987,1850176.0
12/09/1987,9.312500,9.437500,9.312500,9.375000,0.782166,442800,-,0.799329,0.790856,0.802502,0.794159,1859964.0
12/08/1987,9.500000,9.562500,9.187500,9.437500,0.787380,705600,-,0.799651,0.791294,0.803806,0.797809,1858120.0
12/07/1987,9.312500,9.437500,9.250000,9.375000,0.782166,468000,-,0.799992,0.791825,0.804588,0.800416,1854632.0
12/04/1987,9.375000,9.437500,9.250000,9.250000,0.771737,507200,-,0.800403,0.792263,0.806152,0.804066,1851304.0
12/03/1987,9.625000,9.625000,9.375000,9.437500,0.787380,905000,-,0.800826,0.792909,0.808238,0.807195,1849212.0
12/02/1987,9.500000,9.625000,9.500000,9.625000,0.803023,280400,-,0.801171,0.793342,0.809072,0.808759,1840984.0
12/01/1987,9.687500,9.687500,9.500000,9.625000,0.803023,267600,-,0.801459,0.793461,0.808138,0.808238,1850992.0
11/30/1987,9.625000,9.625000,9.500000,9.562500,0.797809,546400,-,0.801748,0.793186,0.807203,0.809281,1854396.0
11/27/1987,9.812500,9.812500,9.687500,9.750000,0.813452,116400,-,0.802019,0.793114,0.806036,0.810845,1853548.0
11/25/1987,9.750000,9.812500,9.687500,9.750000,0.813452,284000,-,0.802191,0.792729,0.802854,0.810845,1860224.0
11/24/1987,9.687500,9.875000,9.687500,9.812500,0.818667,370600,-,0.802427,0.792344,0.798438,0.810845,1866032.0
11/23/1987,9.687500,9.750000,9.625000,9.750000,0.813452,352000,-,0.802637,0.791756,0.794749,0.809802,1878120.0
11/20/1987,9.625000,9.812500,9.562500,9.812500,0.818667,289000,-,0.802895,0.791470,0.791566,0.808759,1880916.0
11/19/1987,9.625000,9.750000,9.562500,9.625000,0.803023,371200,-,0.803168,0.791178,0.789603,0.808238,1894624.0
11/18/1987,9.625000,9.687500,9.500000,9.625000,0.803023,405000,-,0.803457,0.791396,0.788668,0.809281,1900460.0
11/17/1987,9.750000,9.875000,9.562500,9.562500,0.797809,299600,-,0.803723,0.791910,0.788474,0.809385,1900148.0
11/16/1987,9.750000,9.812500,9.625000,9.750000,0.813452,291000,-,0.804016,0.792627,0.784594,0.808038,1904972.0
11/13/1987,9.812500,9.812500,9.625000,9.750000,0.813452,543400,-,0.804274,0.793031,0.778698,0.805126,1906708.0
11/12/1987,9.937500,10.000000,9.750000,9.750000,0.813452,468400,-,0.804467,0.793633,0.776256,0.801228,1902720.0
11/11/1987,9.750000,9.750000,9.687500,9.750000,0.813452,477000,-,0.804682,0.794037,0.775047,0.794863,1905656.0
11/10/1987,9.562500,9.687500,9.562500,9.687500,0.808238,459800,-,0.804896,0.794343,0.774084,0.786032,1928196.0
11/09/1987,9.687500,9.750000,9.562500,9.625000,0.803023,1435400,-,0.805137,0.794950,0.774122,0.779695,1927188.0
11/06/1987,9.750000,9.750000,9.625000,9.750000,0.813452,18660000,-,0.805340,0.795563,0.773434,0.774373,1905404.0
11/05/1987,9.875000,9.875000,9.687500,9.750000,0.813452,7960000,-,0.805576,0.796164,0.772472,0.770968,1541744.0
11/04/1987,9.937500,10.250000,9.937500,10.187500,0.804067,23060000,-,0.805833,0.797062,0.772002,0.768056,1390352.0
11/03/1987,9.875000,10.000000,9.812500,9.937500,0.784335,1172600,-,0.806095,0.798147,0.772002,0.767563,937692.0
11/02/1987,9.812500,9.937500,9.750000,9.937500,0.784335,1540200,-,0.806477,0.799627,0.772742,0.761150,922620.0
10/30/1987,9.625000,9.812500,9.625000,9.812500,0.774469,847600,-,0.806773,0.801205,0.773729,0.752271,975016.0
10/29/1987,9.250000,9.500000,9.250000,9.500000,0.749804,929200,-,0.807097,0.803080,0.775209,0.751284,1049664.0
10/28/1987,9.250000,9.375000,9.187500,9.187500,0.725140,9040000,-,0.807503,0.805073,0.777922,0.755230,1810680.0
10/27/1987,9.625000,9.750000,9.312500,9.437500,0.744871,769200,-,0.808052,0.807841,0.781622,0.762137,1644264.0
10/26/1987,9.750000,9.875000,9.500000,9.500000,0.749804,714800,-,0.808503,0.810308,0.784581,0.768549,1658660.0
10/23/1987,9.750000,9.875000,9.750000,9.875000,0.779402,1131800,-,0.808930,0.812676,0.787788,0.772496,1653956.0
10/22/1987,9.750000,9.937500,9.500000,9.937500,0.784335,809600,-,0.809166,0.814546,0.789021,0.773976,1656520.0
10/21/1987,10.125000,10.250000,9.812500,10.125000,0.799134,1092600,-,0.809377,0.816036,0.790008,0.775949,1760728.0
10/20/1987,9.187500,9.500000,8.562500,9.125000,0.720207,1770200,-,0.809471,0.817324,0.790501,0.776442,1761876.0
10/19/1987,8.750000,9.375000,8.375000,8.812500,0.695542,2326000,-,0.809897,0.820003,0.794941,0.784335,1770472.0
10/16/1987,9.937500,10.125000,9.562500,9.687500,0.764603,2167200,-,0.810445,0.822893,0.799627,0.795187,1738892.0
10/15/1987,10.062500,10.125000,9.875000,10.000000,0.789267,722600,-,0.810542,0.824121,0.801107,0.799134,1704872.0
10/14/1987,10.250000,10.250000,10.000000,10.062500,0.794200,574600,-,0.810452,0.824855,0.801353,0.800613,1704400.0
10/13/1987,10.062500,10.250000,9.937500,10.250000,0.809000,682200,-,0.810337,0.825491,0.801353,0.801107,1704196.0
10/12/1987,10.125000,10.125000,9.937500,10.000000,0.789267,862800,-,0.810190,0.825737,0.800367,0.800613,1704596.0
10/09/1987,10.125000,10.187500,10.062500,10.062500,0.794200,510400,-,0.810142,0.826565,0.800860,0.803080,1694392.0
10/08/1987,10.125000,10.187500,10.062500,10.187500,0.804067,792400,-,0.810070,0.827294,0.801353,0.804067,1694016.0
10/07/1987,10.000000,10.187500,10.000000,10.187500,0.804067,755800,-,0.809948,0.827920,0.801847,0.804067,1685228.0
10/06/1987,10.125000,10.187500,10.000000,10.125000,0.799134,375400,-,0.809847,0.828546,0.803080,0.804560,1677496.0
10/05/1987,10.187500,10.187500,10.062500,10.187500,0.804067,572600,-,0.809793,0.829177,0.804806,0.805547,1678424.0
10/02/1987,10.312500,10.312500,10.125000,10.187500,0.804067,1297800,-,0.809692,0.829616,0.806286,0.804067,1673488.0
10/01/1987,10.187500,10.187500,10.062500,10.187500,0.804067,611000,-,0.809592,0.829960,0.808259,0.803080,1656232.0
09/30/1987,10.187500,10.187500,10.062500,10.125000,0.799134,963800,-,0.809534,0.830492,0.809739,0.802093,1656600.0
09/29/1987,10.312500,10.312500,10.125000,10.187500,0.804067,350600,-,0.809458,0.830936,0.811219,0.801600,1648444.0
09/28/1987,10.125000,10.437500,10.125000,10.312500,0.813933,531200,-,0.809358,0.831374,0.812946,0.800120,1695432.0
09/25/1987,10.125000,10.187500,10.000000,10.187500,0.804067,301600,-,0.809250,0.831709,0.813932,0.798640,1695724.0
09/24/1987,10.250000,10.312500,10.125000,10.187500,0.804067,402600,-,0.809192,0.832053,0.815905,0.798640,1701160.0
09/23/1987,10.250000,10.312500,10.125000,10.250000,0.809000,493600,-,0.809156,0.832304,0.818619,0.799627,1702396.0
09/22/1987,10.125000,10.312500,10.000000,10.250000,0.809000,780800,-,0.809094,0.832362,0.821085,0.801600,1703944.0
09/21/1987,10.125000,10.250000,10.000000,10.000000,0.789267,437800,-,0.809012,0.832420,0.823552,0.804066,1694868.0
09/18/1987,10.062500,10.125000,10.000000,10.062500,0.794200,504000,-,0.809028,0.832967,0.827251,0.808506,1689936.0
09/17/1987,10.062500,10.187500,10.000000,10.062500,0.794200,450200,-,0.809083,0.833321,0.830951,0.813439,1686020.0
09/16/1987,10.000000,10.125000,9.875000,10.062500,0.794200,574400,-,0.809139,0.833675,0.833713,0.817385,1682304.0
09/15/1987,10.062500,10.125000,9.875000,10.000000,0.789267,975000,-,0.809173,0.834123,0.837180,0.820838,1686892.0
09/14/1987,10.250000,10.250000,10.062500,10.125000,0.799134,491800,-,0.809231,0.834388,0.841127,0.825771,1678864.0
09/11/1987,10.312500,10.312500,10.187500,10.187500,0.804067,974400,-,0.809219,0.834643,0.844582,0.829224,1684408.0
09/10/1987,10.500000,10.562500,10.187500,10.312500,0.813933,663000,-,0.809204,0.834612,0.848024,0.833171,1672048.0
09/09/1987,10.562500,10.625000,10.437500,10.500000,0.828731,389400,-,0.809139,0.834196,0.850269,0.837610,1669452.0
09/08/1987,10.562500,10.562500,10.375000,10.562500,0.833664,540800,-,0.808958,0.833766,0.852009,0.840570,1667332.0
09/04/1987,10.625000,10.812500,10.437500,10.562500,0.833664,377800,-,0.808688,0.833237,0.853033,0.843037,1662068.0
09/03/1987,10.562500,10.687500,10.437500,10.687500,0.843530,344000,-,0.808419,0.832802,0.853353,0.845996,1658904.0
09/02/1987,10.562500,10.562500,10.250000,10.562500,0.833664,615200,-,0.808099,0.832169,0.852476,0.848463,1667520.0
09/01/1987,10.687500,10.875000,10.437500,10.500000,0.828731,1604000,-,0.807851,0.831828,0.852092,0.850041,1663164.0
08/31/1987,10.562500,10.687500,10.500000,10.625000,0.838597,409400,-,0.807627,0.831585,0.851955,0.853521,1642832.0
08/28/1987,10.687500,10.687500,10.562500,10.562500,0.833664,346200,-,0.807354,0.830864,0.851089,0.856484,1649104.0
08/27/1987,10.750000,10.812500,10.687500,10.687500,0.843530,477000,-,0.807127,0.830241,0.850940,0.859939,1650544.0
08/26/1987,10.937500,10.937500,10.812500,10.875000,0.858329,390400,-,0.806829,0.829327,0.850297,0.862878,1649992.0
08/25/1987,10.812500,10.937500,10.812500,10.875000,0.858329,427000,-,0.806478,0.828210,0.849149,0.862929,1660732.0
08/24/1987,10.937500,10.937500,10.750000,10.875000,0.858329,419000,-,0.806106,0.827094,0.848001,0.863448,1666764.0
08/21/1987,10.937500,11.000000,10.812500,10.937500,0.863261,4160000,-,0.805735,0.825978,0.846619,0.863030,1674868.0
08/20/1987,11.000000,11.000000,10.812500,11.000000,0.868194,4580000,-,0.805359,0.824106,0.844755,0.860710,1598880.0
08/19/1987,11.437500,11.500000,11.125000,11.312500,0.849449,38980000,-,0.804879,0.822323,0.842410,0.856489,1521196.0
08/18/1987,11.437500,11.500000,11.312500,11.500000,0.863528,719200,-,0.804552,0.820728,0.841471,0.854142,752124.0
08/17/1987,11.500000,11.562500,11.312500,11.562500,0.868222,1489000,-,0.804115,0.819132,0.839359,0.850388,746096.0
08/14/1987,11.562500,11.625000,11.437500,11.562500,0.868222,479600,-,0.803655,0.817255,0.837247,0.845695,734252.0
08/13/1987,11.437500,11.687500,11.375000,11.625000,0.872915,1260000,-,0.803113,0.815378,0.835370,0.841940,730164.0
08/12/1987,11.500000,11.500000,11.375000,11.437500,0.858836,6020000,-,0.802486,0.813313,0.832789,0.837717,716644.0
08/11/1987,11.375000,11.500000,11.312500,11.500000,0.863528,1150000,-,0.801890,0.811341,0.830677,0.835370,603504.0
08/10/1987,11.187500,11.375000,11.125000,11.375000,0.854142,2200000,-,0.801229,0.809183,0.828096,0.832554,589512.0
08/07/1987,11.062500,11.187500,10.937500,11.187500,0.840063,747000,-,0.800575,0.807212,0.825984,0.830207,553408.0
08/06/1987,11.000000,11.062500,10.875000,11.000000,0.825984,466200,-,0.799950,0.805616,0.824811,0.828800,553276.0
08/05/1987,11.000000,11.062500,10.937500,11.000000,0.825984,699000,-,0.799396,0.804208,0.824107,0.828330,551772.0
08/04/1987,10.937500,11.062500,10.875000,11.000000,0.825984,564400,-,0.798842,0.802988,0.823403,0.828800,548460.0
08/03/1987,10.937500,11.062500,10.937500,10.937500,0.821291,702200,-,0.798308,0.801580,0.822933,0.828330,545880.0
07/31/1987,11.000000,11.125000,11.000000,11.062500,0.830677,352600,-,0.797777,0.800172,0.821995,0.828800,552972.0
07/30/1987,11.125000,11.125000,11.000000,11.062500,0.830677,491600,-,0.797220,0.798764,0.821056,0.828800,558388.0
07/29/1987,11.125000,11.125000,11.000000,11.125000,0.835370,353000,-,0.796622,0.797168,0.819648,0.827861,559780.0
07/28/1987,11.125000,11.125000,11.000000,11.125000,0.835370,369200,-,0.796001,0.795760,0.817536,0.825984,565652.0
07/27/1987,11.000000,11.062500,10.937500,11.062500,0.830677,421800,-,0.795379,0.794259,0.816128,0.823637,579140.0
07/24/1987,11.000000,11.062500,10.937500,11.000000,0.825984,325800,-,0.794781,0.793226,0.814955,0.821760,588476.0
07/23/1987,11.000000,11.125000,10.937500,10.937500,0.821291,435000,-,0.794207,0.792212,0.814251,0.820822,702360.0
07/22/1987,11.000000,11.062500,10.875000,11.062500,0.830677,629400,-,0.793656,0.791382,0.813782,0.819883,705884.0
07/21/1987,11.062500,11.125000,10.937500,10.937500,0.821291,556000,-,0.793058,0.790274,0.813078,0.818006,706500.0
07/20/1987,11.000000,11.062500,10.937500,11.000000,0.825984,2700000,-,0.792507,0.789176,0.812843,0.817536,707000.0
07/17/1987,10.937500,11.062500,10.937500,11.062500,0.830677,545800,-,0.791912,0.788162,0.811670,0.815190,662792.0
07/16/1987,10.812500,11.000000,10.812500,10.937500,0.821291,573400,-,0.791293,0.787233,0.810262,0.813313,672196.0
07/15/1987,10.812500,10.937500,10.750000,10.875000,0.816598,464400,-,0.790702,0.786224,0.809089,0.811436,684144.0
07/14/1987,10.812500,10.875000,10.750000,10.812500,0.811905,571000,-,0.790134,0.784863,0.808385,0.809089,689220.0
07/13/1987,10.875000,10.875000,10.750000,10.812500,0.811905,327000,-,0.789629,0.783418,0.807916,0.808620,695120.0
07/10/1987,10.812500,10.875000,10.750000,10.875000,0.816598,191200,-,0.789125,0.782062,0.807446,0.808150,708400.0
07/09/1987,10.812500,10.875000,10.750000,10.812500,0.811905,308200,-,0.788638,0.780702,0.805100,0.807681,718152.0
07/08/1987,10.812500,10.875000,10.750000,10.812500,0.811905,264400,-,0.788114,0.779168,0.803457,0.807681,728040.0
07/07/1987,10.750000,10.875000,10.687500,10.875000,0.816598,803800,-,0.787529,0.777544,0.801345,0.808150,742784.0
07/06/1987,10.812500,10.812500,10.687500,10.687500,0.802519,573600,-,0.786940,0.775916,0.799703,0.808150,740420.0
07/02/1987,10.812500,10.875000,10.625000,10.812500,0.811905,769000,-,0.786422,0.775015,0.798295,0.808150,742000.0
07/01/1987,10.687500,10.812500,10.562500,10.687500,0.802519,356400,-,0.785877,0.773570,0.796418,0.807212,742208.0
06/30/1987,10.812500,10.812500,10.562500,10.562500,0.793132,533200,-,0.785339,0.772848,0.794775,0.806742,760700.0
06/29/1987,10.687500,10.812500,10.500000,10.750000,0.807212,283400,-,0.784827,0.772135,0.793132,0.807681,767648.0
06/26/1987,10.812500,10.812500,10.687500,10.750000,0.807212,277600,-,0.784224,0.771140,0.790551,0.807212,794540.0
06/25/1987,10.812500,10.875000,10.687500,10.812500,0.811905,219600,-,0.783703,0.769610,0.787970,0.806742,825056.0
06/24/1987,10.875000,10.937500,10.750000,10.812500,0.811905,774800,-,0.783280,0.767274,0.785389,0.802519,871864.0
06/23/1987,10.812500,10.937500,10.750000,10.875000,0.816598,397400,-,0.782837,0.765651,0.782573,0.799233,876176.0
06/22/1987,10.687500,10.937500,10.562500,10.875000,0.816598,587400,-,0.782269,0.764201,0.779992,0.794540,890512.0
06/19/1987,10.687500,10.750000,10.625000,10.687500,0.802519,723000,-,0.781741,0.763019,0.776941,0.791255,899324.0
06/18/1987,10.687500,10.687500,10.562500,10.687500,0.802519,418200,-,0.781426,0.762385,0.774360,0.788439,910128.0
06/17/1987,10.687500,10.687500,10.562500,10.625000,0.797825,449400,-,0.781132,0.761484,0.772248,0.785623,920504.0
06/16/1987,10.687500,10.687500,10.625000,10.687500,0.802519,927400,-,0.780881,0.761301,0.769901,0.782807,931324.0
06/15/1987,10.687500,10.750000,10.625000,10.687500,0.802519,728600,-,0.780667,0.761113,0.768024,0.778584,925508.0
06/12/1987,10.375000,10.687500,10.312500,10.687500,0.802519,824200,-,0.780495,0.760925,0.765912,0.773891,931064.0
06/11/1987,10.312500,10.375000,10.187500,10.250000,0.769667,360600,-,0.780281,0.760470,0.764739,0.769197,965380.0
06/10/1987,10.375000,10.437500,10.250000,10.375000,0.779053,695800,-,0.780232,0.760672,0.765021,0.768259,1043808.0
06/09/1987,10.437500,10.437500,10.250000,10.250000,0.769667,526400,-,0.780095,0.761220,0.765056,0.765912,1045188.0
06/08/1987,10.250000,10.437500,10.187500,10.437500,0.783746,417800,-,0.780046,0.762224,0.765337,0.765443,1043984.0
06/05/1987,10.250000,10.437500,10.250000,10.312500,0.774360,896800,-,0.779927,0.763214,0.764469,0.762627,1070208.0
06/04/1987,10.250000,10.312500,10.187500,10.312500,0.774360,275200,-,0.779757,0.764480,0.764516,0.760281,1063288.0
06/03/1987,10.125000,10.250000,10.062500,10.250000,0.769667,584000,-,0.779548,0.765568,0.765009,0.758873,1072468.0
06/02/1987,10.187500,10.187500,10.000000,10.125000,0.760281,363000,-,0.779304,0.766661,0.765068,0.756995,1074356.0
06/01/1987,10.187500,10.250000,10.000000,10.062500,0.755588,450400,-,0.779088,0.767853,0.764482,0.757465,1081616.0
05/29/1987,10.062500,10.125000,10.000000,10.062500,0.755588,394800,-,0.778896,0.769049,0.763685,0.757934,1079804.0
05/28/1987,10.062500,10.125000,9.937500,10.125000,0.760281,740400,-,0.778703,0.770245,0.763111,0.760281,1086408.0
05/27/1987,10.312500,10.312500,10.000000,10.062500,0.755588,391000,-,0.778448,0.771348,0.762525,0.761782,1080400.0
05/26/1987,10.062500,10.312500,10.000000,10.187500,0.764973,533400,-,0.778237,0.772455,0.761506,0.764199,1080316.0
05/22/1987,10.000000,10.062500,9.937500,10.062500,0.755588,435400,-,0.777920,0.773374,0.759794,0.765232,1078384.0
05/21/1987,10.062500,10.125000,9.937500,10.000000,0.750894,1056800,-,0.777669,0.774481,0.758775,0.766312,1081276.0
05/20/1987,10.000000,10.187500,10.000000,10.125000,0.760281,623400,-,0.777442,0.775682,0.759104,0.768752,1072920.0
05/19/1987,10.187500,10.250000,10.000000,10.000000,0.750894,561200,-,0.777168,0.776785,0.758072,0.771145,1073060.0
05/18/1987,10.062500,10.187500,10.000000,10.187500,0.764973,646600,-,0.776960,0.778164,0.758847,0.773140,1070156.0
05/15/1987,10.312500,10.312500,10.062500,10.125000,0.760281,1043600,-,0.776662,0.779262,0.758472,0.771499,1071648.0
05/14/1987,10.375000,10.500000,10.312500,10.375000,0.779053,888600,-,0.776388,0.780631,0.758332,0.769436,1063576.0
05/13/1987,10.875000,10.937500,10.812500,10.875000,0.775299,6020000,-,0.776001,0.781626,0.755916,0.765942,1059156.0
05/12/1987,10.937500,10.937500,10.812500,10.937500,0.779754,611200,-,0.775593,0.782695,0.751906,0.763268,949584.0
05/11/1987,10.812500,11.000000,10.750000,10.875000,0.775299,660200,-,0.775183,0.783675,0.749455,0.758812,956632.0
05/08/1987,10.937500,11.375000,10.750000,10.750000,0.766388,581000,-,0.774814,0.784923,0.747896,0.754357,951896.0
05/07/1987,10.937500,11.000000,10.875000,10.875000,0.775299,489600,-,0.774452,0.786349,0.747450,0.751238,977288.0
05/06/1987,10.875000,11.062500,10.812500,11.000000,0.784210,1016000,-,0.774064,0.787774,0.747227,0.749455,1028696.0
05/05/1987,10.500000,10.937500,10.500000,10.812500,0.770843,1170800,-,0.773534,0.789200,0.745890,0.744999,1078376.0
05/04/1987,10.375000,10.500000,10.312500,10.500000,0.748564,718200,-,0.773033,0.791072,0.746782,0.744554,1088188.0
05/01/1987,10.437500,10.437500,10.250000,10.375000,0.739652,866000,-,0.772643,0.793228,0.749009,0.745445,1182224.0
04/30/1987,10.500000,10.500000,10.375000,10.437500,0.744108,991000,-,0.772297,0.795563,0.751683,0.747227,1177776.0
04/29/1987,10.375000,10.500000,10.375000,10.500000,0.748564,678800,-,0.771930,0.797894,0.753465,0.745891,1176060.0
04/28/1987,10.250000,10.312500,10.187500,10.312500,0.735197,802600,-,0.771559,0.800136,0.755025,0.740544,1173800.0
04/27/1987,10.250000,10.375000,10.062500,10.250000,0.730741,1001600,-,0.771275,0.802474,0.758589,0.740098,1184956.0
04/24/1987,10.437500,10.500000,10.250000,10.312500,0.735197,685600,-,0.770974,0.804817,0.763045,0.741435,1191600.0
04/23/1987,10.437500,10.687500,10.375000,10.625000,0.757475,652600,-,0.770515,0.807326,0.767946,0.743663,1183188.0
04/22/1987,10.687500,10.750000,10.375000,10.375000,0.739652,779400,-,0.769945,0.809390,0.771957,0.744999,1180600.0
04/21/1987,10.500000,10.750000,10.250000,10.750000,0.766388,1281000,-,0.769347,0.811895,0.776412,0.746782,1175740.0
04/20/1987,10.750000,10.812500,10.562500,10.625000,0.757475,880600,-,0.768616,0.814036,0.779309,0.749009,1176916.0
04/16/1987,10.250000,10.750000,10.187500,10.625000,0.757475,1628000,-,0.767969,0.816100,0.782428,0.752574,1171084.0
04/15/1987,9.937500,10.250000,9.937500,10.250000,0.730741,1803400,-,0.767321,0.818078,0.785324,0.756139,1145604.0
04/14/1987,10.250000,10.250000,9.562500,9.750000,0.695095,2560000,-,0.766768,0.820591,0.789557,0.761040,1125500.0
04/13/1987,10.437500,10.562500,10.250000,10.250000,0.730741,990400,-,0.766432,0.823987,0.795572,0.769506,1082744.0
04/10/1987,10.500000,10.562500,10.312500,10.437500,0.744108,1114200,-,0.765938,0.826415,0.799582,0.777081,1069968.0
04/09/1987,10.750000,11.125000,10.500000,10.625000,0.757475,1028000,-,0.765337,0.828661,0.802924,0.784655,1056320.0
04/08/1987,10.625000,10.875000,10.562500,10.812500,0.770843,1263200,-,0.764612,0.830639,0.805597,0.792230,1061304.0
04/07/1987,10.750000,10.812500,10.625000,10.625000,0.757475,937000,-,0.763781,0.832350,0.807602,0.798914,1055252.0
04/06/1987,11.062500,11.125000,10.750000,11.062500,0.788665,990400,-,0.762978,0.834073,0.810499,0.806043,1059020.0
04/03/1987,11.125000,11.187500,10.937500,11.125000,0.793121,636600,-,0.762058,0.835513,0.812058,0.809608,1076732.0
04/02/1987,10.937500,11.250000,10.875000,11.125000,0.793121,1006400,-,0.761097,0.836949,0.813395,0.812281,1083300.0
04/01/1987,10.500000,11.000000,10.437500,10.937500,0.779754,2540000,-,0.760135,0.838214,0.815177,0.814509,1086700.0
03/31/1987,11.312500,11.375000,10.375000,10.937500,0.779754,4282000,-,0.759260,0.839832,0.817628,0.818074,1070268.0
03/30/1987,11.437500,11.500000,11.250000,11.312500,0.806489,764800,-,0.758326,0.841109,0.820079,0.821638,994320.0
03/27/1987,11.687500,11.687500,11.437500,11.500000,0.819855,466200,-,0.757240,0.841766,0.821192,0.822084,992192.0
03/26/1987,11.750000,11.875000,11.625000,11.687500,0.833223,1729000,-,0.755989,0.841986,0.822084,0.821193,994004.0
03/25/1987,11.687500,11.875000,11.625000,11.750000,0.837679,550800,-,0.754575,0.842023,0.822306,0.818965,975204.0
03/24/1987,11.500000,11.687500,11.500000,11.625000,0.828767,734200,-,0.753178,0.841971,0.822752,0.816291,980240.0
03/23/1987,11.437500,11.625000,11.437500,11.562500,0.824312,678400,-,0.751863,0.842098,0.824089,0.814954,987140.0
03/20/1987,11.437500,11.500000,11.375000,11.500000,0.819855,726000,-,0.750630,0.842143,0.826094,0.814509,991240.0
03/19/1987,11.375000,11.437500,11.375000,11.437500,0.815400,359800,-,0.749437,0.842277,0.827921,0.814509,995668.0
03/18/1987,11.437500,11.500000,11.312500,11.437500,0.815400,725000,-,0.748035,0.842330,0.829970,0.815846,1002912.0
03/17/1987,11.375000,11.437500,11.250000,11.437500,0.815400,440000,-,0.746652,0.842127,0.832233,0.817182,1003844.0
03/16/1987,11.437500,11.437500,11.312500,11.375000,0.810944,386800,-,0.745269,0.841925,0.834496,0.818519,1008952.0
03/13/1987,11.375000,11.437500,11.312500,11.375000,0.810944,436800,-,0.743927,0.841385,0.836555,0.820301,1009436.0
03/12/1987,11.312500,11.437500,11.250000,11.375000,0.810944,580000,-,0.742586,0.840590,0.838401,0.822975,1017888.0
03/11/1987,11.437500,11.437500,11.250000,11.375000,0.810944,639000,-,0.741264,0.839794,0.840887,0.825648,1021228.0
03/10/1987,11.375000,11.500000,11.375000,11.437500,0.815400,630400,-,0.739922,0.839170,0.843372,0.829213,1018524.0
03/09/1987,11.500000,11.562500,11.375000,11.500000,0.819855,416000,-,0.738578,0.838456,0.845848,0.833223,1014012.0
03/06/1987,11.562500,11.625000,11.437500,11.500000,0.819855,721200,-,0.737211,0.837652,0.848527,0.837679,1012752.0
03/05/1987,11.625000,11.625000,11.500000,11.625000,0.828767,640000,-,0.735825,0.836849,0.850567,0.841333,1019280.0
03/04/1987,11.625000,11.687500,11.562500,11.625000,0.828767,667600,-,0.734414,0.835953,0.851948,0.844095,1024736.0
03/03/1987,11.625000,11.687500,11.562500,11.625000,0.828767,541400,-,0.733022,0.835142,0.853329,0.847284,1038944.0
03/02/1987,11.812500,11.812500,11.500000,11.625000,0.828767,963600,-,0.731611,0.834246,0.855137,0.850472,1037296.0
02/27/1987,11.687500,11.750000,11.625000,11.750000,0.837679,423400,-,0.730181,0.833350,0.856305,0.852809,1028640.0
02/26/1987,11.812500,11.812500,11.437500,11.750000,0.837679,1850600,-,0.728651,0.832446,0.857241,0.853828,1038560.0
02/25/1987,12.000000,12.000000,11.750000,11.875000,0.846590,3060000,-,0.727085,0.831372,0.858176,0.856125,1017132.0
02/24/1987,12.187500,12.187500,11.937500,12.000000,0.855502,3500000,-,0.725475,0.830119,0.858667,0.857532,969192.0
02/23/1987,12.125000,12.187500,11.875000,12.125000,0.864414,1661400,-,0.723784,0.828859,0.858072,0.858473,912032.0
02/20/1987,12.625000,12.625000,12.250000,12.562500,0.856393,5420000,-,0.722084,0.827420,0.857884,0.859375,897632.0
02/19/1987,12.687500,12.687500,12.437500,12.562500,0.856393,643600,-,0.720388,0.826227,0.858310,0.859801,799456.0
02/18/1987,12.625000,12.687500,12.500000,12.625000,0.860653,905200,-,0.718711,0.825034,0.858310,0.859801,806504.0
02/17/1987,12.562500,12.687500,12.500000,12.625000,0.860653,565800,-,0.717067,0.823671,0.858310,0.859375,798560.0
02/13/1987,12.375000,12.625000,12.250000,12.500000,0.852132,1360400,-,0.715422,0.822308,0.857458,0.859801,797508.0
02/12/1987,12.625000,12.625000,12.375000,12.437500,0.847872,1333800,-,0.713766,0.821370,0.856819,0.859801,787544.0
02/11/1987,12.625000,12.625000,12.500000,12.625000,0.860653,265000,-,0.712076,0.820518,0.855967,0.860653,784016.0
02/10/1987,12.625000,12.625000,12.500000,12.625000,0.860653,523200,-,0.710359,0.819325,0.854689,0.860227,799144.0
02/09/1987,12.687500,12.750000,12.625000,12.687500,0.864914,536400,-,0.708679,0.818132,0.853410,0.859801,799780.0
02/06/1987,12.687500,12.812500,12.625000,12.812500,0.873436,1339800,-,0.707013,0.816769,0.851919,0.857671,799180.0
02/05/1987,12.562500,12.750000,12.562500,12.625000,0.860653,589000,-,0.705305,0.815320,0.849576,0.856393,787732.0
02/04/1987,12.500000,12.562500,12.500000,12.562500,0.856393,354000,-,0.703588,0.814127,0.847871,0.856819,796764.0
02/03/1987,12.562500,12.625000,12.437500,12.562500,0.856393,798200,-,0.701929,0.812849,0.845954,0.856819,805100.0
02/02/1987,12.562500,12.687500,12.437500,12.687500,0.864914,422200,-,0.700397,0.811315,0.843398,0.857245,814848.0
01/30/1987,12.625000,12.625000,12.437500,12.500000,0.852132,351600,-,0.698913,0.809611,0.840415,0.855115,819128.0
01/29/1987,12.625000,12.625000,12.437500,12.562500,0.856393,431800,-,0.697530,0.808162,0.837007,0.853836,822620.0
01/28/1987,12.625000,12.875000,12.437500,12.562500,0.856393,1277200,-,0.696162,0.806714,0.832746,0.851280,825396.0
01/27/1987,12.375000,12.625000,12.312500,12.562500,0.856393,960600,-,0.694794,0.805265,0.828485,0.849150,810328.0
01/26/1987,12.562500,12.687500,11.687500,12.375000,0.843611,1125400,-,0.693408,0.803816,0.824651,0.847019,802668.0
01/23/1987,12.750000,13.000000,12.500000,12.625000,0.860653,1876000,-,0.692086,0.802709,0.821455,0.846167,790776.0
01/22/1987,12.562500,12.687500,12.437500,12.687500,0.864914,965000,-,0.690678,0.801175,0.817408,0.842759,761748.0
01/21/1987,12.562500,12.750000,12.437500,12.562500,0.856393,1176400,-,0.689231,0.799641,0.813147,0.838924,750472.0
01/20/1987,12.375000,12.687500,12.375000,12.625000,0.860653,1718400,-,0.687809,0.798192,0.809526,0.835090,735688.0
01/19/1987,12.187500,12.375000,12.125000,12.375000,0.843611,484600,-,0.686274,0.796658,0.805904,0.829551,732016.0
01/16/1987,12.250000,12.312500,12.187500,12.312500,0.839350,658400,-,0.684878,0.795551,0.802922,0.825716,869124.0
01/15/1987,12.250000,12.312500,12.125000,12.187500,0.830829,556800,-,0.683541,0.794204,0.800152,0.820177,1097156.0
01/14/1987,12.250000,12.312500,12.000000,12.250000,0.835089,789000,-,0.682264,0.793272,0.798235,0.814212,1109288.0
01/13/1987,12.250000,12.312500,12.125000,12.250000,0.835089,802600,-,0.681003,0.792092,0.795678,0.807821,1110440.0
01/12/1987,12.125000,12.375000,12.062500,12.250000,0.835089,1079200,-,0.679760,0.790912,0.793122,0.802283,1115664.0
01/09/1987,12.062500,12.125000,12.000000,12.125000,0.826569,883400,-,0.678480,0.789407,0.790992,0.796744,1110184.0
01/08/1987,12.000000,12.125000,11.875000,12.125000,0.826569,947400,-,0.677225,0.787829,0.789287,0.792057,1106640.0
01/07/1987,11.812500,12.000000,11.812500,12.000000,0.818047,722000,-,0.675970,0.786088,0.787796,0.787370,1101192.0
01/06/1987,11.812500,11.937500,11.750000,11.812500,0.805265,771600,-,0.674702,0.784355,0.786731,0.783962,1100748.0
01/05/1987,11.562500,11.812500,11.500000,11.812500,0.805265,695400,-,0.673462,0.782715,0.786092,0.782257,1103116.0
01/02/1987,11.312500,11.500000,11.250000,11.500000,0.783961,411000,-,0.672241,0.780913,0.785453,0.780127,1100448.0
12/31/1986,11.375000,11.375000,11.187500,11.312500,0.771180,859400,-,0.671144,0.779537,0.786518,0.780127,1109056.0
12/30/1986,11.375000,11.812500,11.250000,11.312500,0.771180,747000,-,0.670111,0.778416,0.788222,0.782257,1099540.0
12/29/1986,11.375000,11.437500,11.250000,11.437500,0.779701,503800,-,0.669096,0.777377,0.789713,0.783536,1105312.0
12/26/1986,11.437500,11.562500,11.312500,11.437500,0.779701,404800,-,0.668075,0.776085,0.790779,0.783962,1110508.0
12/24/1986,11.312500,11.437500,11.312500,11.437500,0.779701,353000,-,0.667000,0.774876,0.791631,0.785240,1119500.0
12/23/1986,11.500000,11.625000,11.312500,11.437500,0.779701,1047600,-,0.665924,0.773503,0.792696,0.786518,1120604.0
12/22/1986,11.437500,11.500000,11.375000,11.500000,0.783961,912800,-,0.664812,0.772131,0.793761,0.788222,1107360.0
12/19/1986,11.500000,11.625000,11.375000,11.562500,0.788222,1378000,-,0.663624,0.770673,0.794187,0.789500,1097624.0
12/18/1986,11.500000,11.562500,11.375000,11.500000,0.783961,459000,-,0.662451,0.769130,0.793761,0.789926,1079264.0
12/17/1986,11.625000,11.625000,11.437500,11.500000,0.783961,530800,-,0.661336,0.767673,0.793548,0.790778,1086664.0
12/16/1986,11.500000,11.687500,11.500000,11.625000,0.792483,919400,-,0.660185,0.766215,0.793335,0.792909,1087232.0
12/15/1986,11.437500,11.500000,11.250000,11.500000,0.783961,779200,-,0.659027,0.764587,0.792909,0.794187,1077296.0
12/12/1986,11.625000,11.625000,11.437500,11.500000,0.783961,663000,-,0.657894,0.763130,0.792909,0.795891,1070256.0
12/11/1986,11.687500,11.687500,11.562500,11.625000,0.792483,642000,-,0.656797,0.761591,0.792909,0.797596,1067828.0
12/10/1986,11.687500,11.750000,11.625000,11.625000,0.792483,941400,-,0.655639,0.759881,0.792696,0.798022,1065384.0
12/09/1986,11.687500,11.750000,11.562500,11.687500,0.796744,511200,-,0.654427,0.758091,0.792270,0.798874,1060120.0
12/08/1986,11.687500,11.750000,11.562500,11.687500,0.796744,996000,-,0.653248,0.756215,0.791844,0.799300,1058612.0
12/05/1986,11.750000,11.750000,11.562500,11.625000,0.792483,508000,-,0.652105,0.754502,0.791205,0.798874,1066336.0
12/04/1986,11.750000,11.812500,11.625000,11.625000,0.792483,513200,-,0.650915,0.752874,0.790779,0.797596,1068904.0
12/03/1986,11.812500,11.875000,11.687500,11.812500,0.805265,862200,-,0.649724,0.751408,0.790566,0.796318,1073024.0
12/02/1986,11.750000,11.875000,11.687500,11.812500,0.805265,1157400,-,0.648453,0.749444,0.788904,0.793761,1069564.0
12/01/1986,11.812500,11.812500,11.500000,11.750000,0.801004,1021400,-,0.647198,0.747235,0.787852,0.791631,1055016.0
11/28/1986,11.750000,11.875000,11.625000,11.750000,0.801004,555000,-,0.645931,0.745193,0.786606,0.789927,1049408.0
11/26/1986,11.625000,11.750000,11.562500,11.687500,0.796744,506400,-,0.644612,0.743150,0.785361,0.788222,1052780.0
11/25/1986,11.750000,11.750000,11.625000,11.750000,0.801004,767400,-,0.643331,0.741275,0.783516,0.787370,1061804.0
11/24/1986,11.562500,11.750000,11.562500,11.750000,0.801004,1040600,-,0.641994,0.739151,0.780848,0.785666,1060092.0
11/21/1986,11.437500,11.625000,11.375000,11.625000,0.792483,770800,-,0.640675,0.736946,0.777774,0.784388,1060744.0
11/20/1986,11.437500,11.500000,11.375000,11.437500,0.779701,1285600,-,0.639347,0.734831,0.774720,0.783536,1081068.0
11/19/1986,11.312500,11.500000,11.312500,11.437500,0.779701,636200,-,0.638152,0.733296,0.771899,0.783962,1090580.0
11/18/1986,11.500000,11.562500,11.312500,11.437500,0.779701,526200,-,0.636956,0.732248,0.768671,0.784814,1094212.0
11/17/1986,11.500000,11.562500,11.375000,11.500000,0.783961,570600,-,0.635744,0.731120,0.765443,0.784047,1106688.0
11/14/1986,11.500000,11.500000,11.375000,11.500000,0.783961,523800,-,0.634475,0.729500,0.762002,0.784073,1123508.0
11/13/1986,11.500000,11.562500,11.437500,11.500000,0.783961,577600,-,0.633172,0.728042,0.758765,0.783286,1152204.0
11/12/1986,11.500000,11.625000,11.437500,11.562500,0.788222,530800,-,0.631852,0.727153,0.755324,0.782500,1168492.0
11/11/1986,11.562500,11.625000,11.437500,11.500000,0.783961,424600,-,0.630545,0.726261,0.751873,0.779662,1175692.0
11/10/1986,11.500000,11.562500,11.437500,11.562500,0.788222,401200,-,0.629191,0.725534,0.748229,0.776031,1192700.0
11/07/1986,11.437500,11.625000,11.437500,11.500000,0.783961,437200,-,0.627798,0.724967,0.744372,0.771161,1202944.0
11/06/1986,11.500000,11.562500,11.375000,11.500000,0.783961,1534800,-,0.626392,0.724647,0.740728,0.765905,1213700.0
11/05/1986,11.562500,11.625000,11.437500,11.562500,0.788222,7340000,-,0.624968,0.724165,0.737084,0.759836,1200232.0
11/04/1986,12.000000,12.062500,11.812500,11.875000,0.772032,12060000,-,0.623472,0.723597,0.733227,0.752528,1073756.0
11/03/1986,11.937500,12.062500,11.875000,12.062500,0.784222,1163400,-,0.622057,0.723191,0.730180,0.746839,844620.0
10/31/1986,11.875000,11.937500,11.750000,11.937500,0.776096,846600,-,0.620615,0.722703,0.726523,0.739932,861352.0
10/30/1986,11.875000,11.937500,11.812500,11.937500,0.776096,1063800,-,0.619196,0.722378,0.723272,0.734243,909620.0
10/29/1986,11.562500,11.750000,11.500000,11.687500,0.759842,805200,-,0.617761,0.721663,0.719818,0.728148,1410744.0
10/28/1986,11.375000,11.562500,11.312500,11.500000,0.747652,706200,-,0.616372,0.721118,0.717177,0.724084,1423136.0
10/27/1986,11.187500,11.375000,11.125000,11.375000,0.739525,675000,-,0.615027,0.720584,0.714942,0.720427,1480772.0
10/24/1986,11.062500,11.687500,11.062500,11.250000,0.731399,699800,-,0.613705,0.720135,0.713114,0.717583,1492472.0
10/23/1986,10.937500,11.187500,10.937500,11.125000,0.723272,890000,-,0.612407,0.719849,0.712098,0.715551,1489964.0
10/22/1986,10.937500,11.062500,10.937500,11.000000,0.715145,562000,-,0.611132,0.719725,0.711488,0.714333,1500752.0
10/21/1986,11.000000,11.062500,10.937500,11.000000,0.715145,841400,-,0.609967,0.719609,0.711691,0.713926,1511300.0
10/20/1986,11.062500,11.062500,10.937500,11.000000,0.715145,383600,-,0.608836,0.719570,0.711285,0.713520,1527536.0
10/17/1986,11.000000,11.062500,10.937500,11.062500,0.719208,1035600,-,0.607653,0.719298,0.710269,0.713114,1542664.0
10/16/1986,11.062500,11.062500,11.000000,11.000000,0.715145,763600,-,0.606468,0.719023,0.709254,0.712301,1535136.0
10/15/1986,10.937500,11.062500,10.875000,11.062500,0.719208,854400,-,0.605268,0.718829,0.708441,0.711488,1542832.0
10/14/1986,10.875000,10.937500,10.812500,10.937500,0.711082,408200,-,0.604065,0.718554,0.707628,0.710269,1543036.0
10/13/1986,10.875000,10.937500,10.812500,10.937500,0.711082,385400,-,0.602851,0.718519,0.706816,0.709457,1548024.0
10/10/1986,10.937500,10.937500,10.812500,10.937500,0.711082,426000,-,0.601671,0.718407,0.705800,0.708644,1562844.0
10/09/1986,10.875000,10.937500,10.875000,10.937500,0.711082,460000,-,0.600492,0.718294,0.704581,0.708644,1567272.0
10/08/1986,10.937500,11.000000,10.875000,10.937500,0.711082,829000,-,0.599330,0.718104,0.704174,0.708644,1574752.0
10/07/1986,10.937500,10.937500,10.875000,10.937500,0.711082,559200,-,0.598185,0.717759,0.704987,0.709457,1575056.0
10/06/1986,10.875000,10.937500,10.812500,10.937500,0.711082,422600,-,0.597040,0.717491,0.705597,0.709050,1619312.0
10/03/1986,10.875000,10.937500,10.812500,10.937500,0.711082,427200,-,0.595895,0.717301,0.705190,0.707425,1635612.0
10/02/1986,10.875000,10.937500,10.812500,10.875000,0.707019,541600,-,0.594750,0.716956,0.705190,0.706206,1669068.0
10/01/1986,10.812500,10.937500,10.812500,10.875000,0.707019,519800,-,0.593590,0.716770,0.706816,0.705393,1700636.0
09/30/1986,10.812500,10.937500,10.750000,10.812500,0.702955,678200,-,0.592397,0.716196,0.708644,0.704987,1716684.0
09/29/1986,10.812500,10.875000,10.687500,10.812500,0.702955,435800,-,0.591189,0.715548,0.710879,0.704174,1718824.0
09/26/1986,10.875000,10.937500,10.812500,10.937500,0.711082,1382200,-,0.589947,0.714900,0.713723,0.702955,1726276.0
09/25/1986,11.062500,11.125000,10.750000,10.937500,0.711082,636400,-,0.588682,0.714090,0.716568,0.700517,1713904.0
09/24/1986,10.937500,11.125000,10.875000,11.062500,0.719208,719200,-,0.587399,0.713279,0.719006,0.699705,1719948.0
09/23/1986,10.750000,10.875000,10.750000,10.875000,0.707019,689200,-,0.586058,0.712384,0.721037,0.700517,1732700.0
09/22/1986,10.750000,10.750000,10.125000,10.687500,0.694829,430000,-,0.584761,0.711810,0.723272,0.702143,1766556.0
09/19/1986,10.750000,10.750000,10.625000,10.750000,0.698892,741000,-,0.583525,0.711325,0.726523,0.702955,1801156.0
09/18/1986,10.750000,10.937500,10.687500,10.750000,0.698892,723600,-,0.582217,0.710216,0.729570,0.704174,1810820.0
09/17/1986,10.750000,10.812500,10.562500,10.812500,0.702955,957600,-,0.580875,0.709107,0.731642,0.708238,1826140.0
09/16/1986,10.625000,10.687500,10.125000,10.687500,0.694829,681800,-,0.579495,0.707451,0.733124,0.712301,1831532.0
09/15/1986,10.562500,10.687500,10.437500,10.625000,0.690765,1073200,-,0.578190,0.705958,0.734430,0.717583,1841732.0
09/12/1986,10.812500,10.937500,10.500000,10.562500,0.686702,1787000,-,0.576906,0.704701,0.735746,0.724491,1848524.0
09/11/1986,11.187500,11.187500,10.750000,10.812500,0.702955,1761200,-,0.575624,0.703526,0.737265,0.732618,1835892.0
09/10/1986,11.187500,11.687500,11.062500,11.187500,0.727335,817800,-,0.574279,0.701870,0.737972,0.738306,1824132.0
09/09/1986,10.875000,11.187500,10.812500,11.125000,0.723272,1150000,-,0.572812,0.699882,0.737071,0.741557,1874256.0
09/08/1986,10.875000,10.937500,10.562500,10.812500,0.702955,1411600,-,0.571365,0.698053,0.736568,0.744401,1920776.0
09/05/1986,11.375000,11.375000,10.875000,10.937500,0.711082,1958600,-,0.570019,0.696475,0.736499,0.750090,1992504.0
09/04/1986,11.437500,11.875000,11.250000,11.375000,0.739525,1392000,-,0.568616,0.694502,0.736217,0.754966,1981364.0
09/03/1986,11.437500,11.500000,11.375000,11.437500,0.743589,890800,-,0.567070,0.691805,0.734514,0.755047,1974860.0
09/02/1986,11.687500,11.750000,11.375000,11.500000,0.747652,1275000,-,0.565505,0.688872,0.732607,0.753947,1972076.0
08/29/1986,11.750000,11.812500,11.625000,11.687500,0.759842,913400,-,0.563936,0.686012,0.730691,0.751278,1960452.0
08/28/1986,11.687500,11.812500,11.625000,11.812500,0.767969,975000,-,0.562306,0.682831,0.727971,0.747002,1954004.0
08/27/1986,11.687500,11.750000,11.562500,11.687500,0.759842,861400,-,0.560618,0.679488,0.724846,0.741913,1946760.0
08/26/1986,11.562500,11.750000,11.500000,11.687500,0.759842,1016200,-,0.558902,0.676384,0.721932,0.737637,1978212.0
08/25/1986,11.687500,11.687500,11.500000,11.562500,0.751715,603200,-,0.557203,0.673048,0.718631,0.732585,1973716.0
08/22/1986,11.625000,11.687500,11.562500,11.687500,0.759842,2000000,-,0.555545,0.669797,0.715931,0.728734,2032852.0
08/21/1986,11.687500,11.750000,11.500000,11.687500,0.759842,3260000,-,0.553795,0.665996,0.713017,0.722908,2046572.0
08/20/1986,11.812500,12.562500,11.750000,11.937500,0.740338,26120000,-,0.552089,0.661808,0.709716,0.717469,2008996.0
08/19/1986,11.687500,11.875000,11.625000,11.812500,0.732586,1424800,-,0.550481,0.658164,0.707585,0.713980,1515916.0
08/18/1986,11.500000,11.625000,11.437500,11.625000,0.720957,3588000,-,0.548928,0.654831,0.704871,0.711267,1509636.0
08/15/1986,11.500000,11.562500,11.437500,11.562500,0.717081,1260000,-,0.547417,0.651962,0.702352,0.710104,1468260.0
08/14/1986,11.562500,11.562500,11.500000,11.562500,0.717081,574400,-,0.545942,0.649249,0.700026,0.708941,1620900.0
08/13/1986,11.437500,11.687500,11.437500,11.562500,0.717081,1429400,-,0.544400,0.645606,0.697700,0.707778,1626468.0
08/12/1986,11.437500,11.500000,11.375000,11.437500,0.709329,1089400,-,0.542875,0.642040,0.695375,0.706228,1607768.0
08/11/1986,11.375000,11.500000,11.312500,11.500000,0.713205,1653200,-,0.541356,0.638629,0.693631,0.704677,1598732.0
08/08/1986,11.312500,11.375000,11.250000,11.312500,0.701576,1140000,-,0.539800,0.635218,0.691886,0.703127,1585324.0
08/07/1986,11.250000,11.375000,11.250000,11.375000,0.705453,659200,-,0.538319,0.632039,0.690336,0.703127,1572992.0
08/06/1986,11.312500,11.437500,11.312500,11.375000,0.705453,1148400,-,0.536803,0.628861,0.687235,0.701964,1581820.0
08/05/1986,11.437500,11.437500,11.312500,11.375000,0.705453,864600,-,0.535303,0.625605,0.684134,0.701189,1579044.0
08/04/1986,11.312500,11.437500,11.187500,11.437500,0.709329,657600,-,0.533802,0.622426,0.679870,0.698476,1605352.0
08/01/1986,11.437500,11.500000,11.312500,11.375000,0.705453,1126400,-,0.532266,0.619171,0.675413,0.694600,1610468.0
07/31/1986,11.375000,11.500000,11.250000,11.375000,0.705453,647400,-,0.530650,0.615915,0.671537,0.691111,1597220.0
07/30/1986,11.250000,11.375000,11.187500,11.312500,0.701576,834000,-,0.529017,0.612736,0.667661,0.687623,1622912.0
07/29/1986,11.187500,11.250000,11.125000,11.187500,0.693825,844200,-,0.527403,0.609713,0.663591,0.684522,1617384.0
07/28/1986,11.312500,11.437500,10.812500,11.250000,0.697700,2772000,-,0.525812,0.606767,0.660296,0.682584,1665740.0
07/25/1986,11.187500,11.437500,11.125000,11.312500,0.701576,1237600,-,0.524217,0.603666,0.657001,0.680646,1724060.0
07/24/1986,11.250000,11.312500,11.062500,11.187500,0.693825,2100000,-,0.522620,0.600271,0.653125,0.677545,1981668.0
07/23/1986,11.000000,11.250000,10.937500,11.250000,0.697700,2120000,-,0.521062,0.596884,0.649055,0.672506,1951728.0
07/22/1986,10.812500,11.062500,10.812500,10.937500,0.678320,1322200,-,0.519468,0.593421,0.644404,0.667079,1927848.0
07/21/1986,10.812500,10.937500,10.750000,10.812500,0.670568,785200,-,0.518003,0.590199,0.640334,0.661265,1914756.0
07/18/1986,10.812500,10.875000,10.750000,10.812500,0.670568,808400,-,0.516561,0.587278,0.637039,0.656226,2035092.0
07/17/1986,10.812500,10.937500,10.812500,10.812500,0.670568,763600,-,0.515103,0.584211,0.633551,0.651962,2042280.0
07/16/1986,10.812500,10.875000,10.750000,10.812500,0.670568,938600,-,0.513661,0.581218,0.630062,0.647699,2057108.0
07/15/1986,10.812500,10.937500,10.750000,10.875000,0.674444,1356800,-,0.512169,0.578442,0.626768,0.642660,2068600.0
07/14/1986,10.812500,10.937500,10.312500,10.937500,0.678320,2382000,-,0.510707,0.575589,0.622698,0.638008,2068620.0
07/11/1986,10.500000,10.812500,10.375000,10.812500,0.670568,2160000,-,0.509243,0.572441,0.618240,0.633357,2044788.0
07/10/1986,10.375000,10.375000,10.187500,10.375000,0.643435,1224200,-,0.507851,0.569228,0.613201,0.628706,2041368.0
07/09/1986,10.062500,10.375000,10.000000,10.375000,0.643435,1489600,-,0.506595,0.566704,0.608550,0.625605,2055080.0
07/08/1986,10.000000,10.062500,9.937500,10.000000,0.620178,1227200,-,0.505305,0.564326,0.604286,0.621729,2044108.0
07/07/1986,10.062500,10.187500,9.937500,10.000000,0.620178,1191800,-,0.504148,0.562558,0.601573,0.619403,2060764.0
07/03/1986,10.125000,10.187500,10.062500,10.125000,0.627931,1412800,-,0.502974,0.560791,0.599441,0.617853,2079728.0
07/02/1986,10.000000,10.125000,10.000000,10.125000,0.627931,1155400,-,0.501729,0.558577,0.597116,0.615139,2105872.0
07/01/1986,10.062500,10.125000,9.937500,10.000000,0.620178,1173200,-,0.500450,0.556509,0.592464,0.612426,2166004.0
06/30/1986,10.125000,10.125000,9.937500,10.125000,0.627931,3324000,-,0.499244,0.555105,0.588394,0.610876,2219380.0
06/27/1986,10.000000,10.187500,9.937500,10.187500,0.631807,3476000,-,0.497998,0.553911,0.583937,0.607387,2172120.0
06/26/1986,9.812500,10.062500,9.750000,10.062500,0.624054,4998000,-,0.496733,0.552785,0.579479,0.603124,2121444.0
06/25/1986,9.750000,9.875000,9.687500,9.875000,0.612426,1401600,-,0.495524,0.551960,0.575409,0.597697,2044392.0
06/24/1986,9.625000,9.812500,9.625000,9.750000,0.604674,1066800,-,0.494406,0.551368,0.572115,0.591495,2028920.0
06/23/1986,9.625000,9.750000,9.625000,9.625000,0.596922,751600,-,0.493310,0.550857,0.569014,0.586844,2013436.0
06/20/1986,9.750000,9.750000,9.625000,9.750000,0.604674,693800,-,0.492286,0.550502,0.566494,0.583743,2010428.0
06/19/1986,9.687500,9.750000,9.562500,9.687500,0.600798,591000,-,0.491207,0.549992,0.563587,0.581030,2010276.0
06/18/1986,9.750000,9.750000,9.562500,9.687500,0.600798,612800,-,0.490180,0.549486,0.560680,0.579092,2021440.0
06/17/1986,9.562500,9.812500,9.500000,9.750000,0.604674,2434000,-,0.489170,0.548907,0.557967,0.572502,2026504.0
06/16/1986,9.500000,9.625000,9.437500,9.562500,0.593046,791400,-,0.488140,0.547887,0.555253,0.565913,1996256.0
06/13/1986,9.312500,9.562500,9.312500,9.500000,0.589169,3560000,-,0.487169,0.547318,0.552928,0.560486,1995740.0
06/12/1986,8.875000,9.437500,8.812500,9.187500,0.569789,2686000,-,0.486217,0.546972,0.550602,0.555835,1942260.0
06/11/1986,8.937500,9.000000,8.812500,8.875000,0.550408,1381200,-,0.485395,0.547086,0.548703,0.553122,1906244.0
06/10/1986,9.125000,9.187500,8.937500,9.000000,0.558161,1466000,-,0.484670,0.547734,0.547408,0.552734,1901548.0
06/09/1986,9.312500,9.312500,9.062500,9.125000,0.565913,1110800,-,0.483923,0.548300,0.545726,0.551184,1902200.0
06/06/1986,9.312500,9.375000,9.187500,9.312500,0.577541,1519200,-,0.483154,0.548565,0.543292,0.549245,1916192.0
06/05/1986,8.625000,9.375000,8.562500,9.375000,0.581417,8892000,-,0.482293,0.548524,0.540641,0.546145,1901220.0
06/04/1986,8.687500,8.937500,8.562500,8.625000,0.534904,852800,-,0.481380,0.548406,0.537432,0.542268,1745456.0
06/03/1986,8.687500,8.750000,8.625000,8.687500,0.538780,494400,-,0.480749,0.548999,0.536730,0.543431,1740084.0
06/02/1986,8.812500,8.812500,8.687500,8.687500,0.538780,637600,-,0.480116,0.549370,0.536382,0.544594,1748024.0
05/30/1986,8.812500,8.875000,8.750000,8.750000,0.542656,982800,-,0.479492,0.549813,0.536033,0.545369,1746236.0
05/29/1986,8.812500,8.812500,8.750000,8.750000,0.542656,523400,-,0.478865,0.550252,0.534944,0.545369,1740124.0
05/28/1986,8.750000,8.875000,8.750000,8.812500,0.546532,1100600,-,0.478238,0.550690,0.533308,0.544284,1746180.0
05/27/1986,8.812500,8.875000,8.625000,8.750000,0.542656,1009600,-,0.477608,0.551124,0.531843,0.542083,1746132.0
05/23/1986,8.812500,8.937500,8.812500,8.812500,0.546532,2180000,-,0.477013,0.551781,0.530936,0.540269,1745776.0
05/22/1986,8.812500,8.875000,8.750000,8.812500,0.546532,913400,-,0.476287,0.552142,0.530200,0.537339,1716984.0
05/21/1986,8.812500,8.812500,8.750000,8.750000,0.542656,464000,-,0.475544,0.552504,0.529463,0.535137,1713392.0
05/20/1986,8.812500,8.875000,8.687500,8.812500,0.546532,1932000,-,0.474821,0.552796,0.528192,0.532595,1716840.0
05/19/1986,8.875000,8.937500,8.812500,8.875000,0.550408,557600,-,0.474094,0.552793,0.527092,0.530030,1697728.0
05/16/1986,8.750000,8.812500,8.687500,8.812500,0.546532,3262000,-,0.473349,0.552858,0.527072,0.528169,1697836.0
05/15/1986,8.750000,8.875000,8.687500,8.750000,0.542656,5688000,-,0.472622,0.553146,0.528157,0.526696,1642224.0
05/14/1986,9.000000,9.437500,8.937500,9.125000,0.531803,14118000,-,0.471931,0.553366,0.529800,0.524518,1540824.0
05/13/1986,9.000000,9.000000,8.875000,9.000000,0.524518,603000,-,0.471262,0.553949,0.532349,0.522333,1274868.0
05/12/1986,8.875000,9.062500,8.875000,9.000000,0.524518,926000,-,0.470678,0.554605,0.535263,0.521604,1275884.0
05/09/1986,9.000000,9.000000,8.812500,8.875000,0.517233,667600,-,0.470109,0.555406,0.537995,0.521604,1272528.0
05/08/1986,8.937500,9.062500,8.875000,9.000000,0.524518,6802000,-,0.469545,0.556280,0.541091,0.523061,1272956.0
05/07/1986,8.875000,8.875000,8.687500,8.875000,0.517233,1167800,-,0.468977,0.556790,0.543823,0.523789,1153452.0
05/06/1986,9.062500,9.125000,8.875000,8.937500,0.520876,1505000,-,0.468445,0.557665,0.546737,0.523789,1144468.0
05/05/1986,9.125000,9.187500,8.937500,9.125000,0.531803,1513200,-,0.467879,0.558612,0.549287,0.524154,1126692.0
05/02/1986,8.937500,9.187500,8.875000,9.125000,0.531803,1357800,-,0.467258,0.559063,0.550380,0.525975,1112280.0
05/01/1986,8.750000,9.000000,8.687500,8.937500,0.520876,1190400,-,0.466637,0.559515,0.552019,0.529617,1101460.0
04/30/1986,8.875000,8.937500,8.625000,8.750000,0.509948,1989000,-,0.466039,0.560116,0.554568,0.535081,1093884.0
04/29/1986,9.000000,9.000000,8.687500,8.875000,0.517233,1909800,-,0.465592,0.561005,0.557847,0.542366,1081284.0
04/28/1986,9.125000,9.125000,8.937500,9.000000,0.524518,941000,-,0.465108,0.561610,0.561125,0.548923,1066352.0
04/25/1986,9.125000,9.125000,8.937500,9.125000,0.531803,2060000,-,0.464572,0.561863,0.564221,0.554386,1063972.0
04/24/1986,9.000000,9.187500,8.875000,9.125000,0.531803,2140000,-,0.464015,0.562040,0.566589,0.559122,1039356.0
04/23/1986,8.937500,9.375000,8.687500,8.875000,0.517233,2720000,-,0.463443,0.562078,0.568774,0.563857,1015496.0
04/22/1986,9.437500,9.437500,8.750000,9.000000,0.524518,4162000,-,0.462959,0.562477,0.571688,0.569685,971868.0
04/21/1986,9.687500,9.750000,9.125000,9.437500,0.550015,3842000,-,0.462407,0.562523,0.573691,0.574420,908968.0
04/18/1986,9.875000,9.875000,9.687500,9.750000,0.568228,961000,-,0.461727,0.562335,0.574056,0.574784,845696.0
04/17/1986,10.000000,10.000000,9.812500,9.875000,0.575513,942200,-,0.460940,0.561783,0.573691,0.574420,860548.0
04/16/1986,9.937500,10.000000,9.937500,10.000000,0.582797,1145400,-,0.460101,0.561016,0.573145,0.574056,861516.0
04/15/1986,9.937500,10.000000,9.812500,10.000000,0.582797,628000,-,0.459161,0.559966,0.572234,0.573327,854516.0
04/14/1986,9.812500,9.937500,9.812500,9.937500,0.579155,292600,-,0.458205,0.558778,0.571506,0.573327,860244.0
04/11/1986,9.937500,10.000000,9.750000,9.937500,0.579155,601200,-,0.457251,0.557594,0.571324,0.574056,871696.0
04/10/1986,9.875000,10.000000,9.812500,9.937500,0.579155,686200,-,0.456297,0.556547,0.570595,0.574056,911672.0
04/09/1986,9.937500,10.000000,9.812500,9.875000,0.575513,1149200,-,0.455375,0.555225,0.569867,0.573691,906972.0
04/08/1986,9.562500,9.812500,9.500000,9.812500,0.571870,866000,-,0.454568,0.553908,0.568956,0.573691,898316.0
04/07/1986,9.562500,9.625000,9.437500,9.500000,0.553658,921600,-,0.453731,0.552525,0.567681,0.572963,900416.0
04/04/1986,9.812500,9.875000,9.562500,9.687500,0.564585,765600,-,0.452985,0.551438,0.567681,0.573327,902668.0
04/03/1986,9.937500,10.000000,9.562500,9.812500,0.571870,886000,-,0.452184,0.549925,0.567499,0.572963,897920.0
04/02/1986,10.000000,10.000000,9.875000,9.875000,0.575513,885200,-,0.451266,0.548267,0.566589,0.572234,893464.0
04/01/1986,10.125000,10.125000,9.937500,10.000000,0.582797,1146400,-,0.450299,0.546674,0.565860,0.571142,893528.0
03/31/1986,10.000000,10.125000,9.937500,10.062500,0.586440,1498600,-,0.449311,0.544866,0.564585,0.569685,913000.0
03/27/1986,9.875000,10.062500,9.875000,9.937500,0.579155,1810400,-,0.448288,0.542916,0.563493,0.568592,896016.0
03/26/1986,9.875000,9.937500,9.500000,9.875000,0.575513,770600,-,0.447318,0.540975,0.562582,0.567135,870300.0
03/25/1986,9.687500,9.875000,9.625000,9.875000,0.575513,1103800,-,0.446367,0.539037,0.561307,0.566042,862508.0
03/24/1986,9.562500,9.750000,9.500000,9.687500,0.564585,584200,-,0.445415,0.537031,0.560579,0.564221,849772.0
03/21/1986,9.625000,9.750000,9.562500,9.562500,0.557300,891400,-,0.444486,0.535174,0.560761,0.562400,845864.0
03/20/1986,9.687500,9.687500,9.562500,9.625000,0.560943,548200,-,0.443625,0.533394,0.560615,0.562036,844868.0
03/19/1986,9.750000,10.250000,9.625000,9.687500,0.564585,677200,-,0.442746,0.531816,0.560287,0.562036,848668.0
03/18/1986,9.687500,9.812500,9.187500,9.687500,0.564585,826200,-,0.441801,0.530304,0.559605,0.560943,859640.0
03/17/1986,9.750000,9.875000,9.562500,9.750000,0.568228,1098200,-,0.440824,0.528585,0.559095,0.560579,852316.0
03/14/1986,9.687500,9.875000,9.625000,9.875000,0.575513,991800,-,0.439780,0.526862,0.558059,0.559486,837428.0
03/13/1986,9.625000,9.750000,9.625000,9.687500,0.564585,740400,-,0.438732,0.524855,0.556141,0.558393,827880.0
03/12/1986,9.625000,9.812500,9.562500,9.687500,0.564585,733800,-,0.437755,0.523136,0.554943,0.558029,834404.0
03/11/1986,9.437500,9.625000,9.375000,9.562500,0.557300,636400,-,0.436810,0.521211,0.553400,0.556572,826984.0
03/10/1986,9.500000,9.562500,9.125000,9.375000,0.546373,976400,-,0.435901,0.519568,0.552393,0.556936,825724.0
03/07/1986,9.562500,9.687500,9.437500,9.500000,0.553658,563000,-,0.435127,0.518145,0.551417,0.559122,814612.0
03/06/1986,9.562500,9.625000,9.500000,9.625000,0.560943,481400,-,0.434333,0.516644,0.550764,0.559194,813532.0
03/05/1986,9.625000,9.625000,9.437500,9.500000,0.553658,618000,-,0.433550,0.515067,0.549748,0.558539,826192.0
03/04/1986,9.562500,9.750000,9.562500,9.625000,0.560943,820200,-,0.432804,0.513635,0.548923,0.558267,857432.0
03/03/1986,9.562500,9.687500,9.500000,9.562500,0.557300,653800,-,0.431990,0.512058,0.547390,0.557612,867864.0
02/28/1986,9.750000,9.937500,9.687500,9.687500,0.564585,758200,-,0.431171,0.510553,0.545695,0.556631,891724.0
02/27/1986,9.500000,9.687500,9.500000,9.625000,0.560943,689000,-,0.430315,0.508765,0.543464,0.553890,913668.0
02/26/1986,9.562500,9.625000,9.437500,9.437500,0.550015,826800,-,0.429447,0.506913,0.541758,0.551857,919864.0
02/25/1986,9.687500,9.687500,9.500000,9.625000,0.560943,718600,-,0.428634,0.505141,0.539911,0.550228,911880.0
02/24/1986,9.750000,9.812500,9.625000,9.750000,0.568228,616200,-,0.427750,0.503012,0.537345,0.547851,907108.0
02/21/1986,10.062500,10.125000,10.000000,10.062500,0.554386,792600,-,0.426799,0.500807,0.534070,0.543712,912148.0
02/20/1986,10.000000,10.062500,9.937500,10.062500,0.554386,816800,-,0.425933,0.498810,0.531315,0.542334,913412.0
02/19/1986,10.062500,10.250000,10.000000,10.000000,0.550943,811600,-,0.425067,0.496744,0.528044,0.540957,909576.0
02/18/1986,9.937500,10.125000,9.875000,10.062500,0.554386,1359000,-,0.424218,0.494678,0.524945,0.539580,911116.0
02/14/1986,9.750000,9.937500,9.687500,9.937500,0.547499,1163200,-,0.423382,0.492543,0.522018,0.537169,920220.0
02/13/1986,9.750000,9.812500,9.687500,9.750000,0.537169,822000,-,0.422566,0.490339,0.519264,0.534759,920056.0
02/12/1986,9.750000,9.937500,9.687500,9.812500,0.540612,829200,-,0.421832,0.488204,0.516853,0.533037,924948.0
02/11/1986,9.625000,9.812500,9.625000,9.687500,0.533726,947000,-,0.421081,0.485932,0.513926,0.531660,916336.0
02/10/1986,9.562500,9.750000,9.500000,9.750000,0.537169,538600,-,0.420380,0.483934,0.511172,0.529594,906300.0
02/07/1986,9.812500,9.812500,9.500000,9.562500,0.526839,1017000,-,0.419662,0.481868,0.508073,0.526839,901968.0
02/06/1986,9.750000,9.875000,9.687500,9.812500,0.540612,678400,-,0.418995,0.479940,0.505318,0.524429,892076.0
02/05/1986,9.812500,9.875000,9.687500,9.812500,0.540612,1703600,-,0.418275,0.477805,0.501702,0.520297,890352.0
02/04/1986,9.750000,9.812500,9.625000,9.750000,0.537169,990600,-,0.417540,0.475670,0.498776,0.515132,867144.0
02/03/1986,9.562500,9.687500,9.500000,9.625000,0.530282,795400,-,0.416837,0.473604,0.496365,0.510311,858664.0
01/31/1986,9.375000,9.687500,9.375000,9.500000,0.523396,914400,-,0.416153,0.471676,0.493783,0.506867,857812.0
01/30/1986,9.625000,9.750000,9.437500,9.437500,0.519952,865200,-,0.415504,0.469817,0.491717,0.503768,852564.0
01/29/1986,9.375000,9.750000,9.312500,9.562500,0.526839,2600000,-,0.414856,0.468026,0.489478,0.500669,845160.0
01/28/1986,9.250000,9.375000,9.250000,9.312500,0.513066,451200,-,0.414174,0.466098,0.487068,0.496193,810244.0
01/27/1986,9.187500,9.375000,9.062500,9.250000,0.509622,716400,-,0.413561,0.464514,0.484830,0.492750,816648.0
01/24/1986,9.062500,9.187500,9.000000,9.125000,0.502735,971000,-,0.412965,0.462999,0.483108,0.489306,814992.0
01/23/1986,8.875000,9.062500,8.875000,9.062500,0.499292,1034200,-,0.412388,0.461552,0.481731,0.486207,833948.0
01/22/1986,8.875000,8.937500,8.875000,8.875000,0.488962,528200,-,0.411813,0.459900,0.480698,0.483108,828508.0
01/21/1986,9.000000,9.125000,8.875000,8.875000,0.488962,663200,-,0.411289,0.458522,0.480353,0.482419,836932.0
01/20/1986,9.000000,9.000000,8.875000,9.000000,0.495849,888400,-,0.410781,0.457145,0.480009,0.482419,853708.0
01/17/1986,8.875000,9.125000,8.812500,8.937500,0.492405,2120000,-,0.410254,0.455423,0.479320,0.480698,854604.0
01/16/1986,8.687500,8.875000,8.687500,8.875000,0.488962,649400,-,0.409759,0.453949,0.478804,0.479665,918724.0
01/15/1986,8.687500,8.750000,8.562500,8.750000,0.482075,524600,-,0.409282,0.452545,0.478115,0.478287,933720.0
01/14/1986,8.687500,8.750000,8.562500,8.687500,0.478631,381000,-,0.408839,0.451344,0.477426,0.477943,933172.0
01/13/1986,8.687500,8.687500,8.500000,8.625000,0.475188,467000,-,0.408383,0.450146,0.476566,0.476910,945048.0
01/10/1986,8.500000,8.625000,8.500000,8.562500,0.471745,388800,-,0.407928,0.449083,0.475533,0.476910,954076.0
01/09/1986,8.625000,8.687500,8.437500,8.500000,0.468302,841600,-,0.407459,0.447823,0.474844,0.477254,958012.0
01/08/1986,8.875000,8.937500,8.750000,8.750000,0.482075,738200,-,0.407008,0.446698,0.474155,0.478287,955480.0
01/07/1986,8.750000,8.875000,8.687500,8.875000,0.488962,1225800,-,0.406488,0.445165,0.472606,0.478287,948624.0
01/06/1986,8.750000,8.750000,8.625000,8.687500,0.478631,460000,-,0.405933,0.443428,0.470540,0.477599,933496.0
01/03/1986,8.562500,8.750000,8.562500,8.750000,0.482075,353800,-,0.405430,0.441964,0.468990,0.477943,945552.0
01/02/1986,8.687500,8.687500,8.562500,8.625000,0.475188,514400,-,0.404925,0.440364,0.466752,0.477943,946340.0
12/31/1985,8.562500,8.750000,8.500000,8.687500,0.478631,1066600,-,0.404440,0.438969,0.464514,0.477943,948312.0
12/30/1985,8.562500,8.625000,8.500000,8.500000,0.468302,362800,-,0.403906,0.437505,0.461931,0.476910,942076.0
12/27/1985,8.562500,8.625000,8.500000,8.625000,0.475188,573400,-,0.403454,0.436181,0.460209,0.476221,965980.0
12/26/1985,8.687500,8.750000,8.625000,8.625000,0.475188,420800,-,0.402953,0.434320,0.458143,0.474155,962972.0
12/24/1985,8.750000,8.750000,8.625000,8.687500,0.478631,509000,-,0.402452,0.432393,0.455905,0.472434,965352.0
12/23/1985,8.750000,8.812500,8.625000,8.750000,0.482075,1114400,-,0.401918,0.430397,0.453667,0.470023,961904.0
12/20/1985,8.750000,8.812500,8.687500,8.750000,0.482075,2180000,-,0.401382,0.428266,0.451257,0.466924,963168.0
12/19/1985,8.750000,8.812500,8.625000,8.750000,0.482075,1341800,-,0.400862,0.426201,0.448846,0.463481,928880.0
12/18/1985,8.625000,8.812500,8.625000,8.750000,0.482075,1846800,-,0.400357,0.424203,0.446436,0.460037,907776.0
12/17/1985,8.500000,8.750000,8.437500,8.625000,0.475188,1855400,-,0.399852,0.422205,0.443853,0.455561,876620.0
12/16/1985,8.312500,8.500000,8.250000,8.500000,0.468302,998800,-,0.399382,0.420278,0.441615,0.451084,852100.0
12/13/1985,8.250000,8.375000,8.250000,8.375000,0.461415,427600,-,0.398977,0.418621,0.439721,0.446952,839864.0
12/12/1985,8.312500,8.375000,8.250000,8.250000,0.454528,480000,-,0.398576,0.417036,0.438344,0.444198,837976.0
12/11/1985,8.250000,8.312500,8.187500,8.312500,0.457971,868200,-,0.398224,0.415523,0.437311,0.442132,836152.0
12/10/1985,8.187500,8.250000,8.125000,8.250000,0.454528,855800,-,0.397855,0.414006,0.435934,0.439377,828640.0
12/09/1985,8.062500,8.187500,8.062500,8.187500,0.451084,625000,-,0.397473,0.412360,0.434040,0.437311,842260.0
12/06/1985,8.062500,8.187500,8.062500,8.125000,0.447641,888600,-,0.397148,0.410981,0.432490,0.435589,841496.0
12/05/1985,7.937500,8.375000,7.500000,8.125000,0.447641,1814200,-,0.396870,0.409738,0.431113,0.434212,872204.0
12/04/1985,7.812500,8.000000,7.812500,7.937500,0.437311,1155000,-,0.396577,0.408628,0.429219,0.432835,854180.0
12/03/1985,7.750000,7.937500,7.750000,7.812500,0.430424,1066600,-,0.396336,0.407724,0.428289,0.432146,837656.0
12/02/1985,7.875000,7.875000,7.750000,7.750000,0.426981,398600,-,0.396114,0.406826,0.427704,0.432146,826660.0
11/29/1985,7.875000,7.875000,7.812500,7.875000,0.433868,445200,-,0.395925,0.406062,0.427457,0.432490,827556.0
11/27/1985,7.812500,7.875000,7.750000,7.875000,0.433868,322000,-,0.395671,0.405095,0.426699,0.432490,826604.0
11/26/1985,7.875000,7.875000,7.750000,7.812500,0.430424,522400,-,0.395402,0.403994,0.426108,0.432490,830316.0
11/25/1985,7.812500,7.875000,7.812500,7.875000,0.433868,592200,-,0.395121,0.402829,0.425024,0.432490,834452.0
11/22/1985,7.875000,7.875000,7.812500,7.875000,0.433868,543200,-,0.394867,0.401729,0.423934,0.430769,837916.0
11/21/1985,7.875000,7.875000,7.812500,7.875000,0.433868,566600,-,0.394598,0.400628,0.422512,0.429391,841176.0
11/20/1985,7.875000,7.875000,7.812500,7.875000,0.433868,752800,-,0.394314,0.399528,0.420924,0.428014,842708.0
11/19/1985,7.812500,7.937500,7.750000,7.812500,0.430424,652000,-,0.394060,0.398493,0.419501,0.425603,847928.0
11/18/1985,7.812500,7.937500,7.687500,7.812500,0.430424,495000,-,0.393808,0.397661,0.418085,0.424433,843396.0
11/15/1985,7.875000,7.875000,7.750000,7.812500,0.430424,854200,-,0.393557,0.396762,0.416835,0.423262,858496.0
11/14/1985,7.812500,7.875000,7.750000,7.875000,0.433868,771400,-,0.393320,0.395996,0.415585,0.422423,848580.0
11/13/1985,7.812500,7.875000,7.687500,7.875000,0.433868,633600,-,0.393066,0.395095,0.413997,0.420908,844664.0
11/12/1985,7.750000,7.812500,7.625000,7.812500,0.430424,1918800,-,0.392797,0.394327,0.411412,0.419726,842252.0
11/11/1985,7.562500,7.750000,7.562500,7.562500,0.416650,762200,-,0.392531,0.393694,0.408832,0.417558,813336.0
11/08/1985,7.562500,7.687500,7.500000,7.625000,0.420094,949400,-,0.392333,0.393337,0.406942,0.417100,807068.0
11/07/1985,7.500000,7.625000,7.437500,7.625000,0.420094,1502000,-,0.392073,0.392910,0.404713,0.415633,795116.0
11/06/1985,7.437500,7.625000,7.437500,7.437500,0.409764,933200,-,0.391843,0.392484,0.402650,0.413834,784388.0
11/05/1985,7.812500,7.875000,7.750000,7.875000,0.418717,5326000,-,0.391635,0.392397,0.401270,0.413400,771524.0
11/04/1985,7.937500,7.937500,7.750000,7.875000,0.418717,1399200,-,0.391382,0.392131,0.399442,0.411738,673036.0
11/01/1985,7.875000,7.937500,7.812500,7.937500,0.422040,497200,-,0.391129,0.391932,0.397448,0.410409,657508.0
10/31/1985,7.937500,7.937500,7.750000,7.875000,0.418717,974800,-,0.390830,0.391733,0.395621,0.408747,662924.0
10/30/1985,7.750000,7.937500,7.750000,7.937500,0.422040,918400,-,0.390562,0.391467,0.393793,0.407086,654116.0
10/29/1985,7.750000,7.750000,7.625000,7.687500,0.408747,585600,-,0.390277,0.391001,0.391633,0.403098,650584.0
10/28/1985,7.625000,7.812500,7.562500,7.750000,0.412070,715000,-,0.390044,0.391001,0.390304,0.400107,657652.0
10/25/1985,7.625000,7.625000,7.500000,7.625000,0.405424,395400,-,0.389780,0.391001,0.388310,0.396784,651224.0
10/24/1985,7.625000,7.687500,7.562500,7.562500,0.402101,469400,-,0.389548,0.391174,0.387147,0.393793,728196.0
10/23/1985,7.562500,7.750000,7.562500,7.625000,0.405424,1062800,-,0.389289,0.391478,0.386316,0.391467,729392.0
10/22/1985,7.625000,7.625000,7.562500,7.562500,0.402101,393200,-,0.389027,0.391715,0.385651,0.389141,725464.0
10/21/1985,7.625000,7.750000,7.562500,7.625000,0.405424,613000,-,0.388813,0.392082,0.385153,0.387147,743356.0
10/18/1985,7.625000,7.812500,7.625000,7.625000,0.405424,754800,-,0.388551,0.392448,0.384156,0.384488,773336.0
10/17/1985,7.187500,7.625000,7.062500,7.562500,0.402101,1558000,-,0.388320,0.392364,0.383325,0.382494,767860.0
10/16/1985,7.125000,7.187500,7.062500,7.187500,0.382162,423000,-,0.388105,0.392282,0.382494,0.380500,748208.0
10/15/1985,7.125000,7.187500,7.062500,7.125000,0.378839,539800,-,0.387975,0.392599,0.382328,0.380168,748864.0
10/14/1985,7.062500,7.125000,7.000000,7.125000,0.378839,336600,-,0.387847,0.393047,0.381996,0.380500,749320.0
10/11/1985,7.125000,7.125000,7.000000,7.062500,0.375516,1177600,-,0.387718,0.393495,0.381996,0.379836,754104.0
10/10/1985,7.187500,7.187500,7.062500,7.125000,0.378839,465600,-,0.387622,0.394009,0.382162,0.380500,756788.0
10/09/1985,7.187500,7.250000,7.125000,7.187500,0.382162,286600,-,0.387523,0.394521,0.382162,0.381165,759412.0
10/08/1985,7.125000,7.250000,7.125000,7.187500,0.382162,289000,-,0.387393,0.394838,0.382162,0.382162,810280.0
10/07/1985,7.187500,7.250000,7.125000,7.125000,0.378839,629400,-,0.387263,0.395347,0.382494,0.383159,815564.0
10/04/1985,7.187500,7.250000,7.125000,7.250000,0.385485,387000,-,0.387165,0.395988,0.382826,0.383823,811784.0
10/03/1985,7.125000,7.312500,7.125000,7.187500,0.382162,333200,-,0.387063,0.396367,0.383159,0.384156,819940.0
10/02/1985,7.250000,7.250000,7.125000,7.125000,0.378839,388800,-,0.386918,0.396941,0.383491,0.384488,843756.0
10/01/1985,7.062500,7.250000,7.000000,7.187500,0.382162,492600,-,0.386790,0.397581,0.384322,0.384488,846520.0
09/30/1985,7.125000,7.187500,7.000000,7.000000,0.372192,1536800,-,0.386645,0.398091,0.385153,0.383491,847212.0
09/26/1985,7.250000,7.250000,7.125000,7.187500,0.382162,586800,-,0.386564,0.398800,0.386482,0.384156,831508.0
09/25/1985,7.312500,7.437500,7.250000,7.250000,0.385485,2424000,-,0.386434,0.399309,0.387313,0.383823,857900.0
09/24/1985,7.312500,7.437500,7.250000,7.375000,0.392131,913000,-,0.386288,0.399624,0.387977,0.383159,871500.0
09/23/1985,7.312500,7.375000,7.187500,7.375000,0.392131,328800,-,0.386078,0.400191,0.388642,0.382162,882000.0
09/20/1985,7.312500,7.375000,7.250000,7.250000,0.385485,516800,-,0.385853,0.400758,0.389307,0.381830,888760.0
09/19/1985,7.250000,7.312500,7.187500,7.312500,0.388808,443400,-,0.385662,0.401394,0.390470,0.381830,902016.0
09/18/1985,7.187500,7.250000,7.125000,7.250000,0.385485,397600,-,0.385409,0.402028,0.391633,0.382162,908004.0
09/17/1985,7.062500,7.125000,7.000000,7.125000,0.378839,507600,-,0.385202,0.402663,0.392630,0.382494,929364.0
09/16/1985,7.125000,7.187500,7.000000,7.000000,0.372192,729200,-,0.385074,0.403496,0.393627,0.384156,951212.0
09/13/1985,7.187500,7.250000,7.062500,7.125000,0.378839,765400,-,0.384964,0.404334,0.395454,0.386814,946120.0
09/12/1985,7.187500,7.250000,7.125000,7.125000,0.378839,706200,-,0.384820,0.405038,0.397116,0.388808,959540.0
09/11/1985,7.250000,7.375000,7.000000,7.125000,0.378839,643200,-,0.384662,0.405678,0.398877,0.390802,985416.0
09/10/1985,7.312500,7.375000,7.062500,7.187500,0.382162,1013800,-,0.384489,0.406255,0.400799,0.392796,996436.0
09/09/1985,7.312500,7.812500,7.250000,7.312500,0.388808,425400,-,0.384284,0.406507,0.402555,0.395122,987064.0
09/06/1985,7.312500,7.375000,7.187500,7.250000,0.385485,1250000,-,0.384016,0.406563,0.404138,0.396784,987368.0
09/05/1985,7.312500,7.437500,7.312500,7.375000,0.392131,358400,-,0.383749,0.406621,0.406049,0.399110,973080.0
09/04/1985,7.375000,7.437500,7.250000,7.312500,0.388808,575600,-,0.383495,0.406546,0.406504,0.401104,982684.0
09/03/1985,7.500000,7.500000,7.375000,7.437500,0.395455,513000,-,0.383272,0.406666,0.406964,0.402765,1001280.0
08/30/1985,7.437500,7.500000,7.375000,7.500000,0.398778,473000,-,0.383045,0.407038,0.407092,0.403098,1044420.0
08/29/1985,7.500000,7.500000,7.437500,7.500000,0.398778,448800,-,0.382802,0.407152,0.407214,0.404095,1045076.0
08/28/1985,7.500000,7.500000,7.437500,7.500000,0.398778,351800,-,0.382589,0.407265,0.407337,0.405424,1062668.0
08/27/1985,7.562500,7.625000,7.375000,7.500000,0.398778,965600,-,0.382391,0.407378,0.407459,0.406953,1076756.0
08/26/1985,7.625000,7.625000,7.562500,7.625000,0.405424,290000,-,0.382193,0.407170,0.407742,0.408802,1072932.0
08/23/1985,7.625000,7.687500,7.562500,7.625000,0.405424,401600,-,0.381931,0.406701,0.407372,0.409987,1075692.0
08/22/1985,7.750000,7.812500,7.562500,7.687500,0.408747,622800,-,0.381700,0.406296,0.407483,0.411493,1078672.0
08/21/1985,7.687500,7.750000,7.500000,7.750000,0.412070,768000,-,0.381491,0.405760,0.407588,0.412988,1075852.0
08/20/1985,7.500000,7.625000,7.437500,7.625000,0.405424,534400,-,0.381207,0.405222,0.407206,0.411903,1071260.0
08/19/1985,7.562500,7.625000,7.500000,7.500000,0.398778,741800,-,0.380899,0.404817,0.407478,0.411163,1075588.0
08/16/1985,7.687500,7.875000,7.625000,7.687500,0.408747,939000,-,0.380625,0.404545,0.408082,0.411086,1071148.0
08/15/1985,7.750000,8.000000,7.750000,7.750000,0.412070,393600,-,0.380286,0.403946,0.408026,0.410334,1068720.0
08/14/1985,8.125000,8.187500,8.062500,8.062500,0.414064,4244000,-,0.379901,0.403408,0.407805,0.409250,1098604.0
08/13/1985,8.125000,8.125000,8.062500,8.125000,0.417274,529200,-,0.379521,0.402830,0.407484,0.407966,1026008.0
08/12/1985,8.187500,8.187500,7.937500,8.125000,0.417274,866400,-,0.379110,0.401995,0.406682,0.406682,1036040.0
08/09/1985,8.250000,8.250000,8.125000,8.187500,0.420484,1287800,-,0.378714,0.401032,0.406842,0.404756,1041620.0
08/08/1985,7.812500,8.250000,7.750000,8.250000,0.423694,2112000,-,0.378302,0.399813,0.406842,0.403472,1046604.0
08/07/1985,7.812500,7.812500,7.750000,7.812500,0.401225,481000,-,0.377888,0.398657,0.406521,0.402188,1031392.0
08/06/1985,7.750000,7.875000,7.750000,7.750000,0.398015,575400,-,0.377586,0.398015,0.407484,0.402509,1048148.0
08/05/1985,7.812500,7.812500,7.750000,7.750000,0.398015,455800,-,0.377301,0.397566,0.408447,0.403793,1065172.0
08/02/1985,7.812500,7.812500,7.750000,7.812500,0.401225,562600,-,0.377030,0.397117,0.409571,0.405077,1075956.0
08/01/1985,7.812500,7.875000,7.750000,7.812500,0.401225,575800,-,0.376671,0.396924,0.410213,0.405719,1077424.0
07/31/1985,7.875000,7.937500,7.750000,7.812500,0.401225,1311800,-,0.376268,0.396796,0.410854,0.406361,1131548.0
07/30/1985,7.750000,7.875000,7.750000,7.875000,0.404435,596800,-,0.375880,0.396860,0.411336,0.407003,1141160.0
07/29/1985,7.875000,7.937500,7.750000,7.750000,0.398015,2830000,-,0.375447,0.396860,0.411496,0.406682,1140816.0
07/26/1985,7.937500,8.000000,7.875000,7.937500,0.407645,553200,-,0.375017,0.396860,0.411336,0.408929,1094428.0
07/25/1985,7.937500,8.000000,7.875000,8.000000,0.410854,440400,-,0.374539,0.396577,0.410533,0.410213,1096340.0
07/24/1985,7.937500,8.000000,7.750000,7.875000,0.404435,794800,-,0.374030,0.396231,0.409410,0.410854,1099732.0
07/23/1985,8.000000,8.062500,7.875000,8.000000,0.410854,1524000,-,0.373525,0.395888,0.408608,0.412459,1093428.0
07/22/1985,7.937500,8.000000,7.875000,8.000000,0.410854,527000,-,0.372973,0.395418,0.407805,0.413101,1080412.0
07/19/1985,7.937500,8.000000,7.875000,7.937500,0.407645,527200,-,0.372421,0.394885,0.407966,0.414064,1082860.0
07/18/1985,7.875000,8.000000,7.687500,7.937500,0.407645,751600,-,0.371885,0.394293,0.407805,0.414706,1118916.0
07/17/1985,7.937500,8.062500,7.875000,7.937500,0.407645,1906400,-,0.371378,0.393763,0.407645,0.415348,1114692.0
07/16/1985,8.250000,8.250000,7.750000,7.812500,0.401225,3104000,-,0.370886,0.393232,0.407484,0.415669,1088352.0
07/15/1985,8.187500,8.250000,7.687500,8.187500,0.420484,1438000,-,0.370440,0.392830,0.406842,0.416311,1061084.0
07/12/1985,8.000000,8.187500,8.000000,8.187500,0.420484,666800,-,0.369898,0.392167,0.404916,0.413743,1053564.0
07/11/1985,8.125000,8.625000,8.000000,8.125000,0.417274,1179600,-,0.369356,0.391442,0.403151,0.410854,1048188.0
07/10/1985,8.125000,8.250000,8.125000,8.187500,0.420484,742800,-,0.368829,0.390905,0.401386,0.407966,1034748.0
07/09/1985,8.125000,8.312500,8.000000,8.125000,0.417274,1465600,-,0.368273,0.390304,0.399620,0.404756,1028440.0
07/08/1985,8.125000,8.187500,8.062500,8.187500,0.420484,1600000,-,0.367732,0.389829,0.398015,0.402509,1006848.0
07/05/1985,8.000000,8.125000,8.000000,8.062500,0.414064,474600,-,0.367204,0.389289,0.396250,0.401867,983784.0
07/03/1985,8.062500,8.125000,8.000000,8.062500,0.414064,1436400,-,0.366694,0.388878,0.394484,0.400904,982724.0
07/02/1985,7.937500,8.437500,7.937500,8.000000,0.410854,2000000,-,0.366170,0.388530,0.393040,0.399941,961036.0
07/01/1985,7.687500,7.937500,7.625000,7.937500,0.407645,1194200,-,0.365661,0.388183,0.391756,0.399299,928420.0
06/28/1985,7.625000,7.687500,7.562500,7.687500,0.394805,545200,-,0.365168,0.387962,0.390151,0.397373,912652.0
06/27/1985,7.562500,7.750000,7.500000,7.625000,0.391596,440600,-,0.364711,0.387937,0.388867,0.396089,911392.0
06/26/1985,7.562500,7.625000,7.500000,7.562500,0.388386,535600,-,0.364227,0.387975,0.387262,0.395447,909188.0
06/25/1985,7.625000,7.687500,7.562500,7.562500,0.388386,838600,-,0.363744,0.388016,0.386139,0.394805,908612.0
06/24/1985,7.812500,8.000000,7.500000,7.687500,0.394805,1505400,-,0.363232,0.388057,0.385176,0.394484,898616.0
06/21/1985,7.875000,8.062500,7.875000,8.062500,0.414064,2670000,-,0.362688,0.387969,0.384213,0.393521,884884.0
06/20/1985,7.875000,8.000000,7.875000,7.875000,0.404435,505800,-,0.362005,0.387496,0.382287,0.390633,837848.0
06/19/1985,7.937500,8.000000,7.875000,7.875000,0.404435,1328400,-,0.361355,0.387154,0.381645,0.388065,837348.0
06/18/1985,7.625000,7.875000,7.562500,7.875000,0.404435,1056200,-,0.360691,0.386750,0.381164,0.386139,818812.0
06/17/1985,7.437500,7.625000,7.437500,7.562500,0.388386,774400,-,0.360041,0.386346,0.381164,0.384213,811964.0
06/14/1985,7.500000,7.500000,7.437500,7.437500,0.381967,428000,-,0.359457,0.386325,0.381966,0.382929,972276.0
06/13/1985,7.437500,7.937500,7.437500,7.500000,0.385176,550600,-,0.358905,0.386494,0.382769,0.381645,970800.0
06/12/1985,7.500000,7.500000,7.437500,7.437500,0.381967,481800,-,0.358337,0.386661,0.383186,0.379077,971640.0
06/11/1985,7.500000,7.500000,7.375000,7.500000,0.385176,538400,-,0.357785,0.386892,0.383764,0.377472,969420.0
06/10/1985,7.500000,7.500000,7.375000,7.500000,0.385176,750800,-,0.357217,0.387059,0.383871,0.375868,966464.0
06/07/1985,7.437500,7.500000,7.375000,7.500000,0.385176,519800,-,0.356649,0.387102,0.383979,0.374905,957104.0
06/06/1985,7.437500,7.500000,7.375000,7.375000,0.378756,817600,-,0.356110,0.387083,0.383931,0.373942,956076.0
06/05/1985,7.500000,7.625000,7.437500,7.500000,0.385176,1887800,-,0.355603,0.387068,0.383895,0.375226,944996.0
06/04/1985,7.375000,7.500000,7.312500,7.500000,0.385176,614200,-,0.355021,0.386925,0.383692,0.376189,911472.0
06/03/1985,7.187500,7.312500,7.187500,7.312500,0.375547,1030800,-,0.354395,0.386782,0.383490,0.378115,908172.0
05/31/1985,7.000000,7.312500,6.937500,7.187500,0.369127,1145400,-,0.353803,0.386832,0.383769,0.381003,894308.0
05/30/1985,7.125000,7.187500,6.937500,7.000000,0.359498,1537000,-,0.353266,0.387010,0.384679,0.383892,878384.0
05/29/1985,7.125000,7.187500,7.000000,7.125000,0.365917,1351400,-,0.352778,0.387442,0.385915,0.387295,856948.0
05/28/1985,7.312500,7.375000,7.125000,7.187500,0.369127,1318800,-,0.352257,0.387685,0.387140,0.390055,839964.0
05/24/1985,7.187500,7.375000,7.125000,7.312500,0.375547,1426600,-,0.351720,0.387739,0.388205,0.391875,821732.0
05/23/1985,7.562500,7.625000,7.312500,7.312500,0.375547,995000,-,0.351151,0.387788,0.389104,0.393052,799568.0
05/22/1985,7.625000,7.687500,7.500000,7.625000,0.391596,636000,-,0.350568,0.387776,0.390003,0.393920,784624.0
05/21/1985,7.750000,7.812500,7.562500,7.687500,0.394805,3282000,-,0.349905,0.387443,0.390099,0.392564,783008.0
05/20/1985,7.875000,7.937500,7.500000,7.875000,0.404435,1792400,-,0.349226,0.386983,0.390190,0.391196,736024.0
05/17/1985,7.750000,7.875000,7.687500,7.875000,0.404435,579600,-,0.348499,0.386393,0.389644,0.388865,708148.0
05/16/1985,7.750000,7.750000,7.625000,7.750000,0.398015,510600,-,0.347786,0.385865,0.389253,0.386534,721796.0
05/15/1985,7.937500,8.000000,7.875000,7.937500,0.393522,648800,-,0.347091,0.385527,0.389029,0.385465,717944.0
05/14/1985,7.875000,7.937500,7.812500,7.937500,0.393522,610000,-,0.346418,0.385279,0.389029,0.384536,713880.0
05/13/1985,7.812500,7.875000,7.750000,7.812500,0.387325,479600,-,0.345746,0.385031,0.388874,0.384226,711736.0
05/10/1985,7.687500,7.812500,7.687500,7.812500,0.387325,873200,-,0.345118,0.385031,0.389029,0.384536,708580.0
05/09/1985,7.687500,7.750000,7.625000,7.750000,0.384226,649400,-,0.344449,0.384907,0.389184,0.385155,696544.0
05/08/1985,7.687500,7.687500,7.562500,7.625000,0.378029,2330000,-,0.343781,0.384907,0.389493,0.386085,689664.0
05/07/1985,7.687500,7.750000,7.625000,7.687500,0.381127,540400,-,0.343131,0.385031,0.389958,0.387634,664900.0
05/06/1985,7.750000,7.750000,7.625000,7.687500,0.381127,589400,-,0.342466,0.384969,0.390113,0.389184,687828.0
05/03/1985,7.812500,7.812500,7.687500,7.687500,0.381127,1740600,-,0.341717,0.385069,0.390268,0.390423,688444.0
05/02/1985,7.750000,7.875000,7.750000,7.812500,0.387325,1062000,-,0.340955,0.385287,0.390578,0.391972,660280.0
05/01/1985,7.875000,7.875000,7.750000,7.750000,0.384226,398000,-,0.340272,0.385323,0.390733,0.392592,643568.0
04/30/1985,7.875000,7.875000,7.750000,7.875000,0.390423,507600,-,0.339618,0.385420,0.391198,0.393522,641252.0
04/29/1985,7.875000,7.937500,7.562500,7.875000,0.390423,427400,-,0.338934,0.385333,0.391353,0.393522,635416.0
04/26/1985,7.937500,7.937500,7.875000,7.937500,0.393522,386000,-,0.338235,0.385306,0.391507,0.393522,633408.0
04/25/1985,8.000000,8.000000,7.875000,7.937500,0.393522,446800,-,0.337577,0.385097,0.391198,0.393212,649012.0
04/24/1985,7.937500,8.000000,7.875000,7.937500,0.393522,421600,-,0.336932,0.384829,0.390733,0.392902,643904.0
04/23/1985,7.875000,8.000000,7.875000,8.000000,0.396620,352000,-,0.336273,0.384441,0.389958,0.392282,658976.0
04/22/1985,7.937500,8.000000,7.562500,7.937500,0.393522,369200,-,0.335640,0.384170,0.389029,0.391043,663988.0
04/19/1985,7.937500,8.000000,7.875000,8.000000,0.396620,405800,-,0.334995,0.383902,0.388254,0.390113,663460.0
04/18/1985,8.000000,8.000000,7.812500,7.937500,0.393522,482200,-,0.334334,0.383511,0.387324,0.389184,664480.0
04/17/1985,7.937500,8.000000,7.875000,7.937500,0.393522,330400,-,0.333731,0.383303,0.386550,0.388874,662332.0
04/16/1985,7.937500,7.937500,7.625000,7.875000,0.390423,506800,-,0.333141,0.383034,0.385930,0.388874,661344.0
04/15/1985,7.875000,7.937500,7.687500,7.875000,0.390423,338800,-,0.332566,0.382828,0.385310,0.389184,657584.0
04/12/1985,7.875000,7.937500,7.812500,7.875000,0.390423,818800,-,0.331978,0.382681,0.384381,0.389493,657296.0
04/11/1985,7.812500,7.875000,7.750000,7.875000,0.390423,318200,-,0.331404,0.382535,0.383761,0.389184,648836.0
04/10/1985,7.750000,7.875000,7.500000,7.812500,0.387325,480800,-,0.330829,0.382328,0.382986,0.388564,648100.0
04/09/1985,7.687500,7.812500,7.687500,7.750000,0.384226,401600,-,0.330284,0.382124,0.382367,0.387634,645700.0
04/08/1985,7.812500,7.875000,7.687500,7.750000,0.384226,713800,-,0.329741,0.381981,0.381747,0.387015,644744.0
04/04/1985,7.875000,7.875000,7.750000,7.812500,0.387325,8790000,-,0.329197,0.381659,0.381282,0.386395,637140.0
04/03/1985,7.875000,7.937500,7.812500,7.875000,0.390423,354200,-,0.328625,0.381395,0.380817,0.385465,467132.0
04/02/1985,7.875000,8.000000,7.875000,7.937500,0.393522,592600,-,0.328064,0.380949,0.380352,0.384226,469484.0
04/01/1985,7.937500,7.937500,7.687500,7.937500,0.393522,370800,-,0.327502,0.380441,0.379733,0.382986,466204.0
03/29/1985,7.750000,7.937500,7.687500,7.937500,0.393522,390600,-,0.326912,0.379934,0.379113,0.381437,464936.0
03/28/1985,7.687500,7.812500,7.562500,7.812500,0.387325,282800,-,0.326336,0.379306,0.378803,0.379268,464524.0
03/27/1985,7.625000,7.812500,7.625000,7.750000,0.384226,468400,-,0.325804,0.378862,0.378493,0.378338,466536.0
03/26/1985,7.625000,7.750000,7.625000,7.625000,0.378029,263600,-,0.325288,0.378480,0.378493,0.377409,466136.0
03/25/1985,7.687500,7.750000,7.562500,7.625000,0.378029,211600,-,0.324776,0.378163,0.378803,0.377099,472032.0
03/22/1985,7.687500,7.750000,7.562500,7.625000,0.378029,449200,-,0.324277,0.377785,0.378803,0.376479,475292.0
03/21/1985,7.625000,7.687500,7.562500,7.625000,0.378029,337600,-,0.323792,0.377407,0.379206,0.376169,487256.0
03/20/1985,7.687500,7.687500,7.562500,7.625000,0.378029,349200,-,0.323294,0.376850,0.379908,0.376169,491176.0
03/19/1985,7.562500,7.750000,7.500000,7.687500,0.381127,465200,-,0.322781,0.376353,0.380461,0.376479,497672.0
03/18/1985,7.500000,7.625000,7.500000,7.625000,0.378029,502200,-,0.322281,0.375913,0.380858,0.376479,502216.0
03/15/1985,7.562500,7.562500,7.500000,7.500000,0.371831,407200,-,0.321782,0.375416,0.381261,0.376789,497744.0
03/14/1985,7.562500,7.625000,7.562500,7.625000,0.378029,318400,-,0.321273,0.375162,0.382123,0.378338,500104.0
03/13/1985,7.625000,7.625000,7.500000,7.562500,0.374930,247800,-,0.320706,0.374785,0.382376,0.378648,499120.0
03/12/1985,7.562500,7.625000,7.500000,7.562500,0.374930,555200,-,0.320181,0.374409,0.382635,0.379578,500784.0
03/11/1985,7.625000,7.625000,7.500000,7.500000,0.371831,932800,-,0.319684,0.373974,0.382594,0.380507,494096.0
03/08/1985,7.625000,7.625000,7.562500,7.562500,0.374930,398600,-,0.319175,0.373601,0.383157,0.381127,480304.0
03/07/1985,7.625000,7.750000,7.562500,7.625000,0.378029,1262000,-,0.318651,0.373225,0.383415,0.382243,477580.0
03/06/1985,7.687500,7.750000,7.562500,7.687500,0.381127,318000,-,0.318111,0.372847,0.383369,0.383647,455488.0
03/05/1985,7.750000,7.750000,7.625000,7.687500,0.381127,445600,-,0.317583,0.372348,0.383468,0.384442,459188.0
03/04/1985,7.750000,7.812500,7.687500,7.687500,0.381127,502800,-,0.317069,0.371849,0.383416,0.385237,456880.0
03/01/1985,7.687500,7.812500,7.687500,7.812500,0.387325,321800,-,0.316568,0.371409,0.383365,0.385733,455568.0
02/28/1985,7.750000,7.812500,7.687500,7.687500,0.381127,271400,-,0.316059,0.370965,0.383153,0.385908,468460.0
02/27/1985,7.687500,7.812500,7.687500,7.750000,0.384226,305400,-,0.315580,0.370406,0.383251,0.386105,467704.0
02/26/1985,7.625000,7.750000,7.625000,7.750000,0.384226,1091800,-,0.315087,0.369785,0.383045,0.385692,467304.0
02/25/1985,7.750000,8.125000,7.500000,7.625000,0.378029,1686800,-,0.314606,0.369163,0.382689,0.384681,452552.0
02/22/1985,8.062500,8.187500,8.062500,8.062500,0.386085,620200,-,0.314156,0.368726,0.382643,0.385187,430028.0
02/21/1985,8.125000,8.187500,8.062500,8.187500,0.392071,332400,-,0.313680,0.368127,0.381745,0.384588,425984.0
02/20/1985,8.062500,8.187500,8.062500,8.125000,0.389078,226400,-,0.313120,0.367409,0.380847,0.383092,428272.0
02/19/1985,8.062500,8.187500,7.562500,8.125000,0.389078,282200,-,0.312549,0.366631,0.379800,0.382493,429608.0
02/15/1985,8.062500,8.125000,8.000000,8.062500,0.386085,215800,-,0.311978,0.365793,0.378752,0.381596,445024.0
02/14/1985,8.062500,8.187500,7.625000,8.125000,0.389078,327000,-,0.311409,0.365015,0.377854,0.380997,450620.0
02/13/1985,8.000000,8.125000,7.937500,8.000000,0.383092,1166200,-,0.310825,0.363997,0.376508,0.380398,447280.0
02/12/1985,7.937500,7.937500,7.812500,7.937500,0.380099,191400,-,0.310271,0.363219,0.375610,0.380398,433304.0
02/11/1985,7.937500,8.000000,7.812500,7.812500,0.374113,1175200,-,0.309731,0.362680,0.374861,0.380398,441124.0
02/08/1985,8.000000,8.000000,7.937500,8.000000,0.383092,602600,-,0.309222,0.362201,0.374263,0.380698,423092.0
02/07/1985,7.937500,8.000000,7.875000,7.937500,0.380099,342800,-,0.308668,0.361543,0.373066,0.380099,416100.0
02/06/1985,7.937500,8.000000,7.750000,7.875000,0.377106,456800,-,0.308142,0.360885,0.372018,0.378902,416760.0
02/05/1985,8.000000,8.000000,7.937500,8.000000,0.383092,374800,-,0.307631,0.360226,0.370671,0.378603,417580.0
02/04/1985,7.937500,8.000000,7.937500,7.937500,0.380099,281000,-,0.307090,0.359388,0.369175,0.377106,416224.0
02/01/1985,7.937500,8.000000,7.562500,7.937500,0.380099,318800,-,0.306577,0.358490,0.368127,0.375909,418216.0
01/31/1985,7.937500,8.000000,7.875000,8.000000,0.383092,324400,-,0.306051,0.357533,0.366781,0.374712,420736.0
01/30/1985,7.937500,8.000000,7.875000,8.000000,0.383092,395800,-,0.305510,0.356695,0.365583,0.372617,420740.0
01/29/1985,7.812500,7.937500,7.812500,7.937500,0.380099,281400,-,0.304942,0.355916,0.364386,0.370821,419448.0
01/28/1985,7.812500,7.875000,7.812500,7.875000,0.377106,360800,-,0.304403,0.355318,0.363189,0.369325,423572.0
01/25/1985,7.750000,7.875000,7.687500,7.875000,0.377106,353800,-,0.303879,0.354779,0.361992,0.367828,424720.0
01/24/1985,7.750000,7.812500,7.687500,7.687500,0.368127,333600,-,0.303368,0.354360,0.360795,0.366032,425044.0
01/23/1985,7.687500,7.812500,7.625000,7.812500,0.374113,289600,-,0.302915,0.354180,0.360196,0.365134,426448.0
01/22/1985,7.625000,7.812500,7.625000,7.687500,0.368127,471800,-,0.302471,0.353881,0.359448,0.362740,428720.0
01/21/1985,7.625000,7.750000,7.562500,7.687500,0.368127,428600,-,0.302032,0.353582,0.358849,0.361244,433028.0
01/18/1985,7.562500,7.687500,7.500000,7.687500,0.368127,307400,-,0.301605,0.353402,0.358251,0.360346,456624.0
01/17/1985,7.625000,7.625000,7.500000,7.562500,0.362142,370000,-,0.301218,0.353378,0.357802,0.358849,486852.0
01/16/1985,7.625000,7.687500,7.500000,7.625000,0.365135,383400,-,0.300888,0.353243,0.357952,0.358550,494076.0
01/15/1985,7.625000,7.625000,7.562500,7.625000,0.365135,448400,-,0.300568,0.352817,0.357353,0.357952,492152.0
01/14/1985,7.500000,7.562500,7.437500,7.562500,0.362142,558400,-,0.300263,0.352390,0.356754,0.357054,494600.0
01/11/1985,7.437500,7.500000,7.375000,7.500000,0.359149,374600,-,0.299958,0.351966,0.356305,0.356156,490152.0
01/10/1985,7.375000,7.500000,7.312500,7.500000,0.359149,1047400,-,0.299683,0.351486,0.356156,0.355557,489288.0
01/09/1985,7.312500,7.375000,7.312500,7.312500,0.350170,533600,-,0.299393,0.351064,0.356006,0.355258,479068.0
01/08/1985,7.375000,7.437500,7.250000,7.375000,0.353163,674000,-,0.299136,0.350763,0.356305,0.356156,479820.0
01/07/1985,7.437500,7.562500,7.375000,7.500000,0.359149,692400,-,0.298863,0.350461,0.356156,0.356455,489308.0
01/04/1985,7.375000,7.500000,7.312500,7.375000,0.353163,278600,-,0.298574,0.350039,0.355557,0.356156,485372.0
01/03/1985,7.500000,7.500000,7.375000,7.500000,0.359149,525200,-,0.298302,0.349794,0.355258,0.356754,487504.0
01/02/1985,7.437500,7.500000,7.375000,7.500000,0.359149,269200,-,0.298026,0.349430,0.354210,0.357353,486892.0
12/31/1984,7.437500,7.500000,7.187500,7.437500,0.356156,331000,-,0.297724,0.349065,0.353462,0.356754,508480.0
12/28/1984,7.375000,7.437500,7.312500,7.375000,0.353163,220800,-,0.297463,0.348818,0.353313,0.356455,511664.0
12/27/1984,7.437500,7.437500,7.375000,7.375000,0.353163,243200,-,0.297217,0.348342,0.353163,0.356455,517612.0
12/26/1984,7.437500,7.437500,7.312500,7.437500,0.356156,262400,-,0.296997,0.347693,0.353013,0.356754,523100.0
12/24/1984,7.500000,7.500000,7.312500,7.500000,0.359149,157400,-,0.296749,0.347042,0.352564,0.356754,526920.0
12/21/1984,7.437500,7.562500,7.375000,7.437500,0.356156,503000,-,0.296487,0.346215,0.351816,0.356455,530944.0
12/20/1984,7.500000,7.562500,7.437500,7.437500,0.356156,330200,-,0.296212,0.345333,0.351068,0.355857,529980.0
12/19/1984,7.625000,7.625000,7.062500,7.500000,0.359149,437200,-,0.295938,0.344450,0.350020,0.354959,540780.0
12/18/1984,7.437500,7.625000,7.375000,7.625000,0.365135,966400,-,0.295675,0.343450,0.348674,0.353761,541340.0
12/17/1984,7.312500,7.375000,7.312500,7.375000,0.353163,233600,-,0.295383,0.342215,0.347476,0.351068,528876.0
12/14/1984,7.437500,7.437500,7.375000,7.375000,0.353163,285400,-,0.295150,0.341161,0.347027,0.350170,537624.0
12/13/1984,7.437500,7.500000,7.375000,7.375000,0.353163,354200,-,0.294904,0.340108,0.346878,0.350170,570376.0
12/12/1984,7.437500,7.500000,7.375000,7.437500,0.356156,560600,-,0.294645,0.339054,0.346728,0.349871,569120.0
12/11/1984,7.437500,7.562500,7.375000,7.437500,0.356156,418000,-,0.294371,0.338056,0.346728,0.349272,563176.0
12/10/1984,7.312500,7.500000,7.250000,7.437500,0.356156,446800,-,0.294083,0.337116,0.346878,0.348374,558920.0
12/07/1984,7.375000,7.437500,7.250000,7.312500,0.350170,293200,-,0.293809,0.336233,0.347027,0.347177,555416.0
12/06/1984,7.250000,7.437500,7.125000,7.250000,0.347177,1053000,-,0.293546,0.335471,0.347177,0.346279,557928.0
12/05/1984,7.125000,7.312500,7.062500,7.250000,0.347177,495600,-,0.293298,0.334768,0.347776,0.345082,550044.0
12/04/1984,7.125000,7.187500,7.062500,7.062500,0.338198,160000,-,0.293063,0.334065,0.348763,0.343586,553052.0
12/03/1984,7.312500,7.375000,7.062500,7.187500,0.344184,467400,-,0.292873,0.333484,0.349622,0.343885,553300.0
11/30/1984,7.312500,7.375000,7.250000,7.375000,0.353163,582400,-,0.292640,0.332783,0.349604,0.343885,556344.0
11/29/1984,7.312500,7.312500,7.187500,7.312500,0.350170,273600,-,0.292350,0.332018,0.349136,0.343586,559652.0
11/28/1984,7.312500,7.375000,7.250000,7.312500,0.350170,253000,-,0.292062,0.331256,0.348674,0.343586,572300.0
11/27/1984,7.187500,7.312500,7.000000,7.250000,0.347177,375800,-,0.291773,0.330435,0.347923,0.344184,592300.0
11/26/1984,7.187500,7.250000,7.125000,7.187500,0.344184,497800,-,0.291488,0.329675,0.347466,0.345381,591032.0
11/23/1984,7.125000,7.250000,7.062500,7.125000,0.341191,307000,-,0.291242,0.328974,0.347014,0.346878,604044.0
11/21/1984,7.000000,7.062500,6.937500,7.000000,0.335205,380600,-,0.291075,0.328217,0.346857,0.348075,614508.0
11/20/1984,7.125000,7.125000,6.625000,6.937500,0.332213,444800,-,0.290938,0.327407,0.346998,0.350469,620216.0
11/19/1984,7.187500,7.250000,7.062500,7.125000,0.341191,324600,-,0.290829,0.326599,0.347434,0.353941,644264.0
11/16/1984,7.312500,7.375000,7.187500,7.187500,0.344184,331200,-,0.290662,0.325496,0.347421,0.355359,657124.0
11/15/1984,7.312500,7.375000,7.250000,7.312500,0.350170,487600,-,0.290505,0.324333,0.347258,0.355323,670000.0
11/14/1984,7.437500,7.437500,7.187500,7.312500,0.350170,418200,-,0.290331,0.322877,0.346940,0.354687,682048.0
11/13/1984,7.437500,7.500000,7.375000,7.437500,0.356156,370000,-,0.290132,0.321363,0.345901,0.353763,685896.0
11/12/1984,7.500000,7.500000,7.437500,7.500000,0.359149,403800,-,0.289878,0.319672,0.344128,0.351662,683700.0
11/09/1984,7.500000,7.562500,7.437500,7.500000,0.359149,403200,-,0.289583,0.317978,0.342350,0.349551,683768.0
11/08/1984,7.437500,7.562500,7.125000,7.375000,0.353163,687200,-,0.289300,0.316227,0.340283,0.347151,683164.0
11/07/1984,7.500000,7.562500,7.375000,7.500000,0.359149,1608400,-,0.289023,0.314595,0.338227,0.345639,675616.0
11/06/1984,7.750000,7.937500,7.750000,7.937500,0.366930,1818800,-,0.288702,0.312844,0.335871,0.343528,646552.0
11/05/1984,7.437500,7.687500,7.437500,7.687500,0.355373,731200,-,0.288318,0.310937,0.332982,0.340927,616860.0
11/02/1984,7.437500,7.500000,7.375000,7.437500,0.343817,287200,-,0.288003,0.309262,0.330382,0.339483,612892.0
11/01/1984,7.312500,7.437500,7.312500,7.437500,0.343817,570800,-,0.287734,0.307817,0.328215,0.339194,613916.0
10/31/1984,7.375000,7.375000,7.250000,7.375000,0.340927,336000,-,0.287491,0.306488,0.326048,0.339194,610296.0
10/30/1984,7.312500,7.375000,7.250000,7.250000,0.335149,331400,-,0.287274,0.305217,0.324025,0.338038,621560.0
10/29/1984,7.250000,7.312500,7.187500,7.312500,0.338038,536400,-,0.287074,0.303888,0.322581,0.336594,620564.0
10/26/1984,7.250000,7.312500,7.187500,7.250000,0.335149,571200,-,0.286871,0.302327,0.321136,0.335149,617052.0
10/25/1984,7.375000,7.437500,7.250000,7.312500,0.338038,1148400,-,0.286735,0.300767,0.319981,0.333415,611824.0
10/24/1984,7.312500,7.375000,7.250000,7.312500,0.338038,495600,-,0.286545,0.299242,0.318680,0.330815,604928.0
10/23/1984,7.312500,7.437500,7.125000,7.375000,0.340927,385200,-,0.286343,0.297716,0.317380,0.328215,617816.0
10/22/1984,7.375000,7.500000,7.125000,7.375000,0.340927,494600,-,0.286178,0.296133,0.315936,0.325037,616472.0
10/19/1984,7.500000,7.562500,7.312500,7.375000,0.340927,1348600,-,0.286025,0.294550,0.314347,0.321281,612752.0
10/18/1984,7.062500,7.437500,6.750000,7.437500,0.343817,490200,-,0.285910,0.292966,0.312757,0.317236,592844.0
10/17/1984,7.000000,7.125000,6.937500,7.125000,0.329371,518200,-,0.285806,0.291270,0.311313,0.312902,590384.0
10/16/1984,7.000000,7.062500,6.937500,6.937500,0.320703,517600,-,0.285635,0.289863,0.310446,0.310013,586088.0
10/15/1984,6.937500,7.000000,6.875000,7.000000,0.323592,453400,-,0.285481,0.288629,0.309868,0.308568,589436.0
10/12/1984,6.812500,6.937500,6.750000,6.875000,0.317814,358600,-,0.285326,0.287337,0.309146,0.307123,596104.0
10/11/1984,6.750000,6.812500,6.687500,6.750000,0.312035,454800,-,0.285186,0.286216,0.308713,0.306546,595248.0
10/10/1984,6.687500,6.875000,6.625000,6.750000,0.312035,870200,-,0.285076,0.285156,0.308279,0.306546,634788.0
10/09/1984,6.625000,6.687500,6.562500,6.687500,0.309146,465200,-,0.284991,0.284095,0.307412,0.306546,621220.0
10/08/1984,6.562500,6.625000,6.500000,6.562500,0.303367,343200,-,0.284870,0.283092,0.306546,0.306835,618552.0
10/05/1984,6.562500,6.750000,6.500000,6.500000,0.300478,671000,-,0.284765,0.282260,0.305679,0.307412,618560.0
10/04/1984,6.500000,6.562500,6.500000,6.500000,0.300478,1923000,-,0.284700,0.281321,0.304957,0.308279,609168.0
10/03/1984,6.625000,6.687500,6.437500,6.500000,0.300478,291400,-,0.284660,0.280326,0.303801,0.309724,576652.0
10/02/1984,6.687500,6.812500,6.562500,6.625000,0.306257,263400,-,0.284620,0.279276,0.302501,0.310880,586272.0
10/01/1984,6.750000,6.812500,6.562500,6.687500,0.309146,205200,-,0.284514,0.278111,0.300767,0.311168,596780.0
09/28/1984,6.750000,6.812500,6.625000,6.750000,0.312035,271600,-,0.284494,0.276557,0.299034,0.311168,610700.0
09/27/1984,6.750000,6.875000,6.500000,6.750000,0.312035,418800,-,0.284473,0.274890,0.297011,0.310879,641748.0
09/26/1984,6.750000,6.812500,6.687500,6.750000,0.312035,658800,-,0.284452,0.273664,0.294989,0.310013,658128.0
09/25/1984,6.687500,6.750000,6.562500,6.750000,0.312035,646000,-,0.284418,0.272493,0.292966,0.308279,653872.0
09/24/1984,6.687500,6.812500,6.625000,6.687500,0.309146,172400,-,0.284358,0.271323,0.290944,0.306257,652668.0
09/21/1984,6.812500,6.875000,6.687500,6.687500,0.309146,619600,-,0.284301,0.270155,0.289066,0.303945,662128.0
09/20/1984,6.750000,6.875000,6.687500,6.812500,0.314924,747800,-,0.284243,0.269207,0.287188,0.301634,654840.0
09/19/1984,6.687500,6.750000,6.625000,6.750000,0.312035,906000,-,0.284144,0.268199,0.285310,0.297878,646368.0
09/18/1984,6.687500,6.750000,6.562500,6.687500,0.309146,1253000,-,0.284034,0.267193,0.283576,0.294122,638860.0
09/17/1984,6.687500,6.812500,6.687500,6.687500,0.309146,312400,-,0.283938,0.266411,0.281554,0.290366,619424.0
09/14/1984,6.562500,6.812500,6.500000,6.687500,0.309146,1148400,-,0.283880,0.265518,0.279098,0.286899,622560.0
09/13/1984,6.375000,6.625000,6.312500,6.562500,0.303367,830200,-,0.283861,0.264626,0.276498,0.283143,609900.0
09/12/1984,6.312500,6.437500,6.312500,6.375000,0.294700,666000,-,0.283921,0.264014,0.274418,0.279965,597144.0
09/11/1984,6.312500,6.437500,6.312500,6.312500,0.291811,1647200,-,0.284012,0.263631,0.272771,0.277653,587572.0
09/10/1984,6.187500,6.250000,6.062500,6.187500,0.286032,967600,-,0.284143,0.263306,0.271268,0.275631,560784.0
09/07/1984,6.000000,6.187500,6.000000,6.187500,0.286032,975000,-,0.284302,0.263041,0.270055,0.274186,551184.0
09/06/1984,5.937500,6.062500,5.875000,6.000000,0.277365,1090000,-,0.284462,0.262831,0.268841,0.272742,535264.0
09/05/1984,5.875000,5.937500,5.812500,5.937500,0.274475,610600,-,0.284678,0.262794,0.267924,0.272742,518200.0
09/04/1984,5.937500,5.937500,5.875000,5.875000,0.271586,260200,-,0.284908,0.262871,0.267150,0.273031,513548.0
08/31/1984,5.875000,5.937500,5.812500,5.937500,0.274475,407200,-,0.285165,0.262950,0.266521,0.272742,512400.0
08/30/1984,5.875000,5.875000,5.750000,5.875000,0.271586,373000,-,0.285408,0.262971,0.265748,0.271297,509748.0
08/29/1984,5.875000,5.875000,5.750000,5.875000,0.271586,309800,-,0.285653,0.262995,0.265257,0.269853,510720.0
08/28/1984,5.875000,5.875000,5.750000,5.875000,0.271586,155200,-,0.285898,0.263129,0.264628,0.268870,515132.0
08/27/1984,5.875000,5.875000,5.750000,5.875000,0.271586,334200,-,0.286129,0.263318,0.263999,0.267888,518684.0
08/24/1984,5.875000,5.937500,5.875000,5.875000,0.271586,532800,-,0.286374,0.263398,0.263370,0.266906,517496.0
08/23/1984,6.000000,6.062500,5.875000,5.875000,0.271586,338400,-,0.286619,0.263532,0.262879,0.265923,509772.0
08/22/1984,6.000000,6.250000,5.937500,6.000000,0.277365,389800,-,0.286851,0.263721,0.261974,0.264941,505480.0
08/21/1984,5.875000,6.062500,5.875000,6.000000,0.277365,899200,-,0.287104,0.263795,0.260643,0.263105,500376.0
08/20/1984,5.625000,5.875000,5.625000,5.812500,0.268697,281600,-,0.287371,0.263758,0.259174,0.261270,485932.0
08/17/1984,5.562500,5.687500,5.562500,5.625000,0.260029,360800,-,0.287681,0.263950,0.258139,0.260301,484680.0
08/16/1984,5.687500,5.687500,5.562500,5.562500,0.257140,309800,-,0.288098,0.264371,0.256710,0.260198,480232.0
08/15/1984,5.937500,5.937500,5.500000,5.937500,0.261763,803600,-,0.288526,0.264794,0.255288,0.260661,476964.0
08/14/1984,5.937500,5.937500,5.875000,5.937500,0.261763,1140000,-,0.288956,0.265069,0.254737,0.260385,464132.0
08/13/1984,5.937500,5.937500,5.875000,5.937500,0.261763,318000,-,0.289361,0.265455,0.254323,0.260110,446560.0
08/10/1984,5.937500,5.937500,5.812500,5.937500,0.261763,308600,-,0.289779,0.265786,0.253910,0.259834,444620.0
08/09/1984,5.875000,5.937500,5.750000,5.937500,0.261763,353200,-,0.290196,0.265951,0.253359,0.259834,445728.0
08/08/1984,5.875000,5.875000,5.812500,5.875000,0.259007,367200,-,0.290614,0.266006,0.253359,0.259007,447084.0
08/07/1984,5.875000,5.875000,5.812500,5.875000,0.259007,303400,-,0.291033,0.266227,0.253634,0.258181,447732.0
08/06/1984,5.875000,5.937500,5.687500,5.875000,0.259007,685000,-,0.291439,0.266557,0.253772,0.257079,446388.0
08/03/1984,5.937500,6.000000,5.812500,5.875000,0.259007,786800,-,0.291858,0.266778,0.254323,0.255976,440516.0
08/02/1984,5.875000,5.937500,5.875000,5.937500,0.261763,315800,-,0.292252,0.266998,0.254599,0.253221,430172.0
08/01/1984,5.875000,6.000000,5.875000,5.875000,0.259007,2431800,-,0.292645,0.267163,0.254737,0.249915,432032.0
07/31/1984,5.875000,5.937500,5.812500,5.875000,0.259007,191800,-,0.293052,0.267494,0.255425,0.249088,391992.0
07/30/1984,5.937500,5.937500,5.812500,5.875000,0.259007,331800,-,0.293458,0.267880,0.256252,0.248537,396280.0
07/27/1984,5.750000,6.000000,5.750000,5.937500,0.261763,343600,-,0.293865,0.268321,0.257079,0.247986,396404.0
07/26/1984,5.687500,5.750000,5.625000,5.750000,0.253496,201400,-,0.294258,0.268795,0.257630,0.246884,398424.0
07/25/1984,5.625000,5.750000,5.625000,5.687500,0.250741,297200,-,0.294692,0.269434,0.258732,0.247710,399720.0
07/24/1984,5.625000,5.812500,5.562500,5.625000,0.247986,772400,-,0.295152,0.270128,0.259972,0.249088,422164.0
07/23/1984,5.250000,5.625000,5.250000,5.625000,0.247986,788800,-,0.295639,0.270931,0.261487,0.250466,412856.0
07/20/1984,5.187500,5.312500,5.125000,5.250000,0.231453,901200,-,0.296150,0.271733,0.262865,0.252670,415476.0
07/19/1984,5.625000,5.625000,4.500000,5.187500,0.228698,1824000,-,0.296694,0.272919,0.265069,0.255976,419420.0
07/18/1984,5.750000,5.812500,5.625000,5.687500,0.250741,1237800,-,0.297240,0.273948,0.267274,0.259559,388328.0
07/17/1984,5.750000,5.812500,5.687500,5.750000,0.253496,446000,-,0.297638,0.274431,0.268651,0.261763,368536.0
07/16/1984,5.687500,5.812500,5.625000,5.750000,0.253496,585800,-,0.298036,0.274859,0.270029,0.263967,366264.0
07/13/1984,5.937500,5.937500,5.687500,5.687500,0.250741,645400,-,0.298420,0.275234,0.271131,0.266172,360464.0
07/12/1984,6.000000,6.062500,5.875000,5.937500,0.261763,255200,-,0.298844,0.275664,0.272509,0.268376,355848.0
07/11/1984,5.937500,6.000000,5.937500,6.000000,0.264518,324200,-,0.299212,0.275874,0.273473,0.269754,360256.0
07/10/1984,6.062500,6.062500,5.937500,5.937500,0.261763,530600,-,0.299566,0.276028,0.274300,0.270856,361236.0
07/09/1984,6.000000,6.125000,6.000000,6.125000,0.270029,281200,-,0.299922,0.276238,0.274989,0.272509,355940.0
07/06/1984,6.000000,6.062500,6.000000,6.000000,0.264518,469200,-,0.300224,0.276282,0.275402,0.273060,366064.0
07/05/1984,6.187500,6.187500,6.000000,6.000000,0.264518,515400,-,0.300554,0.276489,0.276229,0.274162,362196.0
07/03/1984,6.250000,6.250000,6.125000,6.187500,0.272784,192400,-,0.300871,0.276697,0.276917,0.274989,358208.0
07/02/1984,6.250000,6.250000,6.125000,6.250000,0.275540,187400,-,0.301135,0.276739,0.277055,0.275540,361024.0
06/29/1984,6.187500,6.250000,6.125000,6.250000,0.275540,307800,-,0.301385,0.276779,0.277331,0.276091,363296.0
06/28/1984,6.250000,6.250000,6.125000,6.187500,0.272784,487600,-,0.301647,0.276765,0.277469,0.276091,367584.0
06/27/1984,6.250000,6.312500,6.000000,6.250000,0.275540,179000,-,0.301924,0.276808,0.277331,0.276642,373704.0
06/26/1984,6.312500,6.375000,6.250000,6.250000,0.275540,236800,-,0.302173,0.276689,0.276780,0.277193,385088.0
06/25/1984,6.250000,6.375000,6.250000,6.312500,0.278295,378000,-,0.302436,0.276623,0.276504,0.277744,418828.0
06/22/1984,6.250000,6.250000,6.125000,6.250000,0.275540,202800,-,0.302672,0.276502,0.276366,0.277469,428132.0
06/21/1984,6.187500,6.437500,6.125000,6.250000,0.275540,274600,-,0.302910,0.276489,0.276091,0.277744,433368.0
06/20/1984,6.250000,6.250000,6.125000,6.187500,0.272784,421600,-,0.303147,0.276529,0.275815,0.278295,446012.0
06/19/1984,6.375000,6.375000,6.250000,6.312500,0.278295,530400,-,0.303386,0.276782,0.275678,0.278846,448224.0
06/18/1984,6.250000,6.437500,6.250000,6.375000,0.281051,332800,-,0.303610,0.276820,0.275540,0.278571,449012.0
06/15/1984,6.312500,6.375000,6.250000,6.250000,0.275540,274800,-,0.303808,0.276855,0.275402,0.278571,457364.0
06/14/1984,6.375000,6.437500,6.312500,6.312500,0.278295,146600,-,0.304033,0.277159,0.275678,0.278846,462764.0
06/13/1984,6.375000,6.375000,6.312500,6.375000,0.281051,123800,-,0.304245,0.277514,0.276036,0.278020,468888.0
06/12/1984,6.250000,6.375000,6.250000,6.375000,0.281051,134600,-,0.304455,0.277919,0.276256,0.276366,475516.0
06/11/1984,6.312500,6.375000,6.250000,6.250000,0.275540,177000,-,0.304652,0.278377,0.276477,0.275264,476444.0
06/08/1984,6.375000,6.437500,6.312500,6.312500,0.278295,219000,-,0.304878,0.278893,0.277105,0.275264,477592.0
06/07/1984,6.312500,6.375000,6.250000,6.375000,0.281051,138400,-,0.305077,0.279406,0.277595,0.274438,479804.0
06/06/1984,6.250000,6.312500,6.250000,6.312500,0.278295,146400,-,0.305275,0.279812,0.278080,0.273336,484496.0
06/05/1984,6.375000,6.375000,6.250000,6.250000,0.275540,162000,-,0.305499,0.280219,0.278174,0.272509,488004.0
06/04/1984,6.312500,6.437500,6.312500,6.375000,0.281051,261400,-,0.305736,0.280682,0.278141,0.272509,489088.0
06/01/1984,6.125000,6.312500,6.125000,6.312500,0.278295,221000,-,0.305934,0.281087,0.277833,0.272233,490404.0
05/31/1984,6.000000,6.187500,6.000000,6.125000,0.270029,364000,-,0.306167,0.281495,0.277530,0.272509,493644.0
05/30/1984,6.125000,6.125000,6.000000,6.000000,0.264518,421000,-,0.306454,0.282173,0.277641,0.274052,491996.0
05/29/1984,6.250000,6.250000,6.000000,6.125000,0.270029,399600,-,0.306756,0.282857,0.278027,0.276146,489808.0
05/25/1984,6.125000,6.250000,6.125000,6.250000,0.275540,236200,-,0.307030,0.283535,0.278138,0.277689,486020.0
05/24/1984,6.125000,6.187500,6.062500,6.125000,0.270029,391400,-,0.307253,0.284104,0.277973,0.278945,501104.0
05/23/1984,6.125000,6.250000,6.125000,6.125000,0.270029,269600,-,0.307504,0.284888,0.278084,0.280753,497772.0
05/22/1984,6.250000,6.250000,6.062500,6.125000,0.270029,408800,-,0.307731,0.285620,0.278327,0.282824,496456.0
05/21/1984,6.312500,6.375000,6.187500,6.250000,0.275540,429800,-,0.307982,0.286351,0.278570,0.283839,494684.0
05/18/1984,6.375000,6.375000,6.250000,6.312500,0.278295,406200,-,0.308205,0.286867,0.278537,0.283773,490616.0
05/17/1984,6.750000,6.937500,6.250000,6.375000,0.281051,338000,-,0.308414,0.287327,0.278499,0.283433,490044.0
05/16/1984,6.750000,6.812500,6.687500,6.750000,0.285459,444600,-,0.308598,0.287838,0.278191,0.282552,488920.0
05/15/1984,6.750000,6.750000,6.687500,6.750000,0.285459,266200,-,0.308771,0.288261,0.277662,0.281230,490400.0
05/14/1984,6.812500,6.875000,6.687500,6.750000,0.285459,1419400,-,0.308945,0.288684,0.276869,0.279909,490604.0
05/11/1984,6.812500,6.937500,6.812500,6.812500,0.288102,307000,-,0.309130,0.289054,0.276208,0.278587,466640.0
05/10/1984,6.875000,6.937500,6.812500,6.812500,0.288102,919800,-,0.309314,0.289318,0.275415,0.277001,463652.0
05/09/1984,6.625000,6.875000,6.562500,6.875000,0.290745,1098400,-,0.309498,0.289583,0.274755,0.275415,449924.0
05/08/1984,6.500000,6.625000,6.437500,6.625000,0.280173,269400,-,0.309693,0.289741,0.274094,0.273829,433136.0
05/07/1984,6.500000,6.500000,6.375000,6.500000,0.274887,248200,-,0.309929,0.290164,0.274358,0.273301,434152.0
05/04/1984,6.437500,6.500000,6.437500,6.500000,0.274887,332400,-,0.310191,0.290619,0.274622,0.273301,448384.0
05/03/1984,6.437500,6.500000,6.375000,6.437500,0.272244,295800,-,0.310442,0.291073,0.275019,0.273565,450788.0
05/02/1984,6.437500,6.437500,6.375000,6.437500,0.272244,414600,-,0.310717,0.291632,0.275944,0.273829,448740.0
05/01/1984,6.437500,6.500000,6.375000,6.437500,0.272244,475600,-,0.310980,0.292190,0.277133,0.274094,445516.0
04/30/1984,6.437500,6.437500,6.125000,6.437500,0.272244,373200,-,0.311220,0.292698,0.278587,0.273829,439732.0
04/27/1984,6.437500,6.437500,6.375000,6.437500,0.272244,265800,-,0.311472,0.293154,0.280173,0.273829,436376.0
04/26/1984,6.500000,6.500000,6.375000,6.437500,0.272244,787400,-,0.311735,0.293560,0.281627,0.273829,436340.0
04/25/1984,6.500000,6.500000,6.437500,6.500000,0.274887,275800,-,0.311999,0.293966,0.283213,0.274094,425648.0
04/24/1984,6.500000,6.562500,6.437500,6.500000,0.274887,316000,-,0.312201,0.294268,0.284534,0.274358,432076.0
04/23/1984,6.562500,6.562500,6.437500,6.500000,0.274887,333200,-,0.312403,0.294671,0.285724,0.275415,432212.0
04/19/1984,6.500000,6.562500,6.500000,6.562500,0.277530,301000,-,0.312594,0.295329,0.286913,0.275944,435000.0
04/18/1984,6.500000,6.562500,6.437500,6.500000,0.274887,522200,-,0.312771,0.295935,0.288102,0.276473,439492.0
04/17/1984,6.375000,6.500000,6.375000,6.500000,0.274887,793600,-,0.312974,0.296644,0.289292,0.278058,433760.0
04/16/1984,6.437500,6.437500,6.312500,6.375000,0.269600,748200,-,0.313188,0.297302,0.290746,0.280173,425848.0
04/13/1984,6.437500,6.437500,5.937500,6.437500,0.272244,1923800,-,0.313429,0.298167,0.292199,0.283345,414696.0
04/12/1984,6.500000,6.500000,6.000000,6.437500,0.272244,843200,-,0.313657,0.299031,0.293785,0.286517,388380.0
04/11/1984,6.562500,6.625000,6.437500,6.500000,0.274887,464600,-,0.313860,0.299793,0.295371,0.289424,387720.0
04/10/1984,6.750000,6.812500,6.562500,6.562500,0.277530,906800,-,0.314063,0.300400,0.297089,0.292331,383652.0
04/09/1984,6.625000,7.187500,6.562500,6.750000,0.285459,532200,-,0.314240,0.300853,0.298543,0.294710,374276.0
04/06/1984,6.687500,6.750000,6.625000,6.625000,0.280173,569800,-,0.314414,0.301198,0.299600,0.296032,370608.0
04/05/1984,6.875000,7.000000,6.687500,6.687500,0.282816,750400,-,0.314614,0.301547,0.300657,0.297882,366272.0
04/04/1984,7.000000,7.062500,6.812500,6.875000,0.290745,544800,-,0.314824,0.301792,0.301582,0.299732,368124.0
04/03/1984,7.125000,7.125000,7.000000,7.000000,0.296032,452800,-,0.314995,0.301777,0.302375,0.300525,372460.0
04/02/1984,7.187500,7.187500,7.125000,7.125000,0.301318,455200,-,0.315128,0.301707,0.302904,0.301318,374292.0
03/30/1984,7.125000,7.187500,7.125000,7.187500,0.303961,181000,-,0.315246,0.301480,0.303168,0.301054,372684.0
03/29/1984,7.187500,7.250000,7.125000,7.125000,0.301318,234400,-,0.315351,0.301302,0.303168,0.301054,373180.0
03/28/1984,7.125000,7.250000,7.062500,7.187500,0.303961,329600,-,0.315481,0.301228,0.303168,0.301318,373504.0
03/27/1984,7.062500,7.187500,7.062500,7.125000,0.301318,373000,-,0.315586,0.301050,0.303036,0.301847,373428.0
03/26/1984,7.062500,7.125000,7.000000,7.062500,0.298675,321800,-,0.315704,0.300976,0.302904,0.302375,371676.0
03/23/1984,7.125000,7.125000,7.000000,7.062500,0.298675,216200,-,0.315823,0.301159,0.303036,0.303168,369688.0
03/22/1984,7.062500,7.125000,7.062500,7.125000,0.301318,327200,-,0.315955,0.301188,0.302983,0.303433,371604.0
03/21/1984,7.187500,7.250000,7.062500,7.062500,0.298675,383000,-,0.316097,0.301114,0.302798,0.303433,370204.0
03/20/1984,7.062500,7.187500,7.062500,7.187500,0.303961,281600,-,0.316252,0.301297,0.302873,0.304226,366648.0
03/19/1984,7.187500,7.187500,7.062500,7.062500,0.298675,311600,-,0.316381,0.301424,0.302683,0.304490,374768.0
03/16/1984,7.187500,7.250000,7.125000,7.187500,0.303961,210200,-,0.316536,0.301810,0.302630,0.305283,390600.0
03/15/1984,7.312500,7.312500,7.187500,7.187500,0.303961,990400,-,0.316665,0.302192,0.302185,0.305283,405840.0
03/14/1984,7.250000,7.312500,7.000000,7.312500,0.309248,224800,-,0.316805,0.302014,0.301614,0.305019,390856.0
03/13/1984,7.250000,7.312500,7.250000,7.250000,0.306604,203800,-,0.316932,0.301629,0.300778,0.304226,390492.0
03/12/1984,7.125000,7.312500,7.125000,7.250000,0.306604,320200,-,0.317071,0.301348,0.299947,0.303433,393876.0
03/09/1984,7.125000,7.187500,7.125000,7.125000,0.301318,226400,-,0.317199,0.301015,0.299371,0.302904,395820.0
03/08/1984,7.250000,7.312500,7.125000,7.125000,0.301318,377600,-,0.317365,0.300789,0.299694,0.302534,400484.0
03/07/1984,7.250000,7.312500,7.187500,7.250000,0.306604,281800,-,0.317530,0.300664,0.300018,0.302164,401728.0
03/06/1984,7.250000,7.375000,7.250000,7.250000,0.306604,518600,-,0.317646,0.300230,0.300205,0.301520,403724.0
03/05/1984,7.187500,7.375000,7.125000,7.250000,0.306604,276400,-,0.317785,0.299745,0.300264,0.300875,437292.0
03/02/1984,7.125000,7.437500,7.125000,7.187500,0.303961,221200,-,0.317913,0.299361,0.300578,0.299977,443764.0
03/01/1984,7.125000,7.187500,7.125000,7.125000,0.301318,157600,-,0.318075,0.299133,0.301151,0.299088,445144.0
02/29/1984,7.125000,7.250000,7.125000,7.125000,0.301318,233400,-,0.318261,0.298957,0.301602,0.298209,450544.0
02/28/1984,7.125000,7.187500,7.062500,7.062500,0.298675,259000,-,0.318448,0.298629,0.301798,0.297330,472780.0
02/27/1984,7.187500,7.187500,7.000000,7.125000,0.301318,320200,-,0.318648,0.298760,0.301873,0.296462,470964.0
02/24/1984,7.312500,7.312500,7.250000,7.312500,0.297618,959800,-,0.318823,0.298890,0.301942,0.295837,467580.0
02/23/1984,7.375000,7.437500,7.250000,7.312500,0.297618,452600,-,0.319016,0.299093,0.301942,0.296855,452636.0
02/22/1984,7.375000,7.437500,7.312500,7.375000,0.300162,193400,-,0.319198,0.299246,0.301815,0.297872,447644.0
02/21/1984,7.312500,7.375000,7.250000,7.375000,0.300162,253400,-,0.319367,0.299246,0.301306,0.298890,453992.0
02/17/1984,7.250000,7.312500,7.000000,7.312500,0.297618,186400,-,0.319525,0.299195,0.300925,0.299653,461368.0
02/16/1984,7.187500,7.312500,7.125000,7.250000,0.295074,205400,-,0.319695,0.299195,0.300543,0.301179,461984.0
02/15/1984,7.187500,7.250000,7.125000,7.187500,0.292530,264000,-,0.319878,0.299195,0.300543,0.303214,463112.0
02/14/1984,7.125000,7.312500,7.125000,7.187500,0.292530,252800,-,0.320074,0.299144,0.300797,0.304995,467728.0
02/13/1984,7.250000,7.375000,7.062500,7.125000,0.289986,597200,-,0.320269,0.299093,0.300925,0.306266,474208.0
02/10/1984,7.500000,7.500000,7.187500,7.250000,0.295074,322800,-,0.320478,0.299246,0.301306,0.307284,472484.0
02/09/1984,7.562500,7.625000,7.500000,7.562500,0.307793,472600,-,0.320661,0.299449,0.301942,0.308047,474092.0
02/08/1984,7.625000,7.687500,7.500000,7.562500,0.307793,525600,-,0.320769,0.299602,0.301560,0.307030,473556.0
02/07/1984,7.562500,7.687500,7.562500,7.625000,0.310336,235600,-,0.320876,0.299704,0.301052,0.305758,469012.0
02/06/1984,7.687500,7.750000,7.562500,7.562500,0.307793,398000,-,0.320972,0.299856,0.300925,0.303723,467272.0
02/03/1984,7.750000,7.875000,7.687500,7.687500,0.312880,190600,-,0.321091,0.300060,0.301052,0.302196,466280.0
02/02/1984,7.625000,7.812500,7.625000,7.750000,0.315424,608000,-,0.321162,0.300161,0.301306,0.299907,474284.0
02/01/1984,7.500000,7.750000,7.500000,7.625000,0.310336,810200,-,0.321208,0.300263,0.301688,0.297872,466320.0
01/31/1984,7.375000,7.562500,7.375000,7.500000,0.305249,261200,-,0.321268,0.300467,0.300925,0.296600,453216.0
01/30/1984,7.437500,7.562500,7.000000,7.375000,0.300162,438000,-,0.321354,0.300823,0.300161,0.295583,451612.0
01/27/1984,7.312500,7.500000,7.250000,7.437500,0.302705,348800,-,0.321454,0.301281,0.299780,0.295328,448088.0
01/26/1984,7.250000,7.312500,7.250000,7.312500,0.297618,353000,-,0.321541,0.301637,0.299144,0.295837,445408.0
01/25/1984,7.125000,7.312500,7.062500,7.250000,0.295074,843000,-,0.321641,0.302095,0.298762,0.296091,444156.0
01/24/1984,7.187500,7.312500,7.062500,7.125000,0.289986,761600,-,0.321766,0.302553,0.298762,0.296346,432784.0
01/23/1984,7.125000,7.312500,7.062500,7.187500,0.292530,544400,-,0.321905,0.303163,0.298508,0.298126,424600.0
01/20/1984,7.187500,7.187500,7.062500,7.125000,0.289986,374800,-,0.322031,0.303723,0.297999,0.299907,420608.0
01/19/1984,7.312500,7.312500,7.187500,7.250000,0.295074,205800,-,0.322182,0.304282,0.297872,0.302705,423824.0
01/18/1984,7.250000,7.312500,7.187500,7.312500,0.297618,250600,-,0.322295,0.304944,0.297745,0.305503,434424.0
01/17/1984,7.312500,7.375000,7.250000,7.250000,0.295074,325800,-,0.322408,0.305605,0.297491,0.305249,439452.0
01/16/1984,7.500000,7.500000,7.312500,7.312500,0.297618,285400,-,0.322533,0.306317,0.296982,0.304740,458484.0
01/13/1984,7.500000,7.562500,7.500000,7.562500,0.307793,222400,-,0.322645,0.307233,0.297363,0.304231,456704.0
01/12/1984,7.312500,7.437500,7.312500,7.375000,0.300162,312000,-,0.322718,0.307933,0.297363,0.302451,470028.0
01/11/1984,7.562500,7.625000,7.312500,7.312500,0.297618,257200,-,0.322817,0.308884,0.297745,0.301433,479736.0
01/10/1984,7.625000,7.625000,7.500000,7.562500,0.307793,205200,-,0.322930,0.309788,0.298126,0.301179,485280.0
01/09/1984,7.812500,7.812500,7.625000,7.625000,0.310336,687600,-,0.323003,0.310537,0.297745,0.298890,496864.0
01/06/1984,7.937500,8.000000,7.625000,7.812500,0.317968,1103200,-,0.323051,0.311236,0.297109,0.296091,487020.0
01/05/1984,7.250000,8.000000,7.250000,7.937500,0.323055,972200,-,0.323050,0.311782,0.296091,0.293039,478608.0
01/04/1984,7.125000,7.312500,7.125000,7.250000,0.295074,241200,-,0.323024,0.312176,0.294692,0.289986,466492.0
01/03/1984,7.187500,7.250000,7.000000,7.125000,0.289986,206600,-,0.323137,0.313082,0.294438,0.289732,464328.0
12/30/1983,7.125000,7.187500,7.062500,7.187500,0.292530,373000,-,0.323288,0.314138,0.294438,0.289223,467964.0
12/29/1983,7.125000,7.187500,7.062500,7.125000,0.289986,417400,-,0.323425,0.315044,0.294692,0.290495,465480.0
12/28/1983,7.250000,7.375000,7.062500,7.125000,0.289986,459600,-,0.323576,0.316051,0.295456,0.292276,462464.0
12/27/1983,7.000000,7.375000,7.000000,7.250000,0.295074,439800,-,0.323726,0.317058,0.296727,0.294056,462548.0
12/23/1983,6.937500,7.125000,6.875000,7.000000,0.284899,381600,-,0.323840,0.317963,0.297618,0.295074,460000.0
12/22/1983,7.062500,7.187500,6.937500,6.937500,0.282355,2197000,-,0.324004,0.319072,0.299271,0.296600,461576.0
12/21/1983,7.187500,7.187500,7.000000,7.062500,0.287443,600000,-,0.324181,0.320231,0.301052,0.298126,421220.0
12/20/1983,7.187500,7.187500,7.062500,7.187500,0.292530,290200,-,0.324333,0.321289,0.302578,0.299144,418004.0
12/19/1983,7.000000,7.187500,7.000000,7.187500,0.292530,427600,-,0.324470,0.322294,0.303977,0.299398,415580.0
12/16/1983,7.500000,7.500000,7.000000,7.000000,0.284899,1345200,-,0.324608,0.323349,0.305376,0.299144,420292.0
12/15/1983,7.562500,7.562500,7.500000,7.500000,0.305249,168200,-,0.324772,0.324655,0.307284,0.299653,435108.0
12/14/1983,7.562500,7.562500,7.500000,7.562500,0.307793,151000,-,0.324847,0.325356,0.308174,0.298890,443548.0
12/13/1983,7.500000,7.562500,7.437500,7.562500,0.307793,212600,-,0.324908,0.325958,0.308810,0.298635,445764.0
12/12/1983,7.375000,7.500000,7.375000,7.500000,0.305249,203000,-,0.324969,0.326411,0.309446,0.299398,446488.0
12/09/1983,7.312500,7.437500,7.312500,7.375000,0.300162,510800,-,0.325032,0.326965,0.310082,0.300161,445948.0
12/08/1983,7.312500,7.375000,7.250000,7.312500,0.297618,622200,-,0.325129,0.327571,0.311100,0.301942,438140.0
12/07/1983,7.250000,7.312500,7.187500,7.312500,0.297618,217200,-,0.325250,0.328326,0.312244,0.303977,427852.0
12/06/1983,7.125000,7.312500,7.125000,7.250000,0.295074,261800,-,0.325370,0.329082,0.313262,0.306012,425548.0
12/05/1983,7.125000,7.187500,7.000000,7.125000,0.289986,494800,-,0.325481,0.329888,0.314915,0.308556,422896.0
12/02/1983,7.250000,7.250000,6.750000,7.125000,0.289986,576800,-,0.325629,0.330747,0.316950,0.311608,417732.0
12/01/1983,7.500000,7.812500,7.250000,7.312500,0.297618,511000,-,0.325777,0.331557,0.318985,0.314915,408616.0
11/30/1983,7.750000,7.875000,7.500000,7.500000,0.305249,403200,-,0.325886,0.332214,0.321275,0.317459,401412.0
11/29/1983,7.687500,7.750000,7.500000,7.750000,0.315424,445800,-,0.325969,0.332669,0.323152,0.318985,398728.0
11/28/1983,7.812500,7.812500,7.687500,7.687500,0.312880,298400,-,0.325989,0.332871,0.324767,0.319494,394124.0
11/25/1983,7.812500,7.812500,7.750000,7.812500,0.317968,148600,-,0.326011,0.333124,0.326263,0.320003,399520.0
11/23/1983,7.812500,8.250000,7.562500,7.812500,0.317968,348400,-,0.326019,0.333324,0.327627,0.320257,399192.0
11/22/1983,7.875000,7.875000,7.750000,7.812500,0.317968,590800,-,0.326015,0.333525,0.328992,0.320511,395876.0
11/21/1983,7.875000,7.937500,7.812500,7.875000,0.320512,209800,-,0.326012,0.333676,0.330357,0.320511,385860.0
11/18/1983,7.937500,7.937500,7.812500,7.875000,0.320512,155000,-,0.326018,0.333826,0.331471,0.321275,385592.0
11/17/1983,7.937500,7.937500,7.875000,7.937500,0.323055,181000,-,0.326013,0.333926,0.332462,0.322292,385708.0
11/16/1983,7.875000,7.937500,7.812500,7.937500,0.323055,261800,-,0.325984,0.333927,0.333449,0.323055,384796.0
11/15/1983,7.875000,7.937500,7.812500,7.875000,0.320512,214800,-,0.325955,0.333927,0.334189,0.325090,384640.0
11/14/1983,7.812500,7.937500,7.750000,7.875000,0.320512,290400,-,0.325939,0.333929,0.335180,0.327318,384396.0
11/11/1983,7.875000,7.875000,7.750000,7.812500,0.317968,274400,-,0.325934,0.333980,0.336171,0.330040,391164.0
11/10/1983,7.875000,7.937500,7.812500,7.875000,0.320512,352400,-,0.325942,0.334032,0.337289,0.332523,387636.0
11/09/1983,7.812500,7.937500,7.812500,7.875000,0.320512,344800,-,0.325937,0.334034,0.338280,0.334998,395728.0
11/08/1983,8.062500,8.062500,7.812500,7.812500,0.317968,535600,-,0.325910,0.334036,0.339270,0.337473,393888.0
11/07/1983,8.125000,8.187500,8.000000,8.062500,0.328142,735800,-,0.325895,0.334138,0.340388,0.340202,384632.0
11/04/1983,8.125000,8.187500,8.000000,8.125000,0.330686,502000,-,0.325818,0.333987,0.341121,0.341667,385868.0
11/03/1983,8.437500,8.437500,8.062500,8.125000,0.330686,1277400,-,0.325751,0.333785,0.341850,0.342631,377804.0
11/02/1983,8.437500,8.437500,8.375000,8.437500,0.343405,196400,-,0.325695,0.333534,0.342825,0.343842,359364.0
11/01/1983,8.812500,8.812500,8.687500,8.687500,0.342795,888600,-,0.325564,0.333078,0.342671,0.343288,358112.0
10/31/1983,8.687500,8.812500,8.687500,8.812500,0.347727,797400,-,0.325437,0.332683,0.342425,0.343041,343232.0
10/28/1983,8.750000,8.812500,8.687500,8.687500,0.342795,534400,-,0.325296,0.332190,0.341562,0.342301,333420.0
10/27/1983,8.750000,8.750000,8.625000,8.750000,0.345261,784400,-,0.325168,0.331746,0.341068,0.342055,341556.0
10/26/1983,8.750000,8.750000,8.687500,8.750000,0.345261,195400,-,0.325017,0.331340,0.340328,0.341562,337112.0
10/25/1983,8.687500,8.750000,8.625000,8.750000,0.345261,682600,-,0.324866,0.330981,0.339835,0.341068,336452.0
10/24/1983,8.625000,8.750000,8.562500,8.687500,0.342795,366400,-,0.324703,0.330575,0.339342,0.340575,327288.0
10/21/1983,8.687500,8.687500,8.625000,8.625000,0.340328,133000,-,0.324542,0.330218,0.338972,0.340575,322564.0
10/20/1983,8.562500,8.687500,8.500000,8.687500,0.342795,388400,-,0.324404,0.329814,0.338602,0.341068,323876.0
10/19/1983,8.625000,8.625000,8.500000,8.562500,0.337862,248800,-,0.324243,0.329362,0.337986,0.341808,319616.0
10/18/1983,8.625000,8.625000,8.562500,8.625000,0.340328,266600,-,0.324095,0.328912,0.337616,0.342055,318820.0
10/17/1983,8.625000,8.687500,8.562500,8.625000,0.340328,463800,-,0.323923,0.328509,0.336999,0.341808,323024.0
10/14/1983,8.625000,8.625000,8.562500,8.625000,0.340328,312400,-,0.323752,0.328105,0.336259,0.340822,318932.0
10/13/1983,8.625000,8.625000,8.562500,8.625000,0.340328,460400,-,0.323580,0.327702,0.335519,0.340082,316196.0
10/12/1983,8.625000,8.687500,8.562500,8.625000,0.340328,179200,-,0.323409,0.327251,0.334903,0.339095,317776.0
10/11/1983,8.687500,8.687500,8.562500,8.625000,0.340328,439200,-,0.323237,0.326848,0.334286,0.338602,316820.0
10/10/1983,8.750000,8.812500,8.687500,8.687500,0.342795,169000,-,0.323054,0.326444,0.333546,0.338109,311216.0
10/07/1983,8.875000,8.875000,8.312500,8.750000,0.345261,663200,-,0.322859,0.326039,0.332807,0.337369,312676.0
10/06/1983,8.625000,8.875000,8.500000,8.875000,0.350193,2086000,-,0.322663,0.325633,0.331820,0.336136,306276.0
10/05/1983,8.562500,8.687500,8.500000,8.625000,0.340328,590200,-,0.322442,0.325128,0.330464,0.334163,266296.0
10/04/1983,8.437500,8.625000,8.437500,8.562500,0.337862,261800,-,0.322259,0.324916,0.329601,0.333177,261484.0
10/03/1983,8.437500,8.500000,8.375000,8.375000,0.330464,248800,-,0.322089,0.324705,0.328737,0.332190,258180.0
09/30/1983,8.375000,8.500000,8.375000,8.437500,0.332930,176000,-,0.321955,0.324642,0.328368,0.331697,255720.0
09/29/1983,8.500000,8.500000,8.125000,8.375000,0.330464,120400,-,0.321798,0.324482,0.327751,0.330957,257580.0
09/28/1983,8.500000,8.500000,8.375000,8.500000,0.335396,107800,-,0.321665,0.324420,0.327258,0.330710,267952.0
09/27/1983,8.500000,8.500000,8.437500,8.500000,0.335396,102000,-,0.321507,0.324211,0.326518,0.329971,268588.0
09/26/1983,8.437500,8.500000,8.437500,8.500000,0.335396,129200,-,0.321337,0.323906,0.325901,0.328984,270084.0
09/23/1983,8.375000,8.437500,8.375000,8.437500,0.332930,236600,-,0.321168,0.323649,0.325162,0.328244,276272.0
09/22/1983,8.375000,8.375000,7.875000,8.375000,0.330464,121000,-,0.321011,0.323489,0.324545,0.327504,287096.0
09/21/1983,8.312500,8.375000,8.250000,8.375000,0.330464,150800,-,0.320844,0.323379,0.323929,0.326765,293936.0
09/20/1983,8.250000,8.312500,8.187500,8.312500,0.327998,269000,-,0.320676,0.323077,0.323435,0.326025,294636.0
09/19/1983,8.250000,8.312500,8.187500,8.250000,0.325532,215600,-,0.320521,0.322825,0.323189,0.325285,301712.0
09/16/1983,8.312500,8.312500,8.187500,8.250000,0.325532,568200,-,0.320368,0.322574,0.323065,0.325038,301000.0
09/15/1983,8.312500,8.312500,8.250000,8.312500,0.327998,132200,-,0.320214,0.322323,0.322819,0.324545,293736.0
09/14/1983,8.312500,8.312500,8.312500,8.312500,0.327998,182600,-,0.320036,0.322071,0.322666,0.323805,297484.0
09/13/1983,8.312500,8.375000,8.250000,8.250000,0.325532,90000,-,0.319859,0.321866,0.322632,0.323065,297032.0
09/12/1983,8.250000,8.375000,8.250000,8.312500,0.327998,196400,-,0.319694,0.321711,0.322603,0.322819,301196.0
09/09/1983,8.187500,8.250000,8.125000,8.250000,0.325532,160800,-,0.319517,0.321507,0.322450,0.322079,305172.0
09/08/1983,8.187500,8.187500,8.125000,8.187500,0.323065,135400,-,0.319340,0.321256,0.322181,0.321586,309400.0
09/07/1983,8.125000,8.250000,8.062500,8.187500,0.323065,254000,-,0.319176,0.321102,0.322036,0.321093,319184.0
09/06/1983,8.187500,8.375000,8.125000,8.125000,0.320599,202600,-,0.319035,0.320901,0.321652,0.320846,326040.0
09/02/1983,8.125000,8.187500,8.062500,8.187500,0.323065,628800,-,0.318917,0.320892,0.321630,0.321093,326688.0
09/01/1983,8.125000,8.125000,8.062500,8.125000,0.320599,98000,-,0.318787,0.320834,0.321485,0.321093,317852.0
08/31/1983,8.125000,8.125000,8.062500,8.125000,0.320599,757000,-,0.318657,0.320921,0.321463,0.321093,327104.0
08/30/1983,8.187500,8.187500,8.062500,8.125000,0.320599,252800,-,0.318528,0.321008,0.321322,0.321527,319256.0
08/29/1983,8.125000,8.187500,8.062500,8.187500,0.323065,72800,-,0.318422,0.321047,0.321300,0.322200,319896.0
08/26/1983,8.125000,8.187500,8.062500,8.125000,0.320599,797600,-,0.318314,0.321084,0.321155,0.322387,321648.0
08/25/1983,8.062500,8.125000,8.000000,8.125000,0.320599,98800,-,0.318230,0.321171,0.321252,0.322821,310832.0
08/24/1983,8.125000,8.187500,8.062500,8.062500,0.318133,355400,-,0.318146,0.321306,0.321469,0.322777,312972.0
08/23/1983,8.187500,8.187500,8.062500,8.125000,0.320599,133800,-,0.318074,0.321442,0.321809,0.322980,309584.0
08/22/1983,8.187500,8.187500,8.125000,8.187500,0.323065,144600,-,0.317978,0.321528,0.322265,0.322458,314288.0
08/19/1983,8.125000,8.187500,8.062500,8.187500,0.323065,306800,-,0.317859,0.321518,0.322479,0.322168,315656.0
08/18/1983,8.187500,8.187500,8.062500,8.125000,0.320599,941200,-,0.317774,0.321556,0.322692,0.321877,325252.0
08/17/1983,8.562500,8.562500,8.500000,8.500000,0.324940,562200,-,0.317699,0.321738,0.322909,0.321834,310088.0
08/16/1983,8.500000,8.625000,8.500000,8.562500,0.327329,162400,-,0.317569,0.321834,0.323028,0.321117,302432.0
08/15/1983,8.500000,8.562500,8.500000,8.500000,0.324940,224400,-,0.317416,0.321881,0.322909,0.320400,302652.0
08/12/1983,8.375000,8.500000,8.312500,8.500000,0.324940,130200,-,0.317275,0.321977,0.322670,0.319922,302700.0
08/11/1983,8.375000,8.375000,8.250000,8.375000,0.320161,198600,-,0.317134,0.322073,0.322550,0.319683,311200.0
08/10/1983,8.250000,8.375000,8.250000,8.375000,0.320161,175400,-,0.317017,0.322311,0.322789,0.320161,315564.0
08/09/1983,8.375000,8.437500,8.250000,8.250000,0.315383,209000,-,0.316878,0.322598,0.323028,0.320639,316044.0
08/08/1983,8.375000,8.437500,8.312500,8.375000,0.320161,476800,-,0.316763,0.322980,0.323028,0.322073,314232.0
08/05/1983,8.375000,8.500000,8.375000,8.375000,0.320161,259200,-,0.316646,0.323219,0.322789,0.322789,308192.0
08/04/1983,8.312500,8.437500,8.312500,8.375000,0.320161,175600,-,0.316518,0.323506,0.322431,0.323506,314216.0
08/03/1983,8.375000,8.375000,8.000000,8.312500,0.317772,539400,-,0.316401,0.323793,0.322073,0.323984,316640.0
08/02/1983,8.375000,8.375000,8.312500,8.375000,0.320161,131400,-,0.316307,0.324032,0.321953,0.324940,318512.0
08/01/1983,8.437500,8.437500,8.250000,8.375000,0.320161,159000,-,0.316190,0.324318,0.321834,0.325418,322192.0
07/29/1983,8.500000,8.500000,8.187500,8.437500,0.322550,242000,-,0.316062,0.324557,0.321714,0.325418,326184.0
07/28/1983,8.500000,8.562500,8.437500,8.500000,0.324940,343200,-,0.315922,0.324833,0.321475,0.325418,338368.0
07/27/1983,8.625000,8.625000,8.500000,8.500000,0.324940,87000,-,0.315781,0.325106,0.320878,0.325418,344048.0
07/26/1983,8.562500,8.625000,8.437500,8.625000,0.329718,349600,-,0.315629,0.325380,0.320400,0.325418,347200.0
07/25/1983,8.562500,8.562500,8.500000,8.562500,0.327329,96600,-,0.315442,0.325559,0.319564,0.323984,345064.0
07/22/1983,8.500000,8.562500,8.437500,8.562500,0.327329,125800,-,0.315246,0.325738,0.319205,0.322789,346932.0
07/21/1983,8.562500,8.625000,8.500000,8.500000,0.324940,269000,-,0.315006,0.325918,0.318847,0.321356,349888.0
07/20/1983,8.500000,8.625000,8.500000,8.562500,0.327329,639000,-,0.314766,0.326099,0.318847,0.320161,350208.0
07/19/1983,8.375000,8.500000,8.375000,8.500000,0.324940,139600,-,0.314494,0.326232,0.318728,0.318967,345420.0
07/18/1983,8.437500,8.437500,8.312500,8.375000,0.320161,176800,-,0.314244,0.326367,0.318608,0.318250,355440.0
07/15/1983,8.500000,8.500000,8.312500,8.437500,0.322550,438600,-,0.314006,0.326597,0.318847,0.318011,357692.0
07/14/1983,8.500000,8.500000,8.437500,8.500000,0.324940,777800,-,0.313736,0.326780,0.318967,0.317533,352248.0
07/13/1983,8.250000,8.500000,8.250000,8.500000,0.324940,463000,-,0.313486,0.326914,0.319086,0.316338,340252.0
07/12/1983,8.250000,8.312500,8.250000,8.250000,0.315383,185800,-,0.313236,0.327049,0.319086,0.315383,335496.0
07/11/1983,8.187500,8.312500,8.187500,8.250000,0.315383,622800,-,0.313022,0.327375,0.319564,0.315144,356636.0
07/08/1983,8.187500,8.250000,8.187500,8.187500,0.312993,180000,-,0.312798,0.327701,0.319922,0.315622,348952.0
07/07/1983,8.250000,8.250000,8.187500,8.187500,0.312993,205000,-,0.312597,0.328028,0.320520,0.316338,349296.0
07/06/1983,8.312500,8.312500,8.187500,8.250000,0.315383,319600,-,0.312385,0.328355,0.321356,0.317533,349012.0
07/05/1983,8.312500,8.312500,8.187500,8.312500,0.317772,160000,-,0.312172,0.328635,0.322073,0.318489,352104.0
07/01/1983,8.312500,8.312500,8.250000,8.312500,0.317772,298200,-,0.311936,0.328913,0.322670,0.318966,353764.0
06/30/1983,8.187500,8.312500,8.187500,8.312500,0.317772,395200,-,0.311700,0.329098,0.323267,0.319683,355908.0
06/29/1983,8.250000,8.250000,8.125000,8.187500,0.312993,372200,-,0.311464,0.329237,0.323865,0.320400,354224.0
06/28/1983,8.187500,8.250000,8.187500,8.250000,0.315383,624600,-,0.311263,0.329425,0.324820,0.321834,364588.0
06/27/1983,8.375000,8.375000,8.125000,8.187500,0.312993,596800,-,0.311038,0.329565,0.325776,0.322789,359620.0
06/24/1983,8.375000,8.437500,8.312500,8.375000,0.320161,235000,-,0.310826,0.329707,0.326851,0.323984,353168.0
06/23/1983,8.500000,8.500000,8.375000,8.375000,0.320161,187000,-,0.310567,0.329705,0.327448,0.324223,356816.0
06/22/1983,8.500000,8.562500,8.375000,8.500000,0.324940,560600,-,0.310319,0.329657,0.328165,0.324701,357636.0
06/21/1983,8.437500,8.500000,8.375000,8.500000,0.324940,364600,-,0.310048,0.329560,0.328643,0.325179,350884.0
06/20/1983,8.500000,8.500000,8.375000,8.437500,0.322550,284800,-,0.309798,0.329416,0.328882,0.325656,347620.0
06/17/1983,8.500000,8.812500,8.437500,8.500000,0.324940,160400,-,0.309559,0.329320,0.329479,0.326373,346600.0
06/16/1983,8.562500,8.562500,8.437500,8.500000,0.324940,256800,-,0.309299,0.329223,0.329838,0.326851,349448.0
06/15/1983,8.500000,8.562500,8.437500,8.562500,0.327329,205800,-,0.309048,0.329079,0.330406,0.327329,352356.0
06/14/1983,8.500000,8.500000,8.437500,8.500000,0.324940,186000,-,0.308797,0.328934,0.330971,0.327807,356488.0
06/13/1983,8.437500,8.562500,8.437500,8.500000,0.324940,369000,-,0.308536,0.328837,0.331656,0.328762,360028.0
06/10/1983,8.500000,8.500000,8.437500,8.437500,0.322550,213000,-,0.308286,0.328740,0.332341,0.329718,357908.0
06/09/1983,8.625000,8.625000,8.437500,8.500000,0.324940,786600,-,0.308048,0.328737,0.333029,0.330674,371540.0
06/08/1983,8.625000,8.625000,8.562500,8.625000,0.329718,183000,-,0.307787,0.328639,0.333597,0.331630,359020.0
06/07/1983,8.625000,8.687500,8.562500,8.625000,0.329718,179400,-,0.307481,0.328447,0.333811,0.332107,357780.0
06/06/1983,8.625000,8.687500,8.562500,8.625000,0.329718,173400,-,0.307185,0.328300,0.334025,0.332107,357244.0
06/03/1983,8.625000,8.687500,8.562500,8.625000,0.329718,226800,-,0.306911,0.328107,0.334123,0.332585,372632.0
06/02/1983,8.687500,8.750000,8.625000,8.625000,0.329718,555200,-,0.306593,0.327868,0.334221,0.332824,370540.0
06/01/1983,8.750000,8.812500,8.625000,8.687500,0.332107,416800,-,0.306306,0.327629,0.334318,0.333484,364296.0
05/31/1983,8.750000,8.812500,8.625000,8.750000,0.334497,199400,-,0.306007,0.327342,0.334297,0.334136,359212.0
05/27/1983,8.687500,8.812500,8.625000,8.750000,0.334497,118400,-,0.305611,0.327054,0.334156,0.334550,357768.0
05/26/1983,8.750000,8.750000,8.625000,8.687500,0.332107,174800,-,0.305204,0.326765,0.334014,0.334963,357632.0
05/25/1983,8.750000,8.750000,8.687500,8.750000,0.334497,560400,-,0.304789,0.326525,0.333993,0.335384,357640.0
05/24/1983,8.625000,8.750000,8.625000,8.750000,0.334497,296800,-,0.304362,0.326236,0.333736,0.335565,349848.0
05/23/1983,8.687500,8.687500,8.562500,8.625000,0.329718,633000,-,0.303945,0.325901,0.333478,0.335515,348460.0
05/20/1983,8.687500,8.750000,8.625000,8.750000,0.334497,315400,-,0.303541,0.325662,0.333460,0.335942,340296.0
05/19/1983,8.750000,8.750000,8.625000,8.687500,0.332107,358600,-,0.303103,0.325327,0.333319,0.335660,337148.0
05/18/1983,9.125000,9.125000,9.000000,9.062500,0.336313,851200,-,0.302677,0.325040,0.333066,0.335617,333044.0
05/17/1983,9.125000,9.125000,9.000000,9.125000,0.338632,627200,-,0.302230,0.324716,0.332486,0.335153,321200.0
05/16/1983,9.125000,9.125000,9.000000,9.125000,0.338632,244600,-,0.301771,0.324344,0.331674,0.334457,320972.0
05/13/1983,9.062500,9.125000,9.000000,9.125000,0.338632,242800,-,0.301292,0.323927,0.330862,0.333761,321704.0
05/12/1983,9.062500,9.062500,8.937500,9.062500,0.336313,190000,-,0.300791,0.323556,0.329934,0.333066,319744.0
05/11/1983,9.000000,9.062500,9.000000,9.062500,0.336313,273600,-,0.300312,0.323231,0.329122,0.332602,322412.0
05/10/1983,9.000000,9.062500,8.937500,9.000000,0.333993,285000,-,0.299812,0.322906,0.328195,0.331906,320276.0
05/09/1983,8.937500,9.000000,8.812500,9.000000,0.333993,399600,-,0.299345,0.322582,0.327499,0.331442,325636.0
05/06/1983,8.937500,9.000000,8.875000,8.937500,0.331674,640600,-,0.298857,0.322292,0.326687,0.330978,344116.0
05/05/1983,8.937500,9.000000,8.875000,8.937500,0.331674,289400,-,0.298370,0.322094,0.325991,0.330978,335204.0
05/04/1983,8.937500,9.000000,8.875000,8.937500,0.331674,166400,-,0.297883,0.321896,0.325411,0.330514,350808.0
05/03/1983,8.937500,8.937500,8.812500,8.937500,0.331674,178000,-,0.297396,0.321608,0.324716,0.329818,350104.0
05/02/1983,8.937500,9.000000,8.875000,8.937500,0.331674,225200,-,0.296919,0.321365,0.324136,0.328891,349240.0
04/29/1983,8.937500,9.000000,8.875000,8.937500,0.331674,1242800,-,0.296442,0.321122,0.323556,0.327963,347196.0
04/28/1983,8.875000,8.937500,8.875000,8.937500,0.331674,238600,-,0.295955,0.320879,0.322976,0.326803,329808.0
04/27/1983,8.875000,8.875000,8.812500,8.875000,0.329354,197200,-,0.295479,0.320681,0.322512,0.325643,330224.0
04/26/1983,8.875000,8.875000,8.812500,8.875000,0.329354,190800,-,0.295014,0.320484,0.322048,0.324484,328740.0
04/25/1983,8.937500,8.937500,8.812500,8.875000,0.329354,474200,-,0.294559,0.320242,0.321584,0.323556,327592.0
04/22/1983,8.812500,8.937500,8.812500,8.937500,0.331674,243000,-,0.294105,0.320046,0.321236,0.322396,326944.0
04/21/1983,8.750000,8.875000,8.750000,8.812500,0.327035,405400,-,0.293596,0.319758,0.320657,0.321005,325544.0
04/20/1983,8.687500,8.812500,8.625000,8.750000,0.324716,311000,-,0.293111,0.319562,0.320193,0.320309,321160.0
04/19/1983,8.687500,8.750000,8.625000,8.687500,0.322396,890400,-,0.292648,0.319503,0.319845,0.319613,323064.0
04/18/1983,8.625000,8.687500,8.562500,8.687500,0.322396,376200,-,0.292208,0.319446,0.319613,0.319381,310716.0
04/15/1983,8.625000,8.687500,8.562500,8.625000,0.320077,274200,-,0.291767,0.319343,0.319497,0.319149,305732.0
04/14/1983,8.562500,8.687500,8.562500,8.625000,0.320077,417400,-,0.291338,0.319287,0.319497,0.319149,303420.0
04/13/1983,8.625000,8.687500,8.562500,8.562500,0.317757,228000,-,0.290908,0.319231,0.319497,0.319381,303116.0
04/12/1983,8.562500,8.687500,8.562500,8.625000,0.320077,223000,-,0.290501,0.319266,0.319613,0.319613,317520.0
04/11/1983,8.562500,8.687500,8.562500,8.562500,0.317757,201400,-,0.290083,0.319255,0.319497,0.319613,316852.0
04/08/1983,8.625000,8.625000,8.500000,8.562500,0.317757,233800,-,0.289676,0.319290,0.319497,0.320077,322472.0
04/07/1983,8.562500,8.687500,8.562500,8.625000,0.320077,302800,-,0.289258,0.319236,0.319497,0.320309,321496.0
04/06/1983,8.625000,8.687500,8.562500,8.562500,0.317757,402200,-,0.288829,0.319135,0.319381,0.320077,317340.0
04/05/1983,8.625000,8.687500,8.625000,8.625000,0.320077,412400,-,0.288411,0.319035,0.319497,0.320077,313224.0
04/04/1983,8.625000,8.687500,8.625000,8.625000,0.320077,363000,-,0.287982,0.318979,0.319497,0.319845,313400.0
03/31/1983,8.687500,8.687500,8.625000,8.625000,0.320077,263000,-,0.287553,0.318968,0.319381,0.319845,314536.0
03/30/1983,8.625000,8.687500,8.625000,8.687500,0.322396,894600,-,0.287134,0.318911,0.319381,0.319845,312948.0
03/29/1983,8.625000,8.687500,8.562500,8.625000,0.320077,160600,-,0.286704,0.318809,0.319265,0.319613,300612.0
03/28/1983,8.687500,8.750000,8.562500,8.625000,0.320077,121000,-,0.286296,0.318798,0.319265,0.319613,312432.0
03/25/1983,8.625000,8.687500,8.562500,8.687500,0.322396,152600,-,0.285899,0.318742,0.319149,0.319381,319436.0
03/24/1983,8.562500,8.687500,8.500000,8.625000,0.320077,942800,-,0.285489,0.318594,0.319005,0.318917,321160.0
03/23/1983,8.562500,8.625000,8.562500,8.562500,0.317757,122200,-,0.285092,0.318493,0.319090,0.318685,313712.0
03/22/1983,8.562500,8.625000,8.500000,8.562500,0.317757,243000,-,0.284706,0.318393,0.319291,0.318685,317096.0
03/21/1983,8.625000,8.625000,8.500000,8.562500,0.317757,162600,-,0.284331,0.318248,0.319266,0.318917,318548.0
03/18/1983,8.625000,8.625000,8.500000,8.625000,0.320077,127200,-,0.283945,0.318149,0.319354,0.319149,321872.0
03/17/1983,8.625000,8.625000,8.500000,8.625000,0.320077,111600,-,0.283558,0.317958,0.319326,0.318917,322928.0
03/16/1983,8.625000,8.625000,8.562500,8.625000,0.320077,175200,-,0.283171,0.317721,0.319299,0.318917,330036.0
03/15/1983,8.562500,8.625000,8.500000,8.625000,0.320077,170800,-,0.282784,0.317440,0.319383,0.318917,329148.0
03/14/1983,8.562500,8.562500,8.500000,8.562500,0.317757,227400,-,0.282376,0.317159,0.319355,0.318917,327880.0
03/11/1983,8.562500,8.625000,8.500000,8.562500,0.317757,224800,-,0.281969,0.316924,0.319331,0.318917,325292.0
03/10/1983,8.562500,8.625000,8.562500,8.562500,0.317757,158000,-,0.281583,0.316690,0.319419,0.319093,322604.0
03/09/1983,8.625000,8.937500,8.562500,8.562500,0.317757,153400,-,0.281197,0.316455,0.319395,0.319495,321864.0
03/08/1983,8.625000,8.625000,8.562500,8.625000,0.320077,259000,-,0.280821,0.316175,0.319370,0.319896,321836.0
03/07/1983,8.562500,8.687500,8.562500,8.625000,0.320077,615800,-,0.280434,0.315849,0.319455,0.319615,318976.0
03/04/1983,8.625000,8.625000,8.562500,8.562500,0.317757,281200,-,0.280047,0.315568,0.319427,0.319560,308328.0
03/03/1983,8.625000,8.625000,8.562500,8.625000,0.320077,144800,-,0.279651,0.315333,0.319403,0.319736,305392.0
03/02/1983,8.625000,8.625000,8.562500,8.625000,0.320077,323400,-,0.279264,0.315007,0.319263,0.319680,309340.0
03/01/1983,8.562500,8.625000,8.500000,8.625000,0.320077,166800,-,0.278877,0.314681,0.319122,0.319850,305032.0
02/28/1983,8.687500,8.687500,8.500000,8.562500,0.317757,553000,-,0.278500,0.314355,0.319094,0.319794,303788.0
02/25/1983,8.937500,9.000000,8.875000,8.875000,0.319520,1323600,-,0.278135,0.314030,0.319183,0.319745,294904.0
02/24/1983,8.937500,8.937500,8.875000,8.937500,0.321770,195000,-,0.277771,0.313715,0.319183,0.319745,271516.0
02/23/1983,8.812500,8.937500,8.812500,8.937500,0.321770,1069600,-,0.277406,0.313355,0.318845,0.319295,271480.0
02/22/1983,8.875000,8.875000,8.812500,8.812500,0.317270,131200,-,0.277021,0.312950,0.318508,0.318845,252152.0
02/18/1983,8.875000,8.937500,8.812500,8.875000,0.319520,134800,-,0.276618,0.312635,0.318282,0.319295,252024.0
02/17/1983,8.875000,8.937500,8.562500,8.875000,0.319520,123000,-,0.276233,0.312275,0.318170,0.319295,253252.0
02/16/1983,8.937500,8.937500,8.875000,8.875000,0.319520,373400,-,0.275859,0.311825,0.318170,0.319070,253860.0
02/15/1983,8.875000,8.937500,8.812500,8.937500,0.321770,259400,-,0.275465,0.311375,0.318057,0.318845,251336.0
02/14/1983,8.812500,8.875000,8.812500,8.875000,0.319520,123000,-,0.275059,0.310880,0.317832,0.318395,251136.0
02/11/1983,8.875000,8.875000,8.812500,8.812500,0.317270,133400,-,0.274645,0.310385,0.317832,0.318395,252444.0
02/10/1983,8.812500,8.875000,8.750000,8.875000,0.319520,441800,-,0.274241,0.309934,0.317832,0.318620,252484.0
02/09/1983,8.812500,8.875000,8.812500,8.812500,0.317270,173000,-,0.273837,0.309394,0.317607,0.318620,248212.0
02/08/1983,8.937500,8.937500,8.812500,8.812500,0.317270,186200,-,0.273443,0.308899,0.317495,0.318395,254448.0
02/07/1983,8.875000,8.937500,8.812500,8.937500,0.321770,406200,-,0.273040,0.308404,0.317270,0.318170,256128.0
02/04/1983,8.812500,8.875000,8.750000,8.875000,0.319520,273000,-,0.272614,0.307819,0.316707,0.317270,249468.0
02/03/1983,8.812500,8.875000,8.750000,8.812500,0.317270,127000,-,0.272199,0.307234,0.316370,0.317045,249504.0
02/02/1983,8.812500,8.875000,8.750000,8.812500,0.317270,158600,-,0.271806,0.306694,0.316032,0.317270,254604.0
02/01/1983,8.875000,8.937500,8.750000,8.812500,0.317270,402200,-,0.271402,0.306244,0.315582,0.317270,259360.0
01/31/1983,8.875000,8.937500,8.750000,8.875000,0.319520,948200,-,0.270998,0.305839,0.315020,0.317270,261372.0
01/28/1983,8.875000,9.000000,8.812500,8.875000,0.319520,189600,-,0.270573,0.305389,0.314345,0.317270,245836.0
01/27/1983,8.750000,9.000000,8.750000,8.875000,0.319520,482400,-,0.270148,0.304894,0.313670,0.317045,249412.0
01/26/1983,8.750000,8.875000,8.687500,8.750000,0.315020,185000,-,0.269724,0.304399,0.312995,0.316595,250160.0
01/25/1983,8.687500,8.812500,8.687500,8.750000,0.315020,95000,-,0.269311,0.304084,0.312545,0.316595,251884.0
01/24/1983,8.812500,8.812500,8.687500,8.687500,0.312770,196400,-,0.268898,0.303814,0.311982,0.316370,254584.0
01/21/1983,8.875000,8.875000,8.750000,8.812500,0.317270,421200,-,0.268497,0.303634,0.311532,0.316145,254356.0
01/20/1983,8.812500,8.875000,8.750000,8.875000,0.319520,419800,-,0.268052,0.303364,0.310970,0.315695,251064.0
01/19/1983,8.812500,8.875000,8.812500,8.812500,0.317270,183600,-,0.267607,0.303049,0.310295,0.314795,248056.0
01/18/1983,8.875000,8.937500,8.812500,8.812500,0.317270,277800,-,0.267163,0.302734,0.309619,0.313895,249612.0
01/17/1983,8.812500,8.937500,8.750000,8.875000,0.319520,751600,-,0.266708,0.302374,0.308944,0.312770,264188.0
01/14/1983,8.750000,8.875000,8.687500,8.812500,0.317270,471200,-,0.266242,0.302104,0.308157,0.311420,256160.0
01/13/1983,8.750000,8.812500,8.687500,8.750000,0.315020,238800,-,0.265788,0.301868,0.307369,0.310295,260432.0
01/12/1983,8.687500,8.750000,8.625000,8.750000,0.315020,570400,-,0.265334,0.301546,0.306807,0.309394,265224.0
01/11/1983,8.625000,8.687500,8.562500,8.687500,0.312770,291400,-,0.264891,0.301181,0.306244,0.308494,273136.0
01/10/1983,8.687500,8.750000,8.562500,8.625000,0.310520,315600,-,0.264449,0.300861,0.305682,0.307594,271600.0
01/07/1983,8.625000,8.687500,8.500000,8.687500,0.312770,328800,-,0.264028,0.300585,0.305232,0.306919,268944.0
01/06/1983,8.562500,8.625000,8.500000,8.625000,0.310520,180000,-,0.263586,0.300265,0.304669,0.306244,270576.0
01/05/1983,8.500000,8.625000,8.437500,8.562500,0.308269,467000,-,0.263165,0.299902,0.303994,0.305794,278468.0
01/04/1983,8.500000,8.500000,8.437500,8.500000,0.306019,130800,-,0.262746,0.299585,0.303432,0.305344,276956.0
01/03/1983,8.500000,8.500000,8.375000,8.500000,0.306019,107400,-,0.262347,0.299399,0.302982,0.305119,278592.0
12/31/1982,8.500000,8.500000,8.375000,8.500000,0.306019,98000,-,0.261939,0.299170,0.302419,0.304894,288572.0
12/30/1982,8.500000,8.500000,8.437500,8.500000,0.306019,90400,-,0.261520,0.298985,0.301856,0.304444,297224.0
12/29/1982,8.437500,8.500000,8.437500,8.500000,0.306019,121000,-,0.261091,0.298843,0.301181,0.304219,300168.0
12/28/1982,8.437500,8.500000,8.375000,8.437500,0.303769,152000,-,0.260662,0.298658,0.300506,0.303994,311684.0
12/27/1982,8.437500,8.437500,8.312500,8.437500,0.303769,116000,-,0.260265,0.298474,0.299944,0.303769,313208.0
12/23/1982,8.500000,8.500000,8.375000,8.500000,0.306019,83400,-,0.259868,0.298290,0.299381,0.303544,334412.0
12/22/1982,8.437500,8.500000,8.375000,8.500000,0.306019,134400,-,0.259460,0.298104,0.298594,0.303094,345192.0
12/21/1982,8.437500,8.437500,8.250000,8.437500,0.303769,342200,-,0.259072,0.297875,0.297806,0.302194,353832.0
12/20/1982,8.437500,8.437500,8.375000,8.437500,0.303769,108000,-,0.258705,0.297648,0.297356,0.301519,361796.0
12/17/1982,8.375000,8.437500,8.312500,8.437500,0.303769,104600,-,0.258338,0.297333,0.297019,0.300844,379624.0
12/16/1982,8.437500,8.437500,8.312500,8.375000,0.301519,108800,-,0.257962,0.296843,0.296681,0.299944,389036.0
12/15/1982,8.437500,8.437500,8.312500,8.437500,0.303769,154200,-,0.257596,0.296355,0.296344,0.299269,394128.0
12/14/1982,8.375000,8.500000,8.375000,8.437500,0.303769,193200,-,0.257219,0.295735,0.295894,0.298144,398004.0
12/13/1982,8.375000,8.375000,8.250000,8.375000,0.301519,103200,-,0.256822,0.295158,0.295669,0.297019,397552.0
12/10/1982,8.375000,8.375000,8.250000,8.375000,0.301519,124800,-,0.256426,0.294583,0.295669,0.296119,400516.0
12/09/1982,8.250000,8.375000,8.187500,8.375000,0.301519,196200,-,0.256030,0.293920,0.295781,0.295219,402260.0
12/08/1982,8.250000,8.312500,8.125000,8.250000,0.297019,153400,-,0.255624,0.293388,0.295894,0.294093,401264.0
12/07/1982,8.250000,8.250000,8.187500,8.250000,0.297019,247200,-,0.255220,0.292947,0.296231,0.293418,402160.0
12/06/1982,8.187500,8.250000,8.062500,8.250000,0.297019,249400,-,0.254827,0.292461,0.296456,0.293193,401140.0
12/03/1982,8.187500,8.187500,8.062500,8.187500,0.294769,188400,-,0.254444,0.291932,0.296569,0.293193,399992.0
12/02/1982,8.125000,8.187500,8.062500,8.187500,0.294769,135400,-,0.254062,0.291492,0.297131,0.293418,399984.0
12/01/1982,8.125000,8.187500,8.062500,8.125000,0.292518,228200,-,0.253680,0.291008,0.297667,0.293418,403348.0
11/30/1982,8.125000,8.125000,8.000000,8.125000,0.292518,484800,-,0.253299,0.290612,0.297987,0.293643,402392.0
11/29/1982,8.125000,8.125000,8.000000,8.125000,0.292518,270200,-,0.252918,0.290173,0.298199,0.294318,395256.0
11/26/1982,8.062500,8.125000,8.000000,8.125000,0.292518,73200,-,0.252538,0.289734,0.298411,0.295219,392028.0
11/24/1982,8.062500,8.062500,7.937500,8.062500,0.290268,274800,-,0.252147,0.289295,0.298622,0.296344,394448.0
11/23/1982,8.125000,8.125000,8.000000,8.062500,0.290268,382000,-,0.251778,0.288945,0.298946,0.297694,392436.0
11/22/1982,8.250000,8.250000,8.062500,8.187500,0.294769,396400,-,0.251408,0.288551,0.299052,0.299044,387372.0
11/19/1982,8.250000,8.250000,8.125000,8.250000,0.297019,502800,-,0.251016,0.288067,0.298933,0.299719,382848.0
11/18/1982,8.187500,8.250000,8.125000,8.250000,0.297019,171400,-,0.250613,0.287494,0.298920,0.299944,376692.0
11/17/1982,8.187500,8.250000,8.062500,8.187500,0.294769,368400,-,0.250200,0.286965,0.298798,0.300844,376992.0
11/16/1982,8.312500,8.312500,8.062500,8.187500,0.294769,519800,-,0.249798,0.286481,0.298897,0.301915,373588.0
11/15/1982,8.375000,8.375000,8.187500,8.312500,0.299269,271200,-,0.249407,0.286085,0.299105,0.302331,370732.0
11/12/1982,8.437500,8.437500,8.312500,8.375000,0.301519,230000,-,0.248992,0.285598,0.298979,0.302080,371600.0
11/11/1982,8.437500,8.437500,8.312500,8.437500,0.303769,185000,-,0.248576,0.285022,0.298632,0.301603,370144.0
11/10/1982,8.437500,8.437500,8.375000,8.437500,0.303769,256600,-,0.248139,0.284446,0.298172,0.300901,370632.0
11/09/1982,8.375000,8.437500,8.312500,8.437500,0.303769,269400,-,0.247693,0.283913,0.297821,0.300199,369256.0
11/08/1982,8.312500,8.437500,8.312500,8.375000,0.301519,261400,-,0.247246,0.283292,0.297361,0.299061,366912.0
11/05/1982,8.500000,8.500000,8.312500,8.312500,0.299269,1006600,-,0.246810,0.282760,0.296904,0.298148,365804.0
11/04/1982,8.500000,8.500000,8.375000,8.500000,0.306019,350200,-,0.246376,0.282274,0.296342,0.297896,351580.0
11/03/1982,8.562500,8.750000,8.500000,8.750000,0.305479,684800,-,0.245918,0.281608,0.295006,0.296751,353324.0
11/02/1982,8.500000,8.625000,8.500000,8.562500,0.298933,478400,-,0.245463,0.280866,0.293587,0.295878,346504.0
11/01/1982,8.500000,8.500000,8.437500,8.500000,0.296751,966000,-,0.245031,0.280299,0.292278,0.295878,343648.0
10/29/1982,8.500000,8.500000,8.375000,8.500000,0.296751,214600,-,0.244619,0.279863,0.291187,0.295878,338624.0
10/28/1982,8.500000,8.500000,8.437500,8.500000,0.296751,182800,-,0.244197,0.279252,0.289987,0.295660,342472.0
10/27/1982,8.375000,8.500000,8.375000,8.500000,0.296751,410400,-,0.243766,0.278761,0.288569,0.295442,362576.0
10/26/1982,8.375000,8.375000,8.250000,8.375000,0.292387,574600,-,0.243345,0.278271,0.287478,0.295442,372812.0
10/25/1982,8.437500,8.437500,8.250000,8.375000,0.292387,391400,-,0.242945,0.277530,0.286605,0.295660,370920.0
10/22/1982,8.437500,8.500000,8.375000,8.500000,0.296751,212600,-,0.242555,0.276747,0.285623,0.295660,369204.0
10/21/1982,8.500000,8.562500,8.000000,8.437500,0.294569,606400,-,0.242153,0.275792,0.284314,0.294787,367052.0
10/20/1982,8.562500,8.562500,8.437500,8.500000,0.296751,530600,-,0.241753,0.274881,0.283223,0.293260,356968.0
10/19/1982,8.500000,8.562500,8.437500,8.562500,0.298933,237600,-,0.241351,0.273968,0.281914,0.291296,348664.0
10/18/1982,8.437500,8.500000,8.375000,8.500000,0.296751,696800,-,0.240948,0.272970,0.280605,0.288678,348332.0
10/15/1982,8.437500,8.500000,8.375000,8.437500,0.294569,228200,-,0.240546,0.271973,0.279295,0.286496,336152.0
10/14/1982,8.500000,8.562500,8.437500,8.437500,0.294569,1176200,-,0.240145,0.271020,0.278095,0.284314,334168.0
10/13/1982,8.437500,8.500000,8.187500,8.500000,0.296751,622400,-,0.239735,0.270066,0.276895,0.281695,316352.0
10/12/1982,8.375000,8.500000,8.375000,8.437500,0.294569,566400,-,0.239333,0.269069,0.275695,0.279514,311168.0
10/11/1982,8.250000,8.437500,8.250000,8.375000,0.292387,740400,-,0.238942,0.268031,0.274495,0.277550,303800.0
10/08/1982,8.062500,8.250000,8.062500,8.250000,0.288023,999400,-,0.238562,0.266953,0.273404,0.275586,291844.0
10/07/1982,8.000000,8.062500,8.000000,8.000000,0.279295,575200,-,0.238194,0.266004,0.272422,0.273840,281264.0
10/06/1982,7.812500,8.000000,7.750000,7.937500,0.277113,363400,-,0.237879,0.265145,0.271986,0.273186,274664.0
10/05/1982,7.875000,7.937500,7.687500,7.812500,0.272749,348000,-,0.237576,0.264414,0.271658,0.272531,274284.0
10/04/1982,7.812500,7.875000,7.625000,7.875000,0.274931,170600,-,0.237284,0.263686,0.271767,0.272531,273640.0
10/01/1982,7.687500,7.812500,7.562500,7.812500,0.272749,251400,-,0.236991,0.262872,0.271767,0.272095,272608.0
09/30/1982,7.750000,7.750000,7.687500,7.687500,0.268385,212000,-,0.236700,0.262102,0.271767,0.271877,270480.0
09/29/1982,7.875000,7.875000,7.812500,7.875000,0.274931,146400,-,0.236430,0.261419,0.272095,0.272095,279492.0
09/28/1982,7.812500,7.875000,7.750000,7.875000,0.274931,198200,-,0.236137,0.260648,0.272204,0.271877,284712.0
09/27/1982,7.750000,7.875000,7.687500,7.812500,0.272749,196200,-,0.235854,0.259876,0.272095,0.271440,283468.0
09/24/1982,7.812500,7.875000,7.750000,7.750000,0.270567,192000,-,0.235572,0.259106,0.272204,0.271222,280696.0
09/23/1982,7.750000,7.812500,7.687500,7.812500,0.272749,188000,-,0.235302,0.258422,0.272422,0.271004,280088.0
09/22/1982,7.812500,7.875000,7.687500,7.750000,0.270567,303600,-,0.235020,0.257694,0.272422,0.270786,278280.0
09/21/1982,7.750000,7.812500,7.625000,7.812500,0.272749,180400,-,0.234749,0.257052,0.272313,0.270786,279904.0
09/20/1982,7.750000,7.750000,7.687500,7.750000,0.270567,128000,-,0.234487,0.256366,0.272204,0.271004,281548.0
09/17/1982,7.750000,7.812500,7.625000,7.750000,0.270567,108800,-,0.234216,0.255555,0.272422,0.271440,281456.0
09/16/1982,7.812500,7.875000,7.687500,7.750000,0.270567,194200,-,0.233955,0.254744,0.272204,0.271658,281368.0
09/15/1982,7.750000,7.812500,7.687500,7.812500,0.272749,174200,-,0.233704,0.253975,0.272287,0.272095,279980.0
09/14/1982,7.750000,7.750000,7.687500,7.750000,0.270567,128800,-,0.233461,0.253205,0.272261,0.272531,278228.0
09/13/1982,7.687500,7.812500,7.687500,7.750000,0.270567,170200,-,0.233230,0.252478,0.271499,0.272749,278048.0
09/10/1982,7.750000,7.812500,7.687500,7.687500,0.268385,195000,-,0.232978,0.251752,0.270633,0.273186,282612.0
09/09/1982,7.750000,7.812500,7.687500,7.750000,0.270567,186400,-,0.232738,0.251069,0.269664,0.273840,280244.0
09/08/1982,7.875000,7.875000,7.750000,7.750000,0.270567,198200,-,0.232477,0.250385,0.268586,0.274059,290844.0
09/07/1982,7.875000,7.875000,7.812500,7.875000,0.274931,377000,-,0.232235,0.249700,0.267614,0.273840,289308.0
09/03/1982,7.812500,7.937500,7.812500,7.875000,0.274931,314600,-,0.231962,0.248929,0.266318,0.273404,283124.0
09/02/1982,7.875000,7.875000,7.750000,7.812500,0.272749,157200,-,0.231689,0.248115,0.264917,0.273404,278860.0
09/01/1982,7.937500,7.937500,7.750000,7.875000,0.274931,209400,-,0.231437,0.247345,0.263624,0.272749,278208.0
08/31/1982,7.812500,8.000000,7.750000,7.937500,0.277113,187800,-,0.231164,0.246531,0.262223,0.272479,276016.0
08/30/1982,7.875000,7.875000,7.750000,7.812500,0.272749,152200,-,0.230880,0.245674,0.260712,0.271990,275348.0
08/27/1982,7.875000,7.937500,7.750000,7.875000,0.274931,206000,-,0.230618,0.244903,0.259209,0.270249,274060.0
08/26/1982,7.812500,7.937500,7.750000,7.875000,0.274931,295400,-,0.230335,0.244132,0.257385,0.268080,273420.0
08/25/1982,7.687500,7.875000,7.687500,7.812500,0.272749,437400,-,0.230052,0.243360,0.255667,0.265488,269216.0
08/24/1982,7.750000,7.875000,7.562500,7.687500,0.268385,343800,-,0.229770,0.242674,0.253848,0.263114,263648.0
08/23/1982,7.875000,7.937500,7.500000,7.750000,0.270567,335600,-,0.229471,0.242118,0.252457,0.261388,259268.0
08/20/1982,7.625000,7.875000,7.625000,7.875000,0.274931,714800,-,0.229171,0.241518,0.250746,0.259232,254660.0
08/19/1982,7.750000,7.750000,7.625000,7.625000,0.266203,407000,-,0.228848,0.240831,0.248712,0.256429,242416.0
08/18/1982,8.062500,8.312500,8.000000,8.062500,0.272226,1188000,-,0.228589,0.240318,0.247113,0.254499,236824.0
08/17/1982,7.625000,8.187500,7.625000,8.062500,0.272226,922200,-,0.228291,0.239727,0.245214,0.251967,214764.0
08/16/1982,7.562500,7.750000,7.562500,7.562500,0.255343,480000,-,0.227973,0.239094,0.243420,0.249435,198952.0
08/13/1982,7.375000,7.500000,7.312500,7.500000,0.253233,305600,-,0.227721,0.238841,0.242471,0.248169,191400.0
08/12/1982,7.375000,7.437500,7.312500,7.375000,0.249013,105000,-,0.227470,0.238630,0.241521,0.246691,189044.0
08/11/1982,7.437500,7.437500,7.312500,7.375000,0.249013,102200,-,0.227231,0.238504,0.240888,0.245847,190940.0
08/10/1982,7.375000,7.437500,7.312500,7.437500,0.251123,115400,-,0.226992,0.238292,0.240255,0.244581,191548.0
08/09/1982,7.312500,7.375000,7.250000,7.375000,0.249013,221000,-,0.226751,0.237997,0.239622,0.243526,191844.0
08/06/1982,7.312500,7.375000,7.125000,7.312500,0.246902,87800,-,0.226521,0.237828,0.239094,0.242260,189676.0
08/05/1982,7.312500,7.312500,7.250000,7.312500,0.246902,129000,-,0.226302,0.237702,0.238250,0.240994,195520.0
08/04/1982,7.312500,7.375000,7.250000,7.312500,0.246902,285400,-,0.226073,0.237617,0.237406,0.239727,194852.0
08/03/1982,7.187500,7.375000,7.187500,7.312500,0.246902,363200,-,0.225854,0.237533,0.236668,0.238461,195692.0
08/02/1982,7.062500,7.250000,7.062500,7.187500,0.242682,198000,-,0.225625,0.237448,0.236034,0.237406,193160.0
07/30/1982,7.125000,7.125000,7.000000,7.062500,0.238461,142600,-,0.225417,0.237364,0.235612,0.236773,198012.0
07/29/1982,7.062500,7.187500,7.062500,7.125000,0.240572,470400,-,0.225231,0.237448,0.235401,0.236351,198004.0
07/28/1982,7.125000,7.125000,7.000000,7.000000,0.236351,245200,-,0.225033,0.237491,0.235085,0.235929,190660.0
07/27/1982,7.000000,7.250000,7.000000,7.125000,0.240572,344400,-,0.224867,0.237658,0.235085,0.235929,188680.0
07/26/1982,6.937500,7.062500,6.875000,7.000000,0.236351,315800,-,0.224679,0.237741,0.234874,0.235718,198088.0
07/23/1982,6.937500,7.000000,6.937500,6.937500,0.234241,119000,-,0.224494,0.237949,0.234874,0.235929,197332.0
07/22/1982,6.937500,7.000000,6.875000,6.937500,0.234241,145000,-,0.224319,0.238240,0.234874,0.235507,201728.0
07/21/1982,7.000000,7.000000,6.875000,6.937500,0.234241,662600,-,0.224134,0.238450,0.234874,0.235085,204016.0
07/20/1982,7.000000,7.000000,6.875000,7.000000,0.236351,407400,-,0.223931,0.238496,0.234874,0.234874,194588.0
07/19/1982,6.937500,7.000000,6.937500,7.000000,0.236351,136000,-,0.223707,0.238623,0.234768,0.234663,190916.0
07/16/1982,7.000000,7.000000,6.937500,6.937500,0.234241,57600,-,0.223493,0.238790,0.234663,0.234452,195132.0
07/15/1982,7.000000,7.000000,6.937500,7.000000,0.236351,161600,-,0.223290,0.238918,0.234768,0.234452,195868.0
07/14/1982,7.000000,7.000000,6.937500,7.000000,0.236351,97600,-,0.223066,0.239004,0.234768,0.234241,202872.0
07/13/1982,7.062500,7.062500,6.937500,7.062500,0.238461,384800,-,0.222833,0.239009,0.234874,0.234241,202940.0
07/12/1982,6.937500,7.062500,6.937500,7.062500,0.238461,262600,-,0.222590,0.238971,0.234979,0.234030,200636.0
07/09/1982,6.812500,6.875000,6.812500,6.812500,0.230020,123400,-,0.222365,0.238973,0.235085,0.233819,198892.0
07/08/1982,6.875000,6.875000,6.750000,6.812500,0.230020,104400,-,0.222183,0.239145,0.235612,0.234241,199672.0
07/07/1982,6.937500,6.937500,6.812500,6.875000,0.232130,124800,-,0.222019,0.239276,0.236140,0.234663,202060.0
07/06/1982,6.937500,7.000000,6.875000,6.937500,0.234241,86600,-,0.221845,0.239365,0.236668,0.234874,206240.0
07/02/1982,6.937500,7.000000,6.875000,6.937500,0.234241,119800,-,0.221661,0.239411,0.236984,0.234874,210640.0
07/01/1982,6.937500,7.000000,6.937500,6.937500,0.234241,398400,-,0.221476,0.239498,0.237406,0.234874,211576.0
06/30/1982,7.000000,7.000000,6.500000,6.937500,0.234241,76600,-,0.221292,0.239545,0.237828,0.235085,208396.0
06/29/1982,7.000000,7.062500,6.937500,7.000000,0.236351,716400,-,0.221107,0.239591,0.238250,0.235296,209992.0
06/28/1982,7.000000,7.062500,6.937500,7.000000,0.236351,121400,-,0.220912,0.239555,0.238356,0.235507,202108.0
06/25/1982,6.937500,7.000000,6.937500,7.000000,0.236351,67800,-,0.220708,0.239518,0.238356,0.235929,204188.0
06/24/1982,6.937500,7.000000,6.937500,6.937500,0.234241,101400,-,0.220503,0.239482,0.238567,0.236351,205272.0
06/23/1982,6.937500,7.000000,6.875000,6.937500,0.234241,124600,-,0.220309,0.239447,0.238883,0.236984,206356.0
06/22/1982,6.937500,7.062500,6.937500,6.937500,0.234241,99800,-,0.220106,0.239411,0.239305,0.237617,208832.0
06/21/1982,6.937500,7.000000,6.937500,6.937500,0.234241,154400,-,0.219902,0.239376,0.239728,0.238461,217268.0
06/18/1982,7.000000,7.062500,6.937500,6.937500,0.234241,87800,-,0.219718,0.239260,0.240150,0.239094,219500.0
06/17/1982,7.000000,7.062500,7.000000,7.000000,0.236351,174000,-,0.219543,0.239184,0.240361,0.239939,232136.0
06/16/1982,7.062500,7.062500,7.000000,7.000000,0.236351,85200,-,0.219348,0.239025,0.240677,0.240572,231744.0
06/15/1982,7.125000,7.187500,7.062500,7.062500,0.238461,159000,-,0.219162,0.238825,0.240994,0.241205,233256.0
06/14/1982,7.125000,7.125000,7.062500,7.125000,0.240572,124800,-,0.218966,0.238583,0.241307,0.241205,233004.0
06/11/1982,7.125000,7.187500,7.062500,7.125000,0.240572,105200,-,0.218750,0.238299,0.241514,0.240783,232376.0
06/10/1982,7.125000,7.125000,7.000000,7.125000,0.240572,102600,-,0.218553,0.237974,0.241824,0.240783,232440.0
06/09/1982,7.187500,7.187500,7.062500,7.125000,0.240572,127400,-,0.218346,0.237690,0.242235,0.240783,232588.0
06/08/1982,7.125000,7.250000,7.125000,7.187500,0.242682,85000,-,0.218139,0.237365,0.242442,0.240994,231316.0
06/07/1982,7.187500,7.187500,7.125000,7.125000,0.240572,131600,-,0.217932,0.237039,0.242137,0.240994,234624.0
06/04/1982,7.187500,7.250000,7.125000,7.187500,0.242682,102400,-,0.217744,0.236714,0.242242,0.241205,234132.0
06/03/1982,7.187500,7.250000,7.125000,7.187500,0.242682,187800,-,0.217555,0.236388,0.242344,0.240783,233812.0
06/02/1982,7.062500,7.250000,7.062500,7.187500,0.242682,199800,-,0.217376,0.236021,0.242242,0.240783,231692.0
06/01/1982,7.000000,7.125000,7.000000,7.062500,0.238461,132600,-,0.217196,0.235694,0.242140,0.240783,231236.0
05/28/1982,7.125000,7.125000,7.000000,7.000000,0.236351,130200,-,0.217038,0.235412,0.242045,0.241409,231640.0
05/27/1982,7.125000,7.187500,7.125000,7.125000,0.240572,112600,-,0.216890,0.235131,0.242056,0.242246,235640.0
05/26/1982,7.187500,7.250000,7.125000,7.125000,0.240572,380000,-,0.216730,0.234724,0.241957,0.242865,235560.0
05/25/1982,7.187500,7.250000,7.187500,7.187500,0.242682,95600,-,0.216570,0.234318,0.241859,0.243687,232532.0
05/24/1982,7.187500,7.312500,7.187500,7.187500,0.242682,327400,-,0.216399,0.233951,0.241553,0.243891,232500.0
05/21/1982,7.062500,7.312500,7.062500,7.187500,0.242682,236600,-,0.216192,0.233583,0.241247,0.243279,229908.0
05/20/1982,7.125000,7.125000,7.000000,7.062500,0.238461,440600,-,0.215995,0.233216,0.240941,0.243279,227420.0
05/19/1982,7.437500,7.500000,7.375000,7.437500,0.242682,142200,-,0.215799,0.233015,0.240948,0.243905,221180.0
05/18/1982,7.500000,7.625000,7.437500,7.437500,0.242682,103200,-,0.215592,0.232771,0.240642,0.243701,226700.0
05/17/1982,7.500000,7.562500,7.437500,7.500000,0.244721,146200,-,0.215376,0.232526,0.240337,0.243498,228748.0
05/14/1982,7.562500,7.625000,7.125000,7.500000,0.244721,814800,-,0.215159,0.232200,0.239827,0.242682,232244.0
05/13/1982,7.625000,7.625000,7.500000,7.562500,0.246761,278000,-,0.214942,0.231873,0.239317,0.241866,223692.0
05/12/1982,7.500000,7.625000,7.500000,7.625000,0.248800,338800,-,0.214723,0.231506,0.238705,0.241050,225820.0
05/11/1982,7.250000,7.562500,7.250000,7.500000,0.244721,259400,-,0.214477,0.231017,0.237889,0.240031,225856.0
05/10/1982,7.375000,7.375000,7.250000,7.250000,0.236564,191200,-,0.214259,0.230568,0.237278,0.239215,233756.0
05/07/1982,7.500000,7.562500,7.437500,7.437500,0.242682,223800,-,0.214083,0.230283,0.237074,0.239215,234828.0
05/06/1982,7.375000,7.562500,7.312500,7.500000,0.244721,346800,-,0.213839,0.229835,0.236360,0.238603,237272.0
05/05/1982,7.375000,7.437500,7.312500,7.375000,0.240643,94400,-,0.213595,0.229269,0.235646,0.237991,234808.0
05/04/1982,7.250000,7.437500,6.875000,7.375000,0.240643,511800,-,0.213370,0.228823,0.235034,0.237583,243160.0
05/03/1982,7.250000,7.312500,7.187500,7.250000,0.236564,101000,-,0.213146,0.228416,0.234320,0.237176,234964.0
04/30/1982,7.312500,7.312500,7.187500,7.250000,0.236564,269600,-,0.212951,0.228052,0.233811,0.236972,234464.0
04/29/1982,7.312500,7.312500,7.125000,7.312500,0.238603,175400,-,0.212756,0.227688,0.233301,0.236768,230268.0
04/28/1982,7.250000,7.312500,7.187500,7.312500,0.238603,162400,-,0.212552,0.227244,0.232587,0.236360,228912.0
04/27/1982,7.250000,7.250000,7.125000,7.250000,0.236564,223800,-,0.212356,0.226799,0.231975,0.235748,227592.0
04/26/1982,7.250000,7.312500,7.187500,7.250000,0.236564,333800,-,0.212170,0.226396,0.231363,0.235340,223996.0
04/23/1982,7.312500,7.375000,7.250000,7.250000,0.236564,306600,-,0.211975,0.225953,0.230854,0.234932,220624.0
04/22/1982,7.250000,7.312500,7.187500,7.312500,0.238603,166600,-,0.211781,0.225549,0.230242,0.234116,215660.0
04/21/1982,7.250000,7.250000,7.187500,7.250000,0.236564,239400,-,0.211567,0.225105,0.229630,0.233301,213904.0
04/20/1982,7.187500,7.250000,7.187500,7.250000,0.236564,156400,-,0.211363,0.224702,0.229018,0.232485,213004.0
04/19/1982,7.187500,7.250000,7.187500,7.187500,0.234524,322200,-,0.211168,0.224298,0.228508,0.231465,211492.0
04/16/1982,7.187500,7.250000,7.125000,7.187500,0.234524,225400,-,0.210983,0.223896,0.227998,0.230650,209360.0
04/15/1982,7.125000,7.187500,7.125000,7.187500,0.234524,122000,-,0.210799,0.223494,0.227387,0.229834,206548.0
04/14/1982,7.125000,7.187500,7.062500,7.125000,0.232485,155600,-,0.210614,0.223131,0.226673,0.228814,206220.0
04/13/1982,7.125000,7.187500,7.062500,7.125000,0.232485,248400,-,0.210440,0.222809,0.226061,0.228202,205628.0
04/12/1982,7.000000,7.187500,7.000000,7.125000,0.232485,521600,-,0.210275,0.222527,0.225653,0.227387,204784.0
04/08/1982,7.062500,7.062500,7.000000,7.000000,0.228406,266000,-,0.210100,0.222205,0.225245,0.226775,196332.0
04/07/1982,7.000000,7.062500,7.000000,7.062500,0.230446,719600,-,0.209937,0.221925,0.225041,0.226367,192984.0
04/06/1982,6.937500,7.000000,6.875000,7.000000,0.228406,154400,-,0.209782,0.221604,0.224939,0.225959,182044.0
04/05/1982,6.937500,7.000000,6.937500,6.937500,0.226367,160800,-,0.209637,0.221325,0.225041,0.225551,181216.0
04/02/1982,6.937500,7.000000,6.937500,6.937500,0.226367,146400,-,0.209439,0.221046,0.225245,0.225551,179804.0
04/01/1982,6.875000,6.937500,6.875000,6.937500,0.226367,93400,-,0.209249,0.220807,0.225347,0.225347,178352.0
03/31/1982,6.937500,7.000000,6.875000,6.875000,0.224328,108400,-,0.209069,0.220568,0.225449,0.224939,178716.0
03/30/1982,6.875000,6.937500,6.875000,6.937500,0.226367,110000,-,0.208908,0.220331,0.225653,0.224532,177832.0
03/29/1982,6.937500,6.937500,6.875000,6.875000,0.224328,63800,-,0.208746,0.220092,0.225551,0.223920,178280.0
03/26/1982,6.875000,6.937500,6.875000,6.937500,0.226367,250400,-,0.208576,0.219854,0.225449,0.223920,179184.0
03/25/1982,6.937500,6.937500,6.875000,6.875000,0.224328,107000,-,0.208386,0.219537,0.225245,0.223716,175864.0
03/24/1982,6.875000,6.937500,6.875000,6.937500,0.226367,86400,-,0.208179,0.219299,0.225045,0.223716,176720.0
03/23/1982,6.937500,7.000000,6.875000,6.875000,0.224328,81800,-,0.207953,0.219021,0.224546,0.223920,177148.0
03/22/1982,6.875000,7.000000,6.812500,6.937500,0.226367,177000,-,0.207746,0.218823,0.224247,0.224532,178124.0
03/19/1982,6.812500,6.875000,6.750000,6.875000,0.224328,152800,-,0.207511,0.218623,0.223945,0.224939,180352.0
03/18/1982,6.750000,6.812500,6.687500,6.812500,0.222288,330200,-,0.207295,0.218425,0.223646,0.225347,179400.0
03/17/1982,6.750000,6.750000,6.625000,6.750000,0.220249,108600,-,0.207089,0.218307,0.223450,0.225959,181868.0
03/16/1982,6.875000,6.875000,6.687500,6.750000,0.220249,228600,-,0.206885,0.218269,0.223257,0.226775,182060.0
03/15/1982,6.875000,6.937500,6.812500,6.875000,0.224328,94000,-,0.206698,0.218192,0.223063,0.227183,196844.0
03/12/1982,6.875000,6.937500,6.875000,6.875000,0.224328,197800,-,0.206483,0.217994,0.222666,0.226979,197192.0
03/11/1982,7.000000,7.062500,6.875000,6.875000,0.224328,112200,-,0.206257,0.217756,0.222171,0.226775,198796.0
03/10/1982,7.062500,7.437500,6.937500,7.000000,0.228406,128600,-,0.206023,0.217598,0.221774,0.226374,198488.0
03/09/1982,7.062500,7.062500,6.937500,7.062500,0.230446,418200,-,0.205778,0.217357,0.221173,0.225172,197792.0
03/08/1982,7.000000,7.062500,6.937500,7.062500,0.230446,205600,-,0.205522,0.217076,0.220470,0.223963,193800.0
03/05/1982,7.000000,7.062500,6.937500,7.000000,0.228406,321000,-,0.205267,0.216755,0.219767,0.222951,191520.0
03/04/1982,7.000000,7.000000,6.937500,7.000000,0.228406,387200,-,0.205003,0.216515,0.219068,0.221945,188232.0
03/03/1982,6.875000,7.062500,6.875000,7.000000,0.228406,384400,-,0.204761,0.216275,0.218368,0.220940,182064.0
03/02/1982,6.812500,6.937500,6.812500,6.875000,0.224328,340600,-,0.204519,0.215995,0.217768,0.219738,178792.0
03/01/1982,6.937500,6.937500,6.750000,6.812500,0.222288,654400,-,0.204280,0.215836,0.217370,0.218944,173500.0
02/26/1982,7.000000,7.062500,6.937500,7.062500,0.222288,244800,-,0.204051,0.215679,0.217174,0.218354,162444.0
02/25/1982,6.937500,7.000000,6.937500,7.000000,0.220321,346000,-,0.203814,0.215521,0.216879,0.217567,159524.0
02/24/1982,6.937500,6.937500,6.875000,6.875000,0.216387,223600,-,0.203577,0.215443,0.216584,0.217174,159728.0
02/23/1982,7.000000,7.000000,6.937500,6.937500,0.218354,512000,-,0.203351,0.215482,0.216485,0.217174,159692.0
02/22/1982,6.937500,7.000000,6.875000,7.000000,0.220321,102000,-,0.203115,0.215443,0.216289,0.216977,151528.0
02/19/1982,6.937500,6.937500,6.812500,6.937500,0.218354,76000,-,0.202879,0.215364,0.215895,0.216584,151824.0
02/18/1982,6.875000,6.937500,6.875000,6.937500,0.218354,59800,-,0.202643,0.215325,0.215698,0.216190,152264.0
02/17/1982,6.875000,6.937500,6.812500,6.875000,0.216387,107600,-,0.202399,0.215285,0.215502,0.215797,155912.0
02/16/1982,6.875000,6.875000,6.812500,6.875000,0.216387,96400,-,0.202173,0.215364,0.215305,0.215797,157188.0
02/12/1982,6.812500,6.937500,6.812500,6.875000,0.216387,44000,-,0.201965,0.215364,0.215207,0.215797,157720.0
02/11/1982,6.875000,6.875000,6.812500,6.812500,0.214420,165200,-,0.201756,0.215403,0.215010,0.215993,163548.0
02/10/1982,6.875000,6.875000,6.812500,6.875000,0.216387,58400,-,0.201576,0.215521,0.214813,0.216190,163340.0
02/09/1982,6.875000,6.937500,6.812500,6.875000,0.216387,78800,-,0.201376,0.215679,0.214616,0.215993,165144.0
02/08/1982,6.875000,6.937500,6.812500,6.875000,0.216387,194400,-,0.201186,0.215836,0.214420,0.215797,165828.0
02/05/1982,6.812500,6.875000,6.812500,6.875000,0.216387,80800,-,0.200995,0.215915,0.214321,0.215600,164852.0
02/04/1982,6.812500,6.937500,6.812500,6.812500,0.214420,215600,-,0.200796,0.215993,0.214321,0.215207,164732.0
02/03/1982,6.875000,6.875000,6.812500,6.812500,0.214420,84800,-,0.200615,0.216072,0.214321,0.215207,163492.0
02/02/1982,6.875000,6.875000,6.812500,6.875000,0.216387,105600,-,0.200443,0.216230,0.214420,0.215207,164280.0
02/01/1982,6.937500,6.937500,6.812500,6.875000,0.216387,126000,-,0.200262,0.216308,0.214518,0.214813,164940.0
01/29/1982,6.875000,7.000000,6.812500,6.937500,0.218354,206200,-,0.200062,0.216387,0.214518,0.214616,165696.0
01/28/1982,6.812500,6.875000,6.750000,6.875000,0.216387,99000,-,0.199844,0.216466,0.214321,0.214026,165272.0
01/27/1982,6.812500,6.812500,6.750000,6.812500,0.214420,98600,-,0.199627,0.216544,0.214125,0.213436,169144.0
01/26/1982,6.812500,6.812500,6.687500,6.812500,0.214420,172600,-,0.199429,0.216662,0.214223,0.213239,170316.0
01/25/1982,6.750000,6.812500,6.750000,6.812500,0.214420,113000,-,0.199222,0.216780,0.214321,0.213043,171444.0
01/22/1982,6.812500,6.812500,6.687500,6.750000,0.212453,90200,-,0.199024,0.216859,0.214420,0.213043,172596.0
01/21/1982,6.812500,6.812500,6.750000,6.812500,0.214420,73800,-,0.198835,0.216977,0.214518,0.213436,177908.0
01/20/1982,6.750000,6.875000,6.750000,6.812500,0.214420,111600,-,0.198646,0.217016,0.214616,0.213436,182236.0
01/19/1982,6.812500,6.875000,6.750000,6.750000,0.212453,64200,-,0.198447,0.216898,0.214715,0.213633,182420.0
01/18/1982,6.750000,6.875000,6.687500,6.812500,0.214420,132400,-,0.198268,0.216859,0.214813,0.214223,184056.0
01/15/1982,6.687500,6.812500,6.687500,6.750000,0.212453,109000,-,0.198069,0.216780,0.214912,0.214420,187464.0
01/14/1982,6.750000,6.750000,6.562500,6.687500,0.210485,84400,-,0.197872,0.216820,0.215010,0.214616,192492.0
01/13/1982,6.750000,6.875000,6.687500,6.750000,0.212453,149800,-,0.197676,0.216860,0.215207,0.214813,196104.0
01/12/1982,6.812500,6.875000,6.750000,6.750000,0.212453,107800,-,0.197496,0.216786,0.215403,0.215207,195636.0
01/11/1982,6.875000,6.875000,6.750000,6.812500,0.214420,130600,-,0.197307,0.216635,0.215698,0.215600,197828.0
01/08/1982,6.812500,6.875000,6.812500,6.875000,0.216387,288400,-,0.197118,0.216408,0.215797,0.215797,196584.0
01/07/1982,6.875000,6.937500,6.812500,6.812500,0.214420,105200,-,0.196927,0.216103,0.215797,0.215600,193764.0
01/06/1982,6.937500,6.937500,6.812500,6.875000,0.216387,453600,-,0.196738,0.215837,0.215895,0.215797,192884.0
01/05/1982,6.875000,6.937500,6.875000,6.937500,0.218354,118200,-,0.196538,0.215570,0.215895,0.215797,185932.0
01/04/1982,6.812500,6.937500,6.625000,6.875000,0.216387,967800,-,0.196329,0.215264,0.215993,0.215403,185188.0
12/31/1981,6.750000,6.875000,6.750000,6.812500,0.214420,111400,-,0.196148,0.214997,0.215993,0.215403,168384.0
12/30/1981,6.875000,6.875000,6.750000,6.750000,0.212453,278000,-,0.195967,0.214731,0.216190,0.215403,168168.0
12/29/1981,6.875000,6.875000,6.750000,6.875000,0.216387,96800,-,0.195787,0.214543,0.216584,0.215600,164676.0
12/28/1981,6.875000,6.875000,6.812500,6.875000,0.216387,93800,-,0.195588,0.214238,0.216977,0.215600,163864.0
12/24/1981,6.812500,6.875000,6.750000,6.875000,0.216387,218600,-,0.195380,0.213933,0.217370,0.215797,164084.0
12/23/1981,6.875000,6.875000,6.750000,6.812500,0.214420,91600,-,0.195172,0.213628,0.217567,0.215797,164472.0
12/22/1981,6.875000,6.875000,6.812500,6.875000,0.216387,156600,-,0.194973,0.213362,0.217862,0.215993,169544.0
12/21/1981,6.812500,6.875000,6.812500,6.875000,0.216387,78800,-,0.194765,0.213095,0.217961,0.215993,170100.0
12/18/1981,6.875000,6.875000,6.750000,6.812500,0.214420,220800,-,0.194539,0.212828,0.218256,0.215993,175396.0
12/17/1981,6.812500,6.875000,6.687500,6.875000,0.216387,76000,-,0.194323,0.212524,0.218551,0.216584,173792.0
12/16/1981,6.812500,6.875000,6.750000,6.812500,0.214420,101600,-,0.194097,0.212181,0.218747,0.216584,176972.0
12/15/1981,6.875000,6.937500,6.812500,6.812500,0.214420,98800,-,0.193873,0.211840,0.219141,0.216977,181404.0
12/14/1981,6.937500,7.000000,6.812500,6.875000,0.216387,356200,-,0.193657,0.211422,0.219436,0.217567,190796.0
12/11/1981,6.875000,6.937500,6.812500,6.937500,0.218354,221800,-,0.193440,0.210928,0.219633,0.218354,188160.0
12/10/1981,6.875000,6.937500,6.812500,6.875000,0.216387,103800,-,0.193213,0.210431,0.219731,0.218944,197716.0
12/09/1981,6.875000,6.937500,6.812500,6.875000,0.216387,116800,-,0.193005,0.209975,0.219829,0.219338,196832.0
12/08/1981,6.875000,6.937500,6.812500,6.875000,0.216387,98000,-,0.192788,0.209480,0.219928,0.219731,195868.0
12/07/1981,6.937500,6.937500,6.875000,6.875000,0.216387,242200,-,0.192571,0.208947,0.219928,0.219928,196784.0
12/04/1981,6.875000,7.000000,6.687500,7.000000,0.220321,171400,-,0.192354,0.208415,0.219534,0.220518,196760.0
12/03/1981,6.937500,6.937500,6.812500,6.875000,0.216387,123000,-,0.192099,0.207879,0.219043,0.220518,195140.0
12/02/1981,7.000000,7.000000,6.875000,6.937500,0.218354,335400,-,0.191873,0.207422,0.218747,0.220911,194680.0
12/01/1981,7.125000,7.125000,7.000000,7.000000,0.220321,154800,-,0.191638,0.207002,0.218551,0.221305,189856.0
11/30/1981,7.125000,7.125000,7.062500,7.125000,0.224255,148600,-,0.191392,0.206542,0.218161,0.221305,188044.0
11/27/1981,7.000000,7.125000,7.000000,7.125000,0.224255,113000,-,0.191154,0.206004,0.217384,0.220911,186492.0
11/25/1981,7.000000,7.062500,6.937500,7.000000,0.220321,145600,-,0.190906,0.205466,0.216418,0.220518,185384.0
11/24/1981,6.937500,7.062500,6.937500,7.000000,0.220321,74800,-,0.190687,0.205006,0.215554,0.220321,183936.0
11/23/1981,7.062500,7.062500,6.937500,6.937500,0.218354,153600,-,0.190459,0.204547,0.214595,0.220124,184172.0
11/20/1981,7.000000,7.062500,6.937500,7.062500,0.222288,124200,-,0.190254,0.204126,0.213734,0.219928,182944.0
11/19/1981,7.000000,7.062500,6.937500,7.000000,0.220321,138600,-,0.190020,0.203590,0.212771,0.218551,182476.0
11/18/1981,7.062500,7.062500,6.937500,7.000000,0.220321,163800,-,0.189796,0.203092,0.211907,0.217567,181636.0
11/17/1981,7.000000,7.062500,7.000000,7.062500,0.222288,185000,-,0.189580,0.202595,0.211042,0.216584,189272.0
11/16/1981,7.000000,7.062500,6.937500,7.000000,0.220321,292600,-,0.189355,0.202020,0.209985,0.215797,187636.0
11/13/1981,7.000000,7.062500,6.937500,7.000000,0.220321,157200,-,0.189148,0.201484,0.209121,0.215017,186440.0
11/12/1981,6.937500,7.000000,6.937500,7.000000,0.220321,229000,-,0.188941,0.201025,0.208161,0.213857,186096.0
11/11/1981,6.937500,7.000000,6.875000,6.937500,0.218354,170600,-,0.188717,0.200603,0.207202,0.212319,182672.0
11/10/1981,6.875000,7.062500,6.875000,6.937500,0.218354,355800,-,0.188503,0.200183,0.206341,0.210787,181224.0
11/09/1981,6.687500,6.875000,6.687500,6.875000,0.216387,290200,-,0.188280,0.199800,0.205481,0.209065,176348.0
11/06/1981,6.687500,6.750000,6.625000,6.625000,0.208518,120800,-,0.188050,0.199458,0.204813,0.207540,171856.0
11/05/1981,6.687500,6.750000,6.625000,6.687500,0.210485,146000,-,0.187868,0.199234,0.204539,0.206992,171064.0
11/04/1981,6.937500,6.937500,6.687500,6.687500,0.210485,302800,-,0.187693,0.199047,0.203976,0.206246,171300.0
11/03/1981,7.000000,7.062500,6.937500,7.062500,0.214420,360400,-,0.187527,0.198822,0.203414,0.205501,168788.0
11/02/1981,6.875000,7.000000,6.875000,7.000000,0.212522,265000,-,0.187341,0.198519,0.202560,0.204173,163656.0
10/30/1981,6.750000,6.875000,6.750000,6.875000,0.208727,126400,-,0.187173,0.198291,0.201611,0.203224,160348.0
10/29/1981,6.687500,6.812500,6.687500,6.750000,0.204932,217400,-,0.187033,0.198177,0.200758,0.202465,161008.0
10/28/1981,6.625000,6.687500,6.625000,6.687500,0.203035,68400,-,0.186911,0.198177,0.200188,0.202086,168284.0
10/27/1981,6.625000,6.750000,6.625000,6.625000,0.201137,147400,-,0.186799,0.198251,0.199714,0.201896,174964.0
10/26/1981,6.687500,6.687500,6.562500,6.625000,0.201137,61200,-,0.186705,0.198364,0.199240,0.201896,173540.0
10/23/1981,6.687500,6.687500,6.625000,6.687500,0.203035,106000,-,0.186602,0.198476,0.198670,0.202086,174072.0
10/22/1981,6.687500,6.687500,6.625000,6.687500,0.203035,81000,-,0.186482,0.198551,0.198006,0.202086,175740.0
10/21/1981,6.625000,6.687500,6.625000,6.687500,0.203035,127600,-,0.186361,0.198662,0.197532,0.201706,178604.0
10/20/1981,6.687500,6.687500,6.625000,6.625000,0.201137,100600,-,0.186266,0.198773,0.197057,0.201327,179464.0
10/19/1981,6.625000,6.687500,6.625000,6.687500,0.203035,103400,-,0.186198,0.198922,0.196868,0.200947,180016.0
10/16/1981,6.625000,6.687500,6.625000,6.625000,0.201137,56200,-,0.186103,0.198887,0.196583,0.199999,179496.0
10/15/1981,6.625000,6.687500,6.625000,6.625000,0.201137,104800,-,0.185975,0.198926,0.196393,0.199050,179796.0
10/14/1981,6.625000,6.750000,6.625000,6.625000,0.201137,238000,-,0.185821,0.198893,0.196204,0.198291,182852.0
10/13/1981,6.687500,6.687500,6.625000,6.625000,0.201137,345200,-,0.185676,0.198895,0.196014,0.197532,179288.0
10/12/1981,6.687500,6.750000,6.625000,6.687500,0.203035,184400,-,0.185539,0.198861,0.195824,0.196583,173816.0
10/09/1981,6.625000,6.687500,6.625000,6.687500,0.203035,343600,-,0.185402,0.198826,0.195539,0.195255,172056.0
10/08/1981,6.562500,6.625000,6.500000,6.562500,0.199240,140600,-,0.185273,0.198791,0.195160,0.193927,168084.0
10/07/1981,6.500000,6.625000,6.500000,6.562500,0.199240,235000,-,0.185171,0.198868,0.194970,0.193357,173552.0
10/06/1981,6.375000,6.562500,6.375000,6.500000,0.197342,323200,-,0.185061,0.198872,0.194780,0.192788,176664.0
10/05/1981,6.312500,6.500000,6.250000,6.375000,0.193547,568400,-,0.184918,0.198951,0.194591,0.192788,172820.0
10/02/1981,6.375000,6.375000,6.312500,6.312500,0.191650,224400,-,0.184785,0.199105,0.194591,0.193168,164636.0
10/01/1981,6.375000,6.437500,6.312500,6.375000,0.193547,699600,-,0.184628,0.199151,0.194875,0.193737,163956.0
09/30/1981,6.312500,6.375000,6.250000,6.375000,0.193547,59600,-,0.184453,0.199196,0.195160,0.194116,155216.0
09/29/1981,6.312500,6.375000,6.312500,6.312500,0.191650,68600,-,0.184269,0.199241,0.195350,0.194496,155392.0
09/28/1981,6.250000,6.312500,6.187500,6.250000,0.189752,143800,-,0.184128,0.199324,0.195729,0.195065,158792.0
09/25/1981,6.375000,6.375000,6.250000,6.250000,0.189752,241000,-,0.184006,0.199481,0.196204,0.195824,163508.0
09/24/1981,6.375000,6.437500,6.312500,6.375000,0.193547,90400,-,0.183884,0.199638,0.196583,0.196393,162028.0
09/23/1981,6.500000,6.500000,6.312500,6.375000,0.193547,100000,-,0.183743,0.199719,0.196963,0.196583,166036.0
09/22/1981,6.500000,6.562500,6.437500,6.500000,0.197342,94200,-,0.183593,0.199837,0.197247,0.196773,171468.0
09/21/1981,6.500000,6.500000,6.437500,6.500000,0.197342,64200,-,0.183424,0.199879,0.197342,0.196393,171768.0
09/18/1981,6.500000,6.500000,6.375000,6.500000,0.197342,71000,-,0.183264,0.199885,0.197532,0.196014,173268.0
09/17/1981,6.500000,6.500000,6.437500,6.500000,0.197342,57600,-,0.183104,0.199890,0.197816,0.196014,174692.0
09/16/1981,6.500000,6.500000,6.375000,6.500000,0.197342,73200,-,0.182935,0.199859,0.198196,0.196204,176216.0
09/15/1981,6.500000,6.500000,6.375000,6.500000,0.197342,86600,-,0.182775,0.199828,0.198667,0.196204,179052.0
09/14/1981,6.437500,6.500000,6.375000,6.500000,0.197342,92200,-,0.182623,0.199833,0.199138,0.196393,187580.0
09/11/1981,6.437500,6.500000,6.375000,6.437500,0.195444,100800,-,0.182463,0.199839,0.199609,0.196583,190012.0
09/10/1981,6.437500,6.562500,6.375000,6.437500,0.195444,96600,-,0.182320,0.199882,0.200175,0.196773,191292.0
09/09/1981,6.375000,6.500000,6.312500,6.437500,0.195444,545600,-,0.182178,0.199925,0.200832,0.197342,191952.0
09/08/1981,6.375000,6.375000,6.312500,6.375000,0.193547,103200,-,0.182053,0.199969,0.201489,0.197722,185024.0
09/04/1981,6.500000,6.500000,6.125000,6.375000,0.193547,232800,-,0.181937,0.200087,0.202242,0.198291,190988.0
09/03/1981,6.562500,6.625000,6.500000,6.500000,0.197342,140000,-,0.181830,0.200168,0.202628,0.199050,189312.0
09/02/1981,6.500000,6.562500,6.500000,6.562500,0.199240,57800,-,0.181704,0.200137,0.202916,0.199619,193432.0
09/01/1981,6.562500,6.562500,6.500000,6.500000,0.197342,98200,-,0.181568,0.200141,0.202926,0.200188,197120.0
08/31/1981,6.562500,6.625000,6.500000,6.562500,0.199240,112000,-,0.181451,0.200183,0.203123,0.201130,206300.0
08/28/1981,6.500000,6.625000,6.500000,6.562500,0.199240,65600,-,0.181341,0.199931,0.203133,0.201883,208924.0
08/27/1981,6.625000,6.625000,6.500000,6.500000,0.197342,81200,-,0.181239,0.199715,0.203235,0.202635,209608.0
08/26/1981,6.562500,6.625000,6.437500,6.625000,0.201137,157800,-,0.181138,0.199574,0.203431,0.203577,212404.0
08/25/1981,6.562500,6.625000,6.500000,6.562500,0.199240,177200,-,0.181019,0.199394,0.203529,0.204322,212472.0
08/24/1981,6.625000,6.687500,6.562500,6.562500,0.199240,103800,-,0.180900,0.199288,0.203540,0.205257,212764.0
08/21/1981,6.687500,6.937500,6.625000,6.625000,0.201137,99600,-,0.180773,0.199109,0.203641,0.206193,218664.0
08/20/1981,6.750000,6.750000,6.625000,6.687500,0.203035,159400,-,0.180637,0.198856,0.203648,0.206206,226248.0
08/19/1981,7.062500,7.125000,6.937500,7.000000,0.204932,581200,-,0.180502,0.198455,0.203194,0.206213,229132.0
08/18/1981,7.062500,7.187500,7.062500,7.062500,0.206762,402400,-,0.180342,0.197979,0.202736,0.205664,219344.0
08/17/1981,7.062500,7.125000,7.000000,7.062500,0.206762,76200,-,0.180173,0.197503,0.202188,0.205115,215068.0
08/14/1981,7.062500,7.125000,7.000000,7.062500,0.206762,87800,-,0.180004,0.196954,0.201639,0.204383,215584.0
08/13/1981,7.125000,7.187500,7.062500,7.062500,0.206762,189400,-,0.179834,0.196442,0.201181,0.203834,216172.0
08/12/1981,7.125000,7.187500,7.125000,7.125000,0.208592,224200,-,0.179665,0.195930,0.200724,0.203285,214136.0
08/11/1981,7.125000,7.125000,7.000000,7.125000,0.208592,170600,-,0.179495,0.195344,0.200175,0.202736,211368.0
08/10/1981,6.875000,7.125000,6.875000,7.125000,0.208592,128200,-,0.179333,0.194832,0.199717,0.201822,211940.0
08/07/1981,6.937500,6.937500,6.875000,6.875000,0.201273,77400,-,0.179163,0.194283,0.199260,0.201090,212320.0
08/06/1981,6.812500,6.937500,6.812500,6.937500,0.203102,71200,-,0.179029,0.193844,0.199077,0.201090,213840.0
08/05/1981,6.875000,6.875000,6.812500,6.812500,0.199443,257600,-,0.178887,0.193331,0.198802,0.200175,214024.0
08/04/1981,6.812500,6.875000,6.812500,6.875000,0.201273,59800,-,0.178762,0.192929,0.198619,0.199809,211116.0
08/03/1981,6.875000,6.875000,6.812500,6.812500,0.199443,71600,-,0.178628,0.192490,0.198345,0.199260,211636.0
07/31/1981,6.875000,6.875000,6.812500,6.875000,0.201273,96400,-,0.178504,0.192087,0.198254,0.198894,211972.0
07/30/1981,6.937500,6.937500,6.812500,6.875000,0.201273,145000,-,0.178370,0.191575,0.198071,0.198528,212188.0
07/29/1981,6.812500,6.937500,6.625000,6.937500,0.203102,414000,-,0.178253,0.191150,0.197888,0.198162,213336.0
07/28/1981,6.875000,6.875000,6.812500,6.812500,0.199443,390600,-,0.178119,0.190689,0.197613,0.197613,209092.0
07/27/1981,6.875000,6.937500,6.812500,6.875000,0.201273,131000,-,0.178011,0.190231,0.197522,0.197613,204624.0
07/24/1981,6.687500,6.875000,6.687500,6.875000,0.201273,159200,-,0.177894,0.189736,0.197430,0.197430,203688.0
07/23/1981,6.687500,6.750000,6.625000,6.625000,0.193954,190400,-,0.177785,0.189205,0.197247,0.197064,202252.0
07/22/1981,6.687500,6.750000,6.687500,6.687500,0.195783,262600,-,0.177696,0.188786,0.197339,0.197430,201484.0
07/21/1981,6.687500,6.750000,6.687500,6.687500,0.195783,68400,-,0.177598,0.188295,0.197522,0.197430,199972.0
07/20/1981,6.750000,6.812500,6.625000,6.687500,0.195783,238600,-,0.177500,0.187803,0.197705,0.197430,200104.0
07/17/1981,6.750000,6.875000,6.687500,6.750000,0.197613,379600,-,0.177386,0.187348,0.197247,0.197613,196608.0
07/16/1981,6.750000,6.812500,6.500000,6.750000,0.197613,167000,-,0.177262,0.186820,0.196790,0.197613,191688.0
07/15/1981,6.812500,6.875000,6.750000,6.750000,0.197613,290800,-,0.177139,0.186257,0.196424,0.197613,192992.0
07/14/1981,6.812500,6.875000,6.750000,6.812500,0.199443,371600,-,0.177015,0.185729,0.196149,0.197613,189932.0
07/13/1981,6.750000,6.937500,6.750000,6.812500,0.199443,109200,-,0.176883,0.185235,0.195875,0.197430,184052.0
07/10/1981,6.750000,6.812500,6.687500,6.750000,0.197613,139200,-,0.176758,0.184741,0.195417,0.197430,183840.0
07/09/1981,6.687500,6.750000,6.562500,6.750000,0.197613,142200,-,0.176626,0.184355,0.194960,0.197430,182552.0
07/08/1981,6.687500,6.687500,6.625000,6.687500,0.195783,133800,-,0.176503,0.183933,0.194228,0.197247,181692.0
07/07/1981,6.687500,6.687500,6.625000,6.687500,0.195783,215000,-,0.176397,0.183583,0.193496,0.197613,180988.0
07/06/1981,6.750000,6.750000,6.625000,6.750000,0.197613,513000,-,0.176291,0.183233,0.192856,0.197979,178100.0
07/02/1981,6.750000,6.812500,6.687500,6.750000,0.197613,213800,-,0.176183,0.182811,0.191941,0.196881,169748.0
07/01/1981,6.750000,6.750000,6.625000,6.750000,0.197613,164800,-,0.176093,0.182424,0.191117,0.195966,168184.0
06/30/1981,6.750000,6.812500,6.687500,6.750000,0.197613,129600,-,0.175994,0.182073,0.190294,0.195234,170240.0
06/29/1981,6.812500,6.812500,6.687500,6.750000,0.197613,199200,-,0.175912,0.181721,0.189379,0.194685,171416.0
06/26/1981,6.750000,6.812500,6.687500,6.812500,0.199443,401400,-,0.175821,0.181299,0.188647,0.194320,170928.0
06/25/1981,6.687500,6.812500,6.687500,6.750000,0.197613,149000,-,0.175721,0.180806,0.187732,0.193405,164940.0
06/24/1981,6.812500,6.812500,6.687500,6.687500,0.195783,346000,-,0.175631,0.180313,0.186818,0.192490,163456.0
06/23/1981,6.812500,6.812500,6.312500,6.812500,0.199443,242200,-,0.175558,0.179893,0.185903,0.191209,159312.0
06/22/1981,6.375000,6.812500,6.375000,6.812500,0.199443,557200,-,0.175466,0.179363,0.184896,0.189379,156252.0
06/19/1981,6.437500,6.437500,6.312500,6.375000,0.186635,243200,-,0.175375,0.178870,0.183890,0.187732,146984.0
06/18/1981,6.500000,6.500000,6.375000,6.437500,0.188464,99800,-,0.175339,0.178632,0.183524,0.187001,147296.0
06/17/1981,6.562500,6.625000,6.500000,6.500000,0.190294,221000,-,0.175294,0.178393,0.182884,0.186269,148792.0
06/16/1981,6.625000,6.687500,6.562500,6.562500,0.192124,161200,-,0.175224,0.178082,0.182371,0.185354,148868.0
06/15/1981,6.562500,6.750000,6.562500,6.625000,0.193954,191800,-,0.175152,0.177770,0.181767,0.184073,161768.0
06/12/1981,6.437500,6.500000,6.375000,6.500000,0.190294,398800,-,0.175072,0.177386,0.180896,0.182975,159596.0
06/11/1981,6.250000,6.437500,6.250000,6.437500,0.188464,478800,-,0.175018,0.177040,0.180207,0.182060,153232.0
06/10/1981,6.187500,6.312500,6.125000,6.250000,0.182975,303600,-,0.174973,0.176695,0.179521,0.181145,151196.0
06/09/1981,6.250000,6.250000,6.125000,6.187500,0.181145,91800,-,0.174947,0.176566,0.179022,0.180596,146332.0
06/08/1981,6.125000,6.250000,6.125000,6.250000,0.182975,188600,-,0.174947,0.176438,0.178526,0.180413,146048.0
06/05/1981,6.187500,6.187500,6.062500,6.125000,0.179316,102000,-,0.174949,0.176309,0.177938,0.180047,144204.0
06/04/1981,6.187500,6.187500,6.125000,6.187500,0.181145,117200,-,0.174970,0.176288,0.177621,0.180047,143468.0
06/03/1981,6.125000,6.187500,6.125000,6.187500,0.181145,87600,-,0.174982,0.176196,0.177125,0.179499,142324.0
06/02/1981,6.250000,6.250000,6.125000,6.125000,0.179316,85800,-,0.175001,0.176103,0.176541,0.179389,142244.0
06/01/1981,6.187500,6.250000,6.125000,6.250000,0.182975,199200,-,0.175030,0.176047,0.176136,0.179462,142260.0
05/29/1981,6.125000,6.187500,6.125000,6.187500,0.181145,147200,-,0.175024,0.175988,0.175725,0.178816,140108.0
05/28/1981,6.062500,6.187500,6.062500,6.125000,0.179316,153400,-,0.175036,0.175931,0.175405,0.178353,139680.0
05/27/1981,6.125000,6.250000,6.062500,6.062500,0.177486,80400,-,0.175056,0.175875,0.175354,0.177897,138596.0
05/26/1981,6.125000,6.187500,6.062500,6.125000,0.179316,112200,-,0.175086,0.175856,0.175305,0.177447,138332.0
05/22/1981,6.125000,6.125000,6.000000,6.125000,0.179316,85800,-,0.175115,0.175765,0.175254,0.176638,139092.0
05/21/1981,6.000000,6.125000,6.000000,6.125000,0.179316,88400,-,0.175143,0.175673,0.175202,0.175828,139332.0
05/20/1981,6.062500,6.062500,5.937500,6.000000,0.175656,107200,-,0.175180,0.175582,0.175062,0.175195,139252.0
05/19/1981,6.375000,6.437500,6.312500,6.375000,0.180048,202400,-,0.175227,0.175564,0.175193,0.174752,138880.0
05/18/1981,6.312500,6.437500,6.312500,6.375000,0.180048,201800,-,0.175244,0.175387,0.175193,0.173693,136688.0
05/15/1981,6.250000,6.312500,6.187500,6.250000,0.176517,167200,-,0.175269,0.175211,0.175193,0.172810,133620.0
05/14/1981,6.187500,6.312500,6.187500,6.250000,0.176517,84200,-,0.175319,0.175105,0.175193,0.172634,131976.0
05/13/1981,6.125000,6.250000,6.125000,6.187500,0.174752,87400,-,0.175370,0.174964,0.175105,0.172457,132692.0
05/12/1981,6.062500,6.125000,6.000000,6.125000,0.172987,152000,-,0.175421,0.174893,0.175017,0.172810,132944.0
05/11/1981,6.062500,6.125000,6.000000,6.062500,0.171222,187000,-,0.175490,0.174893,0.175105,0.173163,132772.0
05/08/1981,6.125000,6.187500,6.062500,6.062500,0.171222,75000,-,0.175559,0.174929,0.175193,0.173869,130804.0
05/07/1981,6.062500,6.125000,6.062500,6.125000,0.172987,63800,-,0.175636,0.174999,0.175370,0.174575,130320.0
05/06/1981,6.062500,6.125000,6.062500,6.062500,0.171222,133600,-,0.175712,0.174999,0.175458,0.174929,130236.0
05/05/1981,6.062500,6.062500,6.000000,6.000000,0.169457,232200,-,0.175797,0.175034,0.175723,0.175635,129736.0
05/04/1981,6.187500,6.187500,6.062500,6.062500,0.171222,137800,-,0.175891,0.175105,0.175988,0.176694,127184.0
05/01/1981,6.187500,6.250000,6.125000,6.187500,0.174752,77600,-,0.175976,0.175070,0.176252,0.177576,138972.0
04/30/1981,6.312500,6.375000,6.187500,6.187500,0.174752,98600,-,0.176059,0.174999,0.176252,0.177753,139092.0
04/29/1981,6.250000,6.312500,6.250000,6.312500,0.178282,74800,-,0.176135,0.174929,0.176164,0.177753,139384.0
04/28/1981,6.312500,6.437500,6.250000,6.250000,0.176517,99200,-,0.176201,0.174787,0.175811,0.177223,140768.0
04/27/1981,6.312500,6.375000,6.250000,6.312500,0.178282,98600,-,0.176267,0.174787,0.175811,0.177047,139872.0
04/24/1981,6.250000,6.312500,6.250000,6.312500,0.178282,70600,-,0.176325,0.174717,0.175635,0.176517,139224.0
04/23/1981,6.312500,6.312500,6.250000,6.250000,0.176517,95400,-,0.176383,0.174681,0.175546,0.176164,140036.0
04/22/1981,6.375000,6.500000,6.312500,6.312500,0.178282,135600,-,0.176465,0.174646,0.175635,0.175988,139716.0
04/21/1981,6.375000,6.500000,6.312500,6.375000,0.180048,267600,-,0.176531,0.174625,0.175546,0.175811,139492.0
04/20/1981,6.250000,6.437500,6.250000,6.375000,0.180048,188400,-,0.176588,0.174534,0.175370,0.175282,135944.0
04/16/1981,6.187500,6.312500,6.125000,6.250000,0.176517,174800,-,0.176644,0.174444,0.175193,0.174929,133000.0
04/15/1981,6.125000,6.187500,6.125000,6.187500,0.174752,102000,-,0.176687,0.174458,0.175370,0.174752,131536.0
04/14/1981,6.187500,6.250000,6.125000,6.125000,0.172987,74800,-,0.176739,0.174507,0.175546,0.174575,133056.0
04/13/1981,6.125000,6.187500,6.125000,6.187500,0.174752,138800,-,0.176815,0.174626,0.175723,0.174399,133092.0
04/10/1981,6.187500,6.187500,6.062500,6.125000,0.172987,89200,-,0.176858,0.174710,0.175811,0.174575,132560.0
04/09/1981,6.187500,6.187500,6.062500,6.187500,0.174752,93800,-,0.176934,0.174760,0.175899,0.174752,131480.0
04/08/1981,6.250000,6.250000,6.125000,6.187500,0.174752,258800,-,0.176994,0.174776,0.175899,0.174928,130884.0
04/07/1981,6.187500,6.250000,6.187500,6.250000,0.176517,174600,-,0.177061,0.174757,0.175899,0.175282,127540.0
04/06/1981,6.250000,6.250000,6.187500,6.187500,0.174752,224800,-,0.177144,0.174635,0.175811,0.175282,125872.0
04/03/1981,6.187500,6.250000,6.125000,6.250000,0.176517,806200,-,0.177243,0.174582,0.175635,0.175458,122700.0
04/02/1981,6.125000,6.250000,6.062500,6.187500,0.174752,83200,-,0.177326,0.174562,0.175370,0.175458,107412.0
04/01/1981,6.062500,6.187500,6.062500,6.125000,0.172987,80600,-,0.177417,0.174611,0.175193,0.175988,107500.0
03/31/1981,6.250000,6.250000,6.062500,6.062500,0.171222,377000,-,0.177501,0.174696,0.175017,0.176517,107012.0
03/30/1981,6.187500,6.250000,6.187500,6.250000,0.176517,60400,-,0.177578,0.174850,0.175017,0.177047,100824.0
03/27/1981,6.250000,6.312500,6.187500,6.187500,0.174752,77600,-,0.177613,0.174932,0.174840,0.177047,100148.0
03/26/1981,6.312500,6.375000,6.250000,6.250000,0.176517,96400,-,0.177656,0.175050,0.174752,0.177047,99336.0
03/25/1981,6.250000,6.312500,6.250000,6.312500,0.178282,65200,-,0.177683,0.175132,0.174664,0.176870,98524.0
03/24/1981,6.250000,6.312500,6.250000,6.250000,0.176517,60000,-,0.177701,0.175213,0.174399,0.176517,98780.0
03/23/1981,6.250000,6.375000,6.250000,6.250000,0.176517,83600,-,0.177735,0.175296,0.174222,0.176341,98604.0
03/20/1981,6.375000,6.375000,6.250000,6.250000,0.176517,86600,-,0.177762,0.175344,0.174046,0.175811,98500.0
03/19/1981,6.312500,6.375000,6.250000,6.375000,0.180048,91600,-,0.177797,0.175392,0.173693,0.175282,97768.0
03/18/1981,6.250000,6.375000,6.250000,6.312500,0.178282,125800,-,0.177806,0.175472,0.173252,0.174399,97832.0
03/17/1981,6.250000,6.312500,6.250000,6.250000,0.176517,99200,-,0.177832,0.175655,0.172899,0.173516,97592.0
03/16/1981,6.187500,6.250000,6.125000,6.250000,0.176517,67200,-,0.177874,0.175806,0.172634,0.172987,98032.0
03/13/1981,6.187500,6.250000,6.000000,6.187500,0.174752,150200,-,0.177901,0.175786,0.172634,0.172634,98528.0
03/12/1981,6.187500,6.187500,6.125000,6.187500,0.174752,97800,-,0.177952,0.175699,0.172634,0.172457,99036.0
03/11/1981,6.187500,6.187500,6.062500,6.187500,0.174752,84400,-,0.178012,0.175646,0.172722,0.172457,100088.0
03/10/1981,6.062500,6.187500,6.062500,6.187500,0.174752,88600,-,0.178079,0.175627,0.172722,0.172281,101944.0
03/09/1981,6.062500,6.125000,6.062500,6.062500,0.171222,92800,-,0.178139,0.175643,0.172846,0.172104,101500.0
03/06/1981,6.062500,6.125000,5.937500,6.062500,0.171222,48400,-,0.178216,0.175763,0.173061,0.172281,101056.0
03/05/1981,6.000000,6.125000,5.562500,6.062500,0.171222,85000,-,0.178304,0.175917,0.173275,0.172104,104584.0
03/04/1981,6.062500,6.125000,6.000000,6.000000,0.169457,120000,-,0.178384,0.176037,0.173575,0.172104,107772.0
03/03/1981,6.125000,6.187500,6.062500,6.062500,0.171222,100000,-,0.178505,0.176022,0.173964,0.172281,113900.0
03/02/1981,6.125000,6.187500,6.125000,6.125000,0.172987,143400,-,0.178608,0.175937,0.174349,0.172281,117004.0
02/27/1981,6.187500,6.187500,6.125000,6.125000,0.172987,88600,-,0.178711,0.175681,0.174646,0.172634,121208.0
02/26/1981,6.125000,6.187500,6.125000,6.187500,0.174752,50800,-,0.178798,0.175391,0.174773,0.172810,125376.0
02/25/1981,6.125000,6.187500,6.125000,6.125000,0.172987,59600,-,0.178869,0.175031,0.174811,0.172987,133360.0
02/24/1981,6.125000,6.125000,6.062500,6.125000,0.172987,108600,-,0.178933,0.174844,0.174852,0.173163,140168.0
02/23/1981,6.000000,6.125000,6.000000,6.125000,0.172987,104600,-,0.179012,0.174690,0.174723,0.173587,141476.0
02/20/1981,6.062500,6.187500,6.000000,6.000000,0.169457,727200,-,0.179084,0.174536,0.174680,0.173840,142248.0
02/19/1981,6.062500,6.125000,6.062500,6.062500,0.171222,83600,-,0.179150,0.174453,0.174983,0.174446,130364.0
02/18/1981,6.062500,6.187500,6.062500,6.062500,0.171222,113200,-,0.179176,0.174300,0.175283,0.175047,131976.0
02/17/1981,6.187500,6.187500,6.062500,6.062500,0.171222,144000,-,0.179187,0.174147,0.175583,0.175647,132328.0
02/13/1981,6.187500,6.312500,6.125000,6.250000,0.176517,54400,-,0.179198,0.174029,0.175968,0.176417,131508.0
02/12/1981,6.250000,6.250000,6.187500,6.187500,0.174752,66200,-,0.179190,0.173804,0.176174,0.176658,132804.0
02/11/1981,6.187500,6.250000,6.187500,6.250000,0.176517,111200,-,0.179183,0.173581,0.176468,0.176735,134592.0
02/10/1981,6.250000,6.250000,6.187500,6.187500,0.174752,79400,-,0.179168,0.173357,0.176674,0.176635,135640.0
02/09/1981,6.437500,6.500000,6.437500,6.500000,0.177223,124400,-,0.179161,0.173202,0.177053,0.176542,136900.0
02/06/1981,6.437500,6.500000,6.437500,6.437500,0.175519,90200,-,0.179134,0.172963,0.177223,0.175860,137160.0
02/05/1981,6.500000,6.562500,6.437500,6.437500,0.175519,41200,-,0.179115,0.172793,0.177394,0.175519,137976.0
02/04/1981,6.500000,6.562500,6.437500,6.500000,0.177223,101600,-,0.179097,0.172622,0.177564,0.175519,140632.0
02/03/1981,6.562500,6.562500,6.187500,6.500000,0.177223,178000,-,0.179086,0.172486,0.177905,0.175519,141216.0
02/02/1981,6.562500,6.562500,6.500000,6.562500,0.178927,76600,-,0.179082,0.172350,0.178416,0.175519,139772.0
01/30/1981,6.437500,6.625000,6.437500,6.562500,0.178927,112200,-,0.179070,0.172213,0.178672,0.175519,140304.0
01/29/1981,6.437500,6.500000,6.375000,6.437500,0.175519,35200,-,0.179042,0.172077,0.178501,0.175690,141856.0
01/28/1981,6.375000,6.500000,6.375000,6.437500,0.175519,64000,-,0.179016,0.172009,0.178246,0.176201,143688.0
01/27/1981,6.312500,6.437500,6.312500,6.375000,0.173815,91600,-,0.178982,0.171975,0.178075,0.176712,144740.0
01/26/1981,6.312500,6.375000,6.250000,6.250000,0.170407,91200,-,0.178964,0.172043,0.178075,0.177564,146112.0
01/23/1981,6.437500,6.437500,6.250000,6.312500,0.172111,66200,-,0.178948,0.172213,0.178331,0.178587,146416.0
01/22/1981,6.500000,6.500000,6.375000,6.437500,0.175519,41800,-,0.178893,0.172316,0.178587,0.179268,146924.0
01/21/1981,6.500000,6.500000,6.437500,6.500000,0.177223,87600,-,0.178820,0.172350,0.178757,0.179609,147972.0
01/20/1981,6.562500,6.625000,6.500000,6.500000,0.177223,56200,-,0.178739,0.172316,0.178757,0.180291,149212.0
01/19/1981,6.625000,6.687500,6.562500,6.562500,0.178927,67600,-,0.178658,0.172247,0.178331,0.181313,151364.0
01/16/1981,6.625000,6.687500,6.625000,6.625000,0.180631,26600,-,0.178553,0.172145,0.177734,0.181824,154232.0
01/15/1981,6.625000,6.687500,6.625000,6.625000,0.180631,37000,-,0.178416,0.172056,0.176712,0.181313,156964.0
01/14/1981,6.687500,6.687500,6.625000,6.625000,0.180631,55800,-,0.178272,0.171902,0.175604,0.180291,157512.0
01/13/1981,6.625000,6.687500,6.625000,6.687500,0.182335,78000,-,0.178119,0.171748,0.174412,0.179439,158540.0
01/12/1981,6.625000,6.750000,6.625000,6.625000,0.180631,51200,-,0.177958,0.171559,0.173474,0.178587,158840.0
01/09/1981,6.562500,6.625000,6.500000,6.562500,0.178927,78400,-,0.177798,0.171404,0.172707,0.178075,160044.0
01/08/1981,6.750000,6.875000,6.562500,6.562500,0.178927,50000,-,0.177655,0.171284,0.172026,0.177905,161036.0
01/07/1981,6.812500,6.812500,6.687500,6.750000,0.184040,94800,-,0.177503,0.171197,0.171344,0.177905,161368.0
01/06/1981,6.812500,7.000000,6.812500,6.875000,0.187448,113800,-,0.177357,0.171040,0.170322,0.177223,160932.0
01/05/1981,6.500000,6.750000,6.500000,6.750000,0.184040,121200,-,0.177186,0.170782,0.169129,0.175349,159604.0
01/02/1981,6.250000,6.437500,6.250000,6.437500,0.175519,92000,-,0.177040,0.170592,0.168192,0.173645,158556.0
12/31/1980,6.312500,6.375000,6.250000,6.250000,0.170407,175600,-,0.176944,0.170573,0.167680,0.172111,158672.0
12/30/1980,6.375000,6.375000,6.312500,6.312500,0.172111,150400,-,0.176851,0.170656,0.167340,0.170918,156884.0
12/29/1980,6.437500,6.437500,6.312500,6.375000,0.173815,177200,-,0.176764,0.170705,0.166999,0.169385,155516.0
12/26/1980,6.500000,6.562500,6.437500,6.437500,0.175519,66400,-,0.176661,0.170720,0.166658,0.168362,155672.0
12/24/1980,6.562500,6.562500,6.500000,6.500000,0.177223,70600,-,0.176550,0.170700,0.166147,0.167340,156048.0
12/23/1980,6.500000,6.625000,6.437500,6.562500,0.178927,224800,-,0.176438,0.170713,0.165636,0.166147,155512.0
12/22/1980,6.312500,6.500000,6.312500,6.500000,0.177223,244400,-,0.176317,0.170658,0.165039,0.164784,152564.0
12/19/1980,6.125000,6.250000,6.125000,6.187500,0.168703,426400,-,0.176205,0.170671,0.164698,0.163420,148992.0
12/18/1980,5.875000,6.187500,5.875000,6.125000,0.166999,255200,-,0.176120,0.170854,0.164784,0.162909,142224.0
12/17/1980,5.812500,5.875000,5.687500,5.875000,0.160183,353600,-,0.176067,0.171103,0.165039,0.162739,138252.0
12/16/1980,5.750000,5.875000,5.687500,5.812500,0.158478,297000,-,0.176056,0.171424,0.165636,0.163250,132788.0
12/15/1980,5.937500,5.937500,5.750000,5.750000,0.156774,450000,-,0.176068,0.171778,0.166317,0.163761,128272.0
12/12/1980,6.062500,6.062500,5.937500,6.000000,0.163591,400000,-,0.176090,0.172167,0.167169,0.164613,120996.0
12/11/1980,6.062500,6.062500,5.937500,6.062500,0.165295,174000,-,0.176061,0.172353,0.167851,0.164954,114808.0
12/10/1980,6.062500,6.062500,6.000000,6.062500,0.165295,143200,-,0.176017,0.172505,0.168532,0.164954,112856.0
12/09/1980,6.000000,6.187500,6.000000,6.062500,0.165295,133000,-,0.175987,0.172658,0.169129,0.165124,111964.0
12/08/1980,6.000000,6.062500,6.000000,6.000000,0.163591,164200,-,0.175958,0.172810,0.169725,0.165295,110680.0
12/05/1980,6.062500,6.250000,6.000000,6.000000,0.163591,130800,-,0.175968,0.172996,0.170322,0.165976,109268.0
12/04/1980,6.062500,6.125000,6.062500,6.062500,0.165295,103000,-,0.175979,0.173216,0.170833,0.166658,108008.0
12/03/1980,6.000000,6.125000,6.000000,6.062500,0.165295,119200,-,0.175973,0.173335,0.171259,0.167340,110428.0
12/02/1980,6.062500,6.062500,6.000000,6.000000,0.163591,155600,-,0.175990,0.173487,0.171804,0.168021,112400.0
12/01/1980,6.125000,6.125000,6.062500,6.062500,0.165295,163600,-,0.176016,0.173706,0.172270,0.168873,111316.0
11/28/1980,6.062500,6.125000,6.062500,6.125000,0.166999,142400,-,0.176044,0.173892,0.172651,0.169725,113480.0
11/26/1980,6.125000,6.250000,6.000000,6.062500,0.165295,137400,-,0.176056,0.174076,0.172946,0.170748,115324.0
11/25/1980,6.125000,6.187500,6.125000,6.125000,0.166999,131000,-,0.176069,0.174360,0.173327,0.172111,114504.0
11/24/1980,6.250000,6.312500,6.125000,6.125000,0.166999,174000,-,0.176074,0.174577,0.173622,0.173133,113588.0
11/21/1980,6.250000,6.375000,6.250000,6.250000,0.170407,130800,-,0.176078,0.174859,0.174000,0.174156,111816.0
11/20/1980,6.312500,6.437500,6.000000,6.250000,0.170407,105800,-,0.176066,0.175041,0.174290,0.174667,110472.0
11/19/1980,6.312500,6.437500,6.312500,6.312500,0.172111,103200,-,0.176068,0.175223,0.174497,0.175008,110004.0
11/18/1980,6.312500,6.375000,6.250000,6.312500,0.172111,189800,-,0.176055,0.175371,0.174619,0.175178,109180.0
11/17/1980,6.375000,6.375000,6.250000,6.312500,0.172111,126800,-,0.176041,0.175551,0.174741,0.175587,106644.0
11/14/1980,6.500000,6.500000,6.375000,6.375000,0.173815,116600,-,0.176043,0.175732,0.174863,0.175667,105580.0
11/13/1980,6.562500,6.562500,6.375000,6.500000,0.177223,160200,-,0.176013,0.175878,0.174900,0.175576,105176.0
11/12/1980,6.500000,6.562500,6.437500,6.562500,0.178927,106400,-,0.175974,0.175924,0.174767,0.175145,103676.0
11/11/1980,6.500000,6.500000,6.062500,6.500000,0.177223,91600,-,0.175919,0.175935,0.174548,0.174543,103052.0
11/10/1980,6.437500,6.500000,6.375000,6.500000,0.177223,94200,-,0.175865,0.175915,0.174580,0.174111,103348.0
11/07/1980,6.375000,6.437500,6.125000,6.437500,0.175519,149600,-,0.175818,0.175927,0.174528,0.173844,103524.0
11/06/1980,6.375000,6.437500,6.312500,6.375000,0.173815,163800,-,0.175780,0.175974,0.174645,0.173912,101976.0
11/05/1980,6.500000,6.500000,6.312500,6.375000,0.173815,211000,-,0.175758,0.176087,0.174846,0.173986,100472.0
11/03/1980,6.625000,6.687500,6.625000,6.687500,0.176201,163200,-,0.175729,0.176201,0.175130,0.174060,98680.0
10/31/1980,6.562500,6.625000,6.500000,6.562500,0.172907,64400,-,0.175695,0.176234,0.175130,0.173895,98012.0
10/30/1980,6.562500,6.625000,6.562500,6.562500,0.172907,107200,-,0.175693,0.176398,0.175295,0.174060,100588.0
10/29/1980,6.562500,6.625000,6.562500,6.562500,0.172907,93000,-,0.175698,0.176609,0.175460,0.174225,102568.0
10/28/1980,6.562500,6.687500,6.562500,6.562500,0.172907,111400,-,0.175710,0.176820,0.175460,0.174389,102444.0
10/27/1980,6.625000,6.687500,6.562500,6.562500,0.172907,128000,-,0.175730,0.177031,0.175460,0.174554,101704.0
10/24/1980,6.687500,6.750000,6.562500,6.625000,0.174554,66600,-,0.175743,0.177273,0.175460,0.175048,101052.0
10/23/1980,6.625000,6.687500,6.500000,6.687500,0.176201,73000,-,0.175754,0.177483,0.175377,0.175213,100804.0
10/22/1980,6.625000,6.687500,6.625000,6.625000,0.174554,47400,-,0.175758,0.177596,0.175213,0.175377,100808.0
10/21/1980,6.625000,6.687500,6.625000,6.625000,0.174554,68800,-,0.175762,0.177774,0.175213,0.175707,101564.0
10/20/1980,6.625000,6.687500,6.625000,6.625000,0.174554,97800,-,0.175759,0.177952,0.175048,0.176201,101580.0
10/17/1980,6.625000,6.687500,6.625000,6.625000,0.174554,86200,-,0.175748,0.178130,0.174966,0.176365,102084.0
10/16/1980,6.625000,6.687500,6.625000,6.625000,0.174554,82000,-,0.175745,0.178339,0.174966,0.176530,104284.0
10/15/1980,6.625000,6.750000,6.562500,6.625000,0.174554,185000,-,0.175712,0.178549,0.174966,0.176695,103688.0
10/14/1980,6.750000,6.750000,6.625000,6.625000,0.174554,85200,-,NaN,0.178791,0.175048,0.176530,102060.0
10/13/1980,6.687500,6.750000,6.687500,6.750000,0.177848,43800,-,NaN,0.179001,0.175295,0.176365,102152.0
10/10/1980,6.750000,6.750000,6.687500,6.687500,0.176201,77400,-,NaN,0.179113,0.175295,0.175871,102488.0
10/09/1980,6.750000,6.812500,6.687500,6.750000,0.177848,65800,-,NaN,0.179289,0.175542,0.175542,102712.0
10/08/1980,6.812500,6.875000,6.750000,6.750000,0.177848,88000,-,NaN,0.179465,0.175624,0.175048,102832.0
10/07/1980,6.687500,6.812500,6.687500,6.812500,0.179494,56600,-,NaN,0.179641,0.175707,0.174719,102852.0
10/06/1980,6.687500,6.750000,6.625000,6.687500,0.176201,80400,-,NaN,0.179752,0.175707,0.173895,102876.0
10/03/1980,6.687500,6.687500,6.625000,6.687500,0.176201,71200,-,NaN,0.179961,0.175954,0.173566,103204.0
10/02/1980,6.625000,6.687500,6.625000,6.687500,0.176201,86200,-,NaN,0.180137,0.176201,0.173401,104652.0
10/01/1980,6.562500,6.625000,6.500000,6.562500,0.172907,90600,-,NaN,0.180346,0.176448,0.173237,105960.0
09/30/1980,6.562500,6.625000,6.500000,6.562500,0.172907,76400,-,NaN,0.180653,0.176777,0.173566,105740.0
09/29/1980,6.562500,6.562500,6.500000,6.562500,0.172907,98600,-,NaN,0.180959,0.177106,0.174225,106144.0
09/26/1980,6.562500,6.562500,6.437500,6.562500,0.172907,68800,-,NaN,0.181266,0.177271,0.174719,107288.0
09/25/1980,6.625000,6.625000,6.500000,6.562500,0.172907,93600,-,NaN,0.181572,0.177518,0.175542,111584.0
09/24/1980,6.500000,6.875000,6.500000,6.625000,0.174554,67800,-,NaN,0.181942,0.177765,0.176201,111876.0
09/23/1980,6.562500,6.562500,6.500000,6.500000,0.171261,224000,-,NaN,0.182248,0.178012,0.176695,112308.0
09/22/1980,6.625000,6.625000,6.500000,6.562500,0.172907,217800,-,NaN,0.182651,0.178424,0.177518,111128.0
09/19/1980,6.625000,6.687500,6.562500,6.625000,0.174554,101400,-,NaN,0.182990,0.178671,0.178342,113836.0
09/18/1980,6.687500,6.750000,6.500000,6.625000,0.174554,271800,-,NaN,0.183295,0.179000,0.179000,113048.0
09/17/1980,6.812500,6.812500,6.687500,6.687500,0.176201,234600,-,NaN,0.183600,0.179445,0.179659,109048.0
09/16/1980,6.750000,6.812500,6.750000,6.812500,0.179494,96400,-,NaN,0.183937,0.179807,0.179988,106764.0
09/15/1980,6.875000,6.937500,6.750000,6.750000,0.177848,85200,-,NaN,0.184175,0.180005,0.179988,106288.0
09/12/1980,6.812500,6.937500,6.812500,6.875000,0.181141,85400,-,NaN,0.184447,0.180364,0.179824,106952.0
09/11/1980,6.812500,6.937500,6.812500,6.812500,0.179494,63600,-,NaN,0.184653,0.180559,0.179494,107800.0
09/10/1980,6.812500,6.875000,6.750000,6.812500,0.179494,82400,-,NaN,0.184763,0.180677,0.179330,107932.0
09/09/1980,6.875000,6.875000,6.750000,6.812500,0.179494,62000,-,NaN,0.184874,0.180875,0.179330,107636.0
09/08/1980,6.875000,6.875000,6.812500,6.875000,0.181141,63000,-,NaN,0.185049,0.181073,0.179330,107592.0
09/05/1980,6.875000,6.875000,6.812500,6.875000,0.181141,73600,-,NaN,0.185095,0.181188,0.179000,108148.0
09/04/1980,6.812500,6.937500,6.812500,6.875000,0.181141,96400,-,NaN,0.185237,0.181383,0.179000,108076.0
09/03/1980,6.812500,6.937500,6.812500,6.812500,0.179494,85200,-,NaN,0.185347,0.181578,0.179231,109328.0
09/02/1980,6.750000,6.875000,6.750000,6.812500,0.179494,75200,-,NaN,0.185522,0.181935,0.179626,109364.0
08/29/1980,6.750000,6.812500,6.687500,6.687500,0.176201,106400,-,NaN,0.185792,0.182212,0.180021,109580.0
08/28/1980,6.750000,6.812500,6.750000,6.750000,0.177848,103000,-,NaN,0.186160,0.182575,0.180905,109132.0
08/27/1980,6.812500,6.812500,6.750000,6.750000,0.177848,72200,-,NaN,0.186464,0.182934,0.181625,109228.0
08/26/1980,6.812500,6.875000,6.750000,6.812500,0.179494,88600,-,NaN,0.186767,0.183374,0.182025,111624.0
08/25/1980,6.750000,6.875000,6.750000,6.812500,0.179494,121400,-,NaN,0.186974,0.183731,0.182420,111348.0
08/22/1980,6.875000,6.937500,6.750000,6.750000,0.177848,129800,-,NaN,0.187117,0.184008,0.182816,111360.0
08/21/1980,6.937500,6.937500,6.875000,6.875000,0.181141,193200,-,NaN,0.187229,0.184448,0.183375,110144.0
08/20/1980,7.187500,7.250000,7.125000,7.187500,0.183446,206200,-,NaN,0.187275,0.184643,0.183765,107612.0
08/19/1980,7.187500,7.250000,7.125000,7.187500,0.183446,86800,-,NaN,0.187243,0.184802,0.183925,105036.0
08/18/1980,7.250000,7.250000,7.187500,7.187500,0.183446,74400,-,NaN,0.187211,0.185042,0.184244,104212.0
08/15/1980,7.250000,7.312500,7.187500,7.250000,0.185042,95400,-,NaN,0.187211,0.185281,0.184404,104780.0
08/14/1980,7.125000,7.250000,7.125000,7.250000,0.185042,54200,-,NaN,0.187147,0.185440,0.184244,105608.0
08/13/1980,7.187500,7.250000,7.125000,7.125000,0.181851,73200,-,NaN,0.187115,0.185600,0.184244,105312.0
08/12/1980,7.187500,7.187500,7.125000,7.187500,0.183446,85200,-,NaN,0.187115,0.186078,0.184723,105516.0
08/11/1980,7.187500,7.250000,7.125000,7.187500,0.183446,69600,-,NaN,0.187115,0.186397,0.185042,104984.0
08/08/1980,7.250000,7.250000,7.125000,7.187500,0.183446,123000,-,NaN,0.187147,0.186796,0.185201,105132.0
08/07/1980,7.250000,7.437500,7.125000,7.250000,0.185042,196200,-,NaN,0.187115,0.187115,0.185520,104568.0
08/06/1980,7.312500,7.312500,7.250000,7.250000,0.185042,52200,-,NaN,0.187115,0.187355,0.185520,101408.0
08/05/1980,7.250000,7.312500,7.187500,7.312500,0.186637,103600,-,NaN,0.187147,0.187594,0.185680,101652.0
08/04/1980,7.187500,7.250000,7.187500,7.250000,0.185042,89800,-,NaN,0.187179,0.187913,0.185839,103204.0
08/01/1980,7.250000,7.312500,7.187500,7.187500,0.183446,60600,-,NaN,0.187211,0.188232,0.186158,102768.0
07/31/1980,7.312500,7.312500,7.187500,7.250000,0.185042,88600,-,NaN,0.187275,0.188631,0.186637,104196.0
07/30/1980,7.312500,7.312500,7.250000,7.312500,0.186637,71800,-,NaN,0.187351,0.188950,0.186956,104240.0
07/29/1980,7.250000,7.375000,7.250000,7.312500,0.186637,89000,-,NaN,0.187365,0.188870,0.187434,103876.0
07/28/1980,7.312500,7.312500,7.250000,7.250000,0.185042,57800,-,NaN,0.187503,0.188790,0.187753,102932.0
07/25/1980,7.250000,7.375000,7.125000,7.312500,0.186637,96800,-,NaN,0.187641,0.188950,0.188391,105212.0
07/24/1980,7.312500,7.375000,7.250000,7.250000,0.185042,143600,-,NaN,0.187779,0.188790,0.188710,104420.0
07/23/1980,7.375000,7.375000,7.250000,7.312500,0.186637,151600,-,NaN,0.187886,0.188950,0.189189,103680.0
07/22/1980,7.375000,7.375000,7.312500,7.375000,0.188232,79600,-,NaN,0.187931,0.188950,0.189508,101196.0
07/21/1980,7.375000,7.375000,7.312500,7.375000,0.188232,96600,-,NaN,0.187882,0.188950,0.189987,100416.0
07/18/1980,7.375000,7.375000,7.312500,7.375000,0.188232,155800,-,NaN,0.187895,0.189189,0.190306,100588.0
07/17/1980,7.500000,7.500000,7.312500,7.375000,0.188232,283600,-,NaN,0.187876,0.189508,0.190625,98992.0
07/16/1980,7.437500,7.500000,7.437500,7.500000,0.191422,108200,-,NaN,0.187765,0.189747,0.190944,96748.0
07/15/1980,7.500000,7.500000,7.437500,7.437500,0.189827,89400,-,NaN,0.187466,0.189827,0.190306,96504.0
07/14/1980,7.437500,7.500000,7.437500,7.500000,0.191422,165000,-,NaN,0.187138,0.189827,0.189827,95308.0
07/11/1980,7.437500,7.500000,7.437500,7.437500,0.189827,353200,-,NaN,0.186777,0.189588,0.189508,92780.0
07/10/1980,7.437500,7.500000,7.375000,7.437500,0.189827,62000,-,NaN,0.186479,0.189269,0.188870,86672.0
07/09/1980,7.500000,7.500000,7.375000,7.437500,0.189827,71800,-,NaN,0.186150,0.188950,0.188710,86396.0
07/08/1980,7.500000,7.562500,7.500000,7.562500,0.193018,120400,-,NaN,0.185822,0.188551,0.188391,86600.0
07/07/1980,7.500000,7.562500,7.500000,7.500000,0.191422,72600,-,NaN,0.185429,0.187993,0.187913,85348.0
07/03/1980,7.500000,7.562500,7.375000,7.500000,0.191422,118400,-,NaN,0.185038,0.187594,0.188072,86804.0
07/02/1980,7.250000,7.500000,7.250000,7.500000,0.191422,127800,-,NaN,0.184646,0.187115,0.188391,86064.0
07/01/1980,7.250000,7.312500,7.250000,7.250000,0.185042,70200,-,NaN,0.184254,0.186717,0.188551,84664.0
06/30/1980,7.375000,7.437500,7.250000,7.250000,0.185042,67600,-,NaN,0.184052,0.186557,0.189349,84496.0
06/27/1980,7.312500,7.437500,7.312500,7.375000,0.188232,59800,-,NaN,0.183881,0.186477,0.189827,85232.0
06/26/1980,7.375000,7.437500,7.187500,7.187500,0.183446,90800,-,NaN,0.183646,0.186318,0.189668,86156.0
06/25/1980,7.312500,7.437500,7.312500,7.375000,0.188232,70000,-,NaN,0.183445,0.186238,0.189668,85580.0
06/24/1980,7.375000,7.437500,7.312500,7.312500,0.186637,159000,-,NaN,0.183086,0.186078,0.189189,85144.0
06/23/1980,7.562500,7.562500,7.312500,7.375000,0.188232,87000,-,NaN,0.182728,0.186078,0.188711,83532.0
06/20/1980,7.625000,7.625000,7.562500,7.562500,0.193018,86000,-,NaN,0.182370,0.186078,0.188072,83184.0
06/19/1980,7.562500,7.625000,7.562500,7.625000,0.194613,84000,-,NaN,0.181853,0.185759,0.187115,83064.0
06/18/1980,7.562500,7.625000,7.562500,7.562500,0.193018,107800,-,NaN,0.181181,0.185361,0.185839,83212.0
06/17/1980,7.437500,7.687500,7.125000,7.562500,0.193018,192000,-,NaN,0.180541,0.185153,0.184882,82396.0
06/16/1980,7.312500,7.437500,7.250000,7.437500,0.189827,74800,-,NaN,0.179900,0.184868,0.183765,80500.0
06/13/1980,7.250000,7.812500,7.250000,7.312500,0.186637,122000,-,NaN,0.179324,0.185053,0.183127,80480.0
06/12/1980,7.187500,7.250000,7.125000,7.187500,0.183446,69000,-,NaN,0.178749,0.185319,0.182968,80152.0
06/11/1980,7.125000,7.250000,7.062500,7.187500,0.183446,66600,-,NaN,0.178146,0.185823,0.182808,80440.0
06/10/1980,7.125000,7.125000,7.062500,7.125000,0.181851,77400,-,NaN,0.177511,0.186171,0.182968,81048.0
06/09/1980,7.187500,7.187500,7.062500,7.125000,0.181851,45600,-,NaN,0.176877,0.186522,0.183446,81060.0
06/06/1980,7.125000,7.250000,7.000000,7.187500,0.183446,102800,-,NaN,0.176244,0.186718,0.184084,81844.0
06/05/1980,7.187500,7.250000,7.125000,7.125000,0.181851,136800,-,NaN,0.175547,0.186990,0.184404,81852.0
06/04/1980,7.125000,7.250000,7.125000,7.187500,0.183446,39400,-,NaN,0.174913,0.187263,0.184882,81272.0
06/03/1980,7.187500,7.250000,7.062500,7.125000,0.181851,83400,-,NaN,0.174217,0.187225,0.185424,83388.0
06/02/1980,7.250000,7.250000,7.125000,7.187500,0.183446,58600,-,NaN,0.173676,0.186956,0.185972,82708.0
05/30/1980,7.125000,7.250000,7.062500,7.250000,0.185042,77000,-,NaN,0.173072,0.186453,0.186978,82680.0
05/29/1980,7.250000,7.250000,7.062500,7.125000,0.181851,94800,-,NaN,0.172468,0.185871,0.187671,82284.0
05/28/1980,7.312500,7.375000,7.187500,7.250000,0.185042,38200,-,NaN,0.171958,0.185525,0.188837,82476.0
05/27/1980,7.375000,7.437500,7.250000,7.312500,0.186637,64400,-,NaN,0.171292,0.184942,0.189375,83088.0
05/23/1980,7.312500,7.437500,7.312500,7.375000,0.188232,181200,-,NaN,0.170655,0.184280,0.189598,83172.0
05/22/1980,7.312500,7.375000,7.250000,7.312500,0.186637,68000,-,NaN,0.169956,0.183538,0.189352,80648.0
05/21/1980,7.312500,7.312500,7.187500,7.312500,0.186637,132000,-,NaN,0.169288,0.182798,0.189576,83200.0
05/20/1980,7.562500,7.687500,7.562500,7.625000,0.188870,90800,-,NaN,0.168652,0.182058,0.189644,84524.0
05/19/1980,7.812500,7.812500,7.562500,7.562500,0.187322,53600,-,NaN,0.167971,0.181207,0.189025,84480.0
05/16/1980,7.750000,7.812500,7.750000,7.812500,0.193514,41800,-,NaN,0.167320,0.180588,0.187941,85236.0
05/15/1980,7.812500,7.875000,7.687500,7.750000,0.191966,171800,-,NaN,0.166484,0.179736,0.185929,86532.0
05/14/1980,7.687500,7.812500,7.687500,7.812500,0.193514,57200,-,NaN,0.165772,0.178962,0.184071,87460.0
05/13/1980,7.625000,7.750000,7.562500,7.687500,0.190418,106600,-,NaN,0.165060,0.177956,0.182213,88140.0
05/12/1980,7.562500,7.625000,7.562500,7.625000,0.188870,27400,-,NaN,0.164472,0.176950,0.180510,88008.0
05/09/1980,7.625000,7.625000,7.437500,7.500000,0.185774,40600,-,NaN,0.163914,0.175943,0.178962,88724.0
05/08/1980,7.562500,7.687500,7.500000,7.625000,0.188870,105200,-,NaN,0.163357,0.175169,0.177724,89064.0
05/07/1980,7.375000,7.562500,7.375000,7.562500,0.187322,76000,-,NaN,0.162707,0.174086,0.176021,89388.0
05/06/1980,7.187500,7.375000,7.187500,7.375000,0.182678,171400,-,NaN,0.162150,0.172770,0.174473,89228.0
05/05/1980,7.000000,7.125000,6.937500,7.125000,0.176485,96000,-,NaN,0.161685,0.171686,0.173389,89220.0
05/02/1980,7.000000,7.000000,6.937500,7.000000,0.173389,29600,-,NaN,0.161468,0.170912,0.173234,88332.0
05/01/1980,7.062500,7.062500,6.937500,7.000000,0.173389,38600,-,NaN,0.161314,0.170293,0.173544,88956.0
04/30/1980,7.000000,7.062500,6.937500,7.062500,0.174937,47800,-,NaN,0.161128,0.169519,0.173853,91104.0
04/29/1980,7.000000,7.000000,6.937500,7.000000,0.173389,48200,-,NaN,0.161004,0.168435,0.173698,92044.0
04/28/1980,7.000000,7.062500,6.937500,7.000000,0.173389,82000,-,NaN,0.160911,0.167351,0.173389,93092.0
04/25/1980,6.937500,7.062500,6.937500,7.000000,0.173389,57800,-,NaN,0.160862,0.166190,0.172924,92972.0
04/24/1980,6.937500,7.062500,6.875000,6.937500,0.171841,145400,-,NaN,0.160782,0.165029,0.172615,93052.0
04/23/1980,6.937500,7.000000,6.875000,6.937500,0.171841,81400,-,NaN,0.160704,0.163868,0.172150,91264.0
04/22/1980,7.062500,7.062500,6.937500,6.937500,0.171841,57800,-,NaN,0.160625,0.162784,0.171067,90792.0
04/21/1980,7.062500,7.062500,7.000000,7.062500,0.174937,61800,-,NaN,0.160546,0.161623,0.169983,90956.0
04/18/1980,7.125000,7.125000,7.000000,7.125000,0.176485,104400,-,NaN,0.160406,0.160617,0.168590,91248.0
04/17/1980,7.000000,7.187500,7.000000,7.125000,0.176485,106000,-,NaN,0.160294,0.159456,0.167042,90000.0
04/16/1980,6.875000,7.062500,6.875000,7.000000,0.173389,62000,-,NaN,0.160153,0.158372,0.165184,88560.0
04/15/1980,6.812500,6.875000,6.750000,6.875000,0.170293,48200,-,NaN,0.160074,0.157521,0.163171,88928.0
04/14/1980,6.875000,6.875000,6.750000,6.812500,0.168744,78400,-,NaN,0.160116,0.156592,0.161314,89044.0
04/11/1980,6.750000,6.875000,6.750000,6.875000,0.170293,69600,-,NaN,0.160099,0.155895,0.159456,88796.0
04/10/1980,6.562500,6.750000,6.562500,6.750000,0.167196,80000,-,NaN,0.160082,0.155044,0.157443,88308.0
04/09/1980,6.500000,6.562500,6.437500,6.500000,0.161004,91400,-,NaN,0.160096,0.154347,0.155586,87944.0
04/08/1980,6.500000,6.500000,6.437500,6.500000,0.161004,67000,-,NaN,0.160204,0.154037,0.154502,89448.0
04/07/1980,6.500000,6.562500,6.375000,6.500000,0.161004,97200,-,NaN,0.160342,0.153728,0.153263,90536.0
04/03/1980,6.375000,6.875000,6.312500,6.500000,0.161004,73800,-,NaN,0.160481,0.153418,0.152644,90988.0
04/02/1980,6.312500,6.500000,6.312500,6.375000,0.157908,105600,-,NaN,0.160649,0.152954,0.151870,90336.0
04/01/1980,6.125000,6.250000,6.125000,6.187500,0.153263,83400,-,NaN,0.160849,0.152876,0.151560,89776.0
03/31/1980,6.062500,6.125000,6.000000,6.125000,0.151715,97000,-,NaN,0.161172,0.153109,0.151870,90180.0
03/28/1980,6.062500,6.062500,6.000000,6.062500,0.150167,78000,-,NaN,0.161586,0.153573,0.151870,89236.0
03/27/1980,6.000000,6.062500,6.000000,6.062500,0.150167,84800,-,NaN,0.162061,0.154115,0.152335,88680.0
03/26/1980,6.062500,6.062500,6.000000,6.000000,0.148619,103200,-,NaN,0.162565,0.154502,0.152644,87764.0
03/25/1980,6.000000,6.125000,5.937500,6.062500,0.150167,107800,-,NaN,0.163131,0.154889,0.153109,86396.0
03/24/1980,6.187500,6.187500,6.000000,6.000000,0.148619,145200,-,NaN,0.163636,0.155353,0.153573,85592.0
03/21/1980,6.187500,6.312500,6.187500,6.250000,0.154812,49400,-,NaN,0.164202,0.155895,0.154192,83592.0
03/20/1980,6.250000,6.312500,6.125000,6.187500,0.153263,57200,-,NaN,0.164644,0.156437,0.154192,83432.0
03/19/1980,6.312500,6.312500,6.250000,6.250000,0.154812,57200,-,NaN,0.165087,0.157056,0.154037,83376.0
03/18/1980,6.125000,6.375000,6.125000,6.312500,0.156360,104400,-,NaN,0.165469,0.157521,0.154192,82900.0
03/17/1980,6.250000,6.375000,6.125000,6.125000,0.151715,68800,-,NaN,0.165790,0.158140,0.154347,81864.0
03/14/1980,6.187500,6.250000,6.125000,6.250000,0.154812,68600,-,NaN,0.166234,0.158991,0.155276,81688.0
03/13/1980,6.187500,6.250000,6.125000,6.187500,0.153263,55000,-,NaN,0.166496,0.159796,0.155895,82184.0
03/12/1980,6.250000,6.250000,6.062500,6.187500,0.153263,195600,-,NaN,NaN,0.160604,0.156360,NaN
03/11/1980,6.250000,6.375000,6.187500,6.250000,0.154812,198200,-,NaN,NaN,0.161336,0.156669,NaN
03/10/1980,6.250000,6.375000,6.187500,6.250000,0.154812,88600,-,NaN,NaN,0.161992,0.157134,NaN
03/07/1980,6.125000,6.312500,6.062500,6.250000,0.154812,91400,-,NaN,NaN,0.162647,0.157598,NaN
03/06/1980,6.312500,6.312500,6.062500,6.125000,0.151715,106600,-,NaN,NaN,0.163302,0.158682,NaN
03/05/1980,6.375000,6.437500,6.250000,6.312500,0.156360,218200,-,NaN,NaN,0.164262,0.160075,NaN
03/04/1980,6.500000,6.500000,6.312500,6.375000,0.157908,91200,-,NaN,NaN,0.164914,0.160849,NaN
03/03/1980,6.500000,6.562500,6.375000,6.500000,0.161004,100000,-,NaN,NaN,0.165489,0.161933,NaN
02/29/1980,6.375000,6.500000,6.312500,6.500000,0.161004,63200,-,NaN,NaN,0.166060,0.162707,NaN
02/28/1980,6.312500,6.375000,6.312500,6.375000,0.157908,57600,-,NaN,NaN,0.166405,0.163698,NaN
02/27/1980,6.437500,6.437500,6.312500,6.312500,0.156360,121400,-,NaN,NaN,0.166981,0.164848,NaN
02/26/1980,6.437500,6.500000,6.437500,6.437500,0.159456,68000,-,NaN,NaN,0.167558,0.166004,NaN
02/25/1980,6.687500,6.687500,6.437500,6.437500,0.159456,171000,-,NaN,NaN,0.167906,0.166849,NaN
02/22/1980,6.687500,6.687500,6.625000,6.687500,0.165648,51600,-,NaN,NaN,0.168329,0.167695,NaN
02/21/1980,6.625000,6.750000,6.625000,6.687500,0.165648,60800,-,NaN,NaN,0.168442,0.167922,NaN
02/20/1980,6.812500,6.812500,6.562500,6.625000,0.164100,146000,-,NaN,NaN,0.168630,0.168448,NaN
02/19/1980,6.812500,6.875000,6.750000,6.812500,0.168744,94800,-,NaN,NaN,0.168821,0.168979,NaN
02/15/1980,6.875000,6.875000,6.750000,6.812500,0.168744,100600,-,NaN,NaN,0.168855,0.169046,NaN
02/14/1980,7.062500,7.125000,7.062500,7.125000,0.170912,76000,-,NaN,NaN,0.169038,0.169413,NaN
02/13/1980,7.062500,7.125000,7.062500,7.062500,0.169413,61800,-,NaN,NaN,0.169188,0.169113,NaN
02/12/1980,7.000000,7.062500,7.000000,7.000000,0.167913,56000,-,NaN,NaN,0.169488,0.169113,NaN
02/11/1980,7.000000,7.062500,7.000000,7.000000,0.167913,57800,-,NaN,NaN,0.169937,0.169113,NaN
02/08/1980,7.000000,7.125000,7.000000,7.000000,0.167913,66000,-,NaN,NaN,0.170312,0.168963,NaN
02/07/1980,7.125000,7.125000,7.000000,7.000000,0.167913,76400,-,NaN,NaN,0.170762,0.168963,NaN
02/06/1980,7.062500,7.125000,7.062500,7.125000,0.170912,42000,-,NaN,NaN,0.171212,0.168963,NaN
02/05/1980,7.062500,7.125000,7.000000,7.062500,0.169413,34000,-,NaN,NaN,0.171437,0.168813,NaN
02/04/1980,7.187500,7.187500,7.062500,7.062500,0.169413,80400,-,NaN,NaN,0.171662,0.168663,NaN
02/01/1980,7.000000,7.187500,7.000000,7.187500,0.172411,54000,-,NaN,NaN,0.171811,0.168663,NaN
01/31/1980,7.062500,7.125000,7.000000,7.000000,0.167913,66000,-,NaN,NaN,0.171886,0.168663,NaN
01/30/1980,7.000000,7.062500,6.937500,7.062500,0.169413,45200,-,NaN,NaN,0.171886,0.169263,NaN
01/29/1980,6.937500,7.000000,6.937500,7.000000,0.167913,61800,-,NaN,NaN,NaN,0.169862,NaN
01/28/1980,7.000000,7.062500,6.937500,6.937500,0.166414,166600,-,NaN,NaN,NaN,0.170762,NaN
01/25/1980,7.000000,7.062500,6.937500,7.000000,0.167913,121400,-,NaN,NaN,NaN,0.171662,NaN
01/24/1980,7.062500,7.437500,7.000000,7.000000,0.167913,119800,-,NaN,NaN,NaN,0.172561,NaN
01/23/1980,7.000000,7.125000,7.000000,7.062500,0.169413,41200,-,NaN,NaN,NaN,0.173461,NaN
01/22/1980,7.062500,7.125000,7.000000,7.000000,0.167913,77600,-,NaN,NaN,NaN,0.174060,NaN
01/21/1980,7.125000,7.125000,7.000000,7.062500,0.169413,103600,-,NaN,NaN,NaN,0.174660,NaN
01/18/1980,7.250000,7.312500,6.812500,7.187500,0.172411,49800,-,NaN,NaN,NaN,0.174960,NaN
01/17/1980,7.312500,7.500000,7.250000,7.250000,0.173910,50200,-,NaN,NaN,NaN,0.175110,NaN
01/16/1980,7.375000,7.375000,7.312500,7.312500,0.175410,39000,-,NaN,NaN,NaN,0.174510,NaN
01/15/1980,7.312500,7.437500,7.125000,7.375000,0.176909,34800,-,NaN,NaN,NaN,NaN,NaN
01/14/1980,7.375000,7.437500,7.312500,7.312500,0.175410,67600,-,NaN,NaN,NaN,NaN,NaN
01/11/1980,7.375000,7.375000,7.312500,7.375000,0.176909,45200,-,NaN,NaN,NaN,NaN,NaN
01/10/1980,7.312500,7.375000,7.312500,7.375000,0.176909,41400,-,NaN,NaN,NaN,NaN,NaN
01/09/1980,7.250000,7.375000,7.250000,7.312500,0.175410,54400,-,NaN,NaN,NaN,NaN,NaN
01/08/1980,7.187500,7.250000,7.125000,7.250000,0.173910,33400,-,NaN,NaN,NaN,NaN,NaN
01/07/1980,7.250000,7.250000,7.125000,7.187500,0.172411,52600,-,NaN,NaN,NaN,NaN,NaN
01/04/1980,7.000000,7.250000,7.000000,7.250000,0.173910,60000,-,NaN,NaN,NaN,NaN,NaN
01/03/1980,6.875000,7.062500,6.875000,7.000000,0.167913,93400,-,NaN,NaN,NaN,NaN,NaN
