Date,Open,High,Low,Close,Adj_Close,Volume,Empty_col_H,200_day_Price_MA,50_day_Price_MA,20_day_Price_MA,10_day_Price_MA,50_day_Volume_MA
01/04/2021
12/31/2020
12/30/2020
12/29/2020
12/28/2020
12/24/2020
12/23/2020
12/22/2020
12/21/2020
12/18/2020
12/17/2020
12/16/2020
12/15/2020
12/14/2020
12/11/2020
12/10/2020
12/09/2020
12/08/2020
12/07/2020
12/04/2020
12/03/2020
12/02/2020
12/01/2020
11/30/2020
11/27/2020
11/25/2020
11/24/2020
11/23/2020
11/20/2020
11/19/2020
11/18/2020
11/17/2020
11/16/2020
11/13/2020
11/12/2020
11/11/2020
11/10/2020
11/09/2020
11/06/2020
11/05/2020
11/04/2020
11/03/2020
11/02/2020
10/30/2020
10/29/2020
10/28/2020
10/27/2020
10/26/2020
10/23/2020
10/22/2020
10/21/2020
10/20/2020
10/19/2020
10/16/2020
10/15/2020
10/14/2020
10/13/2020
10/12/2020
10/09/2020
10/08/2020
10/07/2020
10/06/2020
10/05/2020
10/02/2020
10/01/2020
09/30/2020
09/29/2020
09/28/2020
09/25/2020
09/24/2020
09/23/2020
09/22/2020
09/21/2020
09/18/2020
09/17/2020
09/16/2020
09/15/2020
09/14/2020
09/11/2020
09/10/2020
09/09/2020
09/08/2020
09/04/2020
09/03/2020
09/02/2020
09/01/2020
08/31/2020
08/28/2020
08/27/2020
08/26/2020
08/25/2020
08/24/2020
08/21/2020
08/20/2020
08/19/2020
08/18/2020
08/17/2020
08/14/2020
08/13/2020
08/12/2020
08/11/2020
08/10/2020
08/07/2020
08/06/2020
08/05/2020
08/04/2020
08/03/2020
07/31/2020
07/30/2020
07/29/2020
07/28/2020
07/27/2020
07/24/2020
07/23/2020
07/22/2020
07/21/2020
07/20/2020
07/17/2020
07/16/2020
07/15/2020
07/14/2020
07/13/2020
07/10/2020
07/09/2020
07/08/2020
07/07/2020
07/06/2020
07/02/2020
07/01/2020
06/30/2020
06/29/2020
06/26/2020
06/25/2020
06/24/2020
06/23/2020
06/22/2020
06/19/2020
06/18/2020
06/17/2020
06/16/2020
06/15/2020
06/12/2020
06/11/2020
06/10/2020
06/09/2020
06/08/2020
06/05/2020
06/04/2020
06/03/2020
06/02/2020
06/01/2020
05/29/2020
05/28/2020
05/27/2020
05/26/2020
05/22/2020
05/21/2020
05/20/2020
05/19/2020
05/18/2020
05/15/2020
05/14/2020
05/13/2020
05/12/2020
05/11/2020
05/08/2020
05/07/2020
05/06/2020
05/05/2020
05/04/2020
05/01/2020
04/30/2020
04/29/2020
04/28/2020
04/27/2020
04/24/2020
04/23/2020
04/22/2020
04/21/2020
04/20/2020
04/17/2020
04/16/2020
04/15/2020
04/14/2020
04/13/2020
04/09/2020
04/08/2020
04/07/2020
04/06/2020
04/03/2020
04/02/2020
04/01/2020
03/31/2020
03/30/2020
03/27/2020
03/26/2020
03/25/2020
03/24/2020
03/23/2020
03/20/2020
03/19/2020
03/18/2020
03/17/2020
03/16/2020
03/13/2020
03/12/2020
03/11/2020
03/10/2020
03/09/2020
03/06/2020
03/05/2020
03/04/2020
03/03/2020
03/02/2020
02/28/2020
02/27/2020
02/26/2020
02/25/2020
02/24/2020
02/21/2020
02/20/2020
02/19/2020
02/18/2020
02/14/2020
02/13/2020
02/12/2020
02/11/2020
02/10/2020
02/07/2020
02/06/2020
02/05/2020
02/04/2020
02/03/2020
01/31/2020
01/30/2020
01/29/2020
01/28/2020
01/27/2020
01/24/2020
01/23/2020
01/22/2020
01/21/2020
01/17/2020
01/16/2020
01/15/2020
01/14/2020
01/13/2020
01/10/2020
01/09/2020
01/08/2020
01/07/2020
01/06/2020
01/03/2020
01/02/2020
12/31/2019
12/30/2019
12/27/2019
12/26/2019
12/24/2019
12/23/2019
12/20/2019
12/19/2019
12/18/2019
12/17/2019
12/16/2019
12/13/2019
12/12/2019
12/11/2019
12/10/2019
12/09/2019
12/06/2019
12/05/2019
12/04/2019
12/03/2019
12/02/2019
11/29/2019
11/27/2019
11/26/2019
11/25/2019
11/22/2019
11/21/2019
11/20/2019
11/19/2019
11/18/2019
11/15/2019
11/14/2019
11/13/2019
11/12/2019
11/11/2019
11/08/2019
11/07/2019
11/06/2019
11/05/2019
11/04/2019
11/01/2019
10/31/2019
10/30/2019
10/29/2019
10/28/2019
10/25/2019
10/24/2019
10/23/2019
10/22/2019
10/21/2019
10/18/2019
10/17/2019
10/16/2019
10/15/2019
10/14/2019
10/11/2019
10/10/2019
10/09/2019
10/08/2019
10/07/2019
10/04/2019
10/03/2019
10/02/2019
10/01/2019
09/30/2019
09/27/2019
09/26/2019
09/25/2019
09/24/2019
09/23/2019
09/20/2019
09/19/2019
09/18/2019
09/17/2019
09/16/2019
09/13/2019
09/12/2019
09/11/2019
09/10/2019
09/09/2019
09/06/2019
09/05/2019
09/04/2019
09/03/2019
08/30/2019
08/29/2019
08/28/2019
08/27/2019
08/26/2019
08/23/2019
08/22/2019
08/21/2019
08/20/2019
08/19/2019
08/16/2019
08/15/2019
08/14/2019
08/13/2019
08/12/2019
08/09/2019
08/08/2019
08/07/2019
08/06/2019
08/05/2019
08/02/2019
08/01/2019
07/31/2019
07/30/2019
07/29/2019
07/26/2019
07/25/2019
07/24/2019
07/23/2019
07/22/2019
07/19/2019
07/18/2019
07/17/2019
07/16/2019
07/15/2019
07/12/2019
07/11/2019
07/10/2019
07/09/2019
07/08/2019
07/05/2019
07/03/2019
07/02/2019
07/01/2019
06/28/2019
06/27/2019
06/26/2019
06/25/2019
06/24/2019
06/21/2019
06/20/2019
06/19/2019
06/18/2019
06/17/2019
06/14/2019,76.529999,77.129997,75.690002,75.709999,75.709999,1221400,-,80.427200,83.387400,76.398000,74.265000,1764002.0
06/13/2019,77.250000,77.320000,76.110001,76.610001,76.610001,1233600,-,80.450200,83.623000,76.774500,73.942001,1772230.0
06/12/2019,75.519997,77.070000,75.220001,76.989998,76.989998,1407000,-,80.469100,83.803400,76.996500,73.886001,1786044.0
06/11/2019,75.180000,76.160004,74.699997,75.980003,75.980003,2122200,-,80.477900,83.968000,77.207000,73.769001,1782332.0
06/10/2019,74.410004,75.639999,74.349998,74.680000,74.680000,1348600,-,80.486600,84.127800,77.382500,73.895000,1766678.0
06/07/2019,73.750000,74.610001,73.489998,73.820000,73.820000,1192800,-,80.496250,84.281200,77.793500,74.201000,1758048.0
06/06/2019,73.470001,73.910004,72.430000,73.589996,73.589996,1192700,-,80.510550,84.441400,78.193000,74.568000,1773810.0
06/05/2019,73.480003,73.750000,71.599998,73.150002,73.150002,1356000,-,80.525100,84.666400,78.596000,75.405000,1769564.0
06/04/2019,70.709999,72.500000,70.389999,72.470001,72.470001,1695400,-,80.542300,84.903800,79.027500,76.346000,1759744.0
06/03/2019,72.320000,72.849998,68.870003,69.650002,69.650002,2633500,-,80.561050,85.158200,79.654500,77.234000,1752256.0
05/31/2019,75.000000,75.250000,72.239998,72.480003,72.480003,2543500,-,80.594550,85.531200,80.470000,78.531000,1729992.0
05/30/2019,75.800003,76.430000,75.110001,76.050003,76.050003,1418600,-,80.606050,85.793600,81.421500,79.606999,1706886.0
05/29/2019,76.610001,77.379997,75.050003,75.820000,75.820000,1729700,-,80.602250,85.979000,82.213499,80.106999,1714588.0
05/28/2019,77.870003,79.300003,77.040001,77.239998,77.239998,1760300,-,80.595900,86.152800,83.093499,80.644999,1713398.0
05/24/2019,78.199997,78.900002,77.260002,77.739998,77.739998,1522700,-,80.574950,86.273200,83.882999,80.869999,1754018.0
05/23/2019,80.650002,80.720001,76.720001,77.489998,77.489998,2720200,-,80.551550,86.406000,84.646999,81.385999,1743914.0
05/22/2019,81.970001,82.620003,81.529999,81.959999,81.959999,737900,-,80.532250,86.529400,85.417500,81.817999,1718044.0
05/21/2019,82.440002,82.970001,81.949997,82.559998,82.559998,915300,-,80.490600,86.538200,85.932500,81.787000,1728988.0
05/20/2019,81.620003,82.059998,80.690002,81.349998,81.349998,882600,-,80.446600,86.538200,86.404000,81.709000,1739258.0
05/17/2019,82.360001,84.070000,81.779999,82.620003,82.620003,1273900,-,80.362850,86.524600,86.915000,82.075000,1758566.0
05/16/2019,81.110001,83.580002,81.110001,83.239998,83.239998,1271100,-,80.264300,86.521800,87.338000,82.409000,1773092.0
05/15/2019,80.769997,82.250000,80.500000,81.050003,81.050003,1113900,-,80.162000,86.515000,87.794500,83.236000,1772194.0
05/14/2019,80.019997,81.660004,80.000000,81.199997,81.199997,1388500,-,80.085800,86.566400,88.444500,84.320000,1773978.0
05/13/2019,80.750000,81.760002,79.419998,79.489998,79.489998,1921800,-,80.022650,86.618800,89.145500,85.542000,1783082.0
05/10/2019,81.260002,83.220001,80.339996,82.900002,82.900002,1738500,-,79.967350,86.767600,89.806500,86.896000,1773998.0
05/09/2019,80.250000,82.260002,79.750000,81.809998,81.809998,1448700,-,79.886600,86.845400,90.145500,87.907999,1780560.0
05/08/2019,81.589996,82.220001,80.889999,81.650002,81.650002,1492200,-,79.818650,86.967200,90.536000,89.017000,1775698.0
05/07/2019,84.000000,84.150002,80.730003,81.779999,81.779999,3097000,-,79.750300,87.073800,90.819000,90.078000,1769036.0
05/06/2019,83.650002,85.199997,82.849998,85.010002,85.010002,2356200,-,79.678650,87.179400,91.034000,91.099000,1738194.0
05/03/2019,86.050003,86.680000,82.800003,85.959999,85.959999,4383200,-,79.587650,87.215000,90.989000,91.755000,1724692.0
05/02/2019,91.820000,92.620003,90.489998,91.510002,91.510002,2159400,-,79.492550,87.185600,90.866000,92.267000,1666412.0
05/01/2019,93.639999,93.639999,91.790001,91.889999,91.889999,1517600,-,79.366150,87.032800,90.665000,92.353000,1648652.0
04/30/2019,93.019997,93.760002,92.599998,93.419998,93.419998,1266100,-,79.239500,86.873600,90.352000,92.569000,1647086.0
04/29/2019,93.500000,94.190002,92.750000,93.029999,93.029999,1314600,-,79.108550,86.667400,89.942000,92.749001,1649708.0
04/26/2019,93.000000,93.389999,91.400002,93.019997,93.019997,1191100,-,78.971700,86.470600,89.489000,92.717001,1646302.0
04/25/2019,92.820000,93.379997,91.349998,92.900002,92.900002,1411200,-,78.833650,86.258600,88.955500,92.383001,1648096.0
04/24/2019,92.449997,93.209999,92.040001,92.260002,92.260002,1385000,-,78.693000,86.063200,88.402000,92.055001,1661902.0
04/23/2019,91.800003,92.129997,90.279999,91.989998,91.989998,1793200,-,78.556550,85.851800,88.031000,91.560001,1669924.0
04/22/2019,90.839996,91.940002,90.610001,91.570000,91.570000,1244500,-,78.418250,85.632400,87.682500,90.969001,1680776.0
04/18/2019,89.860001,91.120003,88.209999,91.080002,91.080002,2208900,-,78.278350,85.388200,87.363500,90.223001,1755080.0
04/17/2019,94.370003,94.959999,91.559998,92.370003,92.370003,1777600,-,78.142600,85.191000,87.224500,89.465001,1766676.0
04/16/2019,95.949997,96.959999,93.440002,94.050003,94.050003,2184400,-,77.992900,84.983000,86.886000,88.977000,1786614.0
04/15/2019,92.849998,95.589996,92.800003,95.220001,95.220001,2523200,-,77.834900,84.704800,86.449500,88.135000,1798214.0
04/12/2019,90.300003,92.910004,90.019997,92.709999,92.709999,2505300,-,77.667800,84.378400,85.914000,87.135000,1797540.0
04/11/2019,90.000000,90.870003,89.019997,89.680000,89.680000,2030200,-,77.518600,84.055600,85.441500,86.261000,1792836.0
04/10/2019,87.599998,89.970001,87.379997,89.620003,89.620003,2780100,-,77.380800,83.765200,85.176500,85.528000,1787440.0
04/09/2019,85.470001,87.440002,85.339996,87.309998,87.309998,1800500,-,77.252350,83.437000,84.878500,84.749000,1761646.0
04/08/2019,84.089996,86.849998,83.309998,86.080002,86.080002,1622200,-,77.139500,83.165200,84.633000,84.502000,1750492.0
04/05/2019,83.930000,85.050003,83.470001,84.110001,84.110001,1138600,-,77.034500,82.915400,84.457000,84.395999,1747186.0
04/04/2019,87.809998,87.849998,82.440002,83.500000,83.500000,3227400,-,76.935550,82.683600,84.285000,84.503999,1755724.0
04/03/2019,86.110001,87.940002,86.080002,87.489998,87.489998,1632800,-,76.848900,82.443200,84.234000,84.984000,1751068.0
04/02/2019,85.379997,85.900002,84.269997,85.629997,85.629997,1924300,-,76.737850,82.090400,84.004500,84.795000,1789590.0
04/01/2019,84.589996,85.930000,83.269997,85.220001,85.220001,1221400,-,76.638400,81.787800,83.904000,84.764000,1823722.0
03/29/2019,82.919998,84.029999,82.260002,83.970001,83.970001,1339500,-,76.535750,81.536400,83.834000,84.693000,1820984.0
03/28/2019,82.169998,82.959999,81.629997,82.349998,82.349998,917100,-,76.436450,81.303800,83.982000,84.622000,1822748.0
03/27/2019,84.769997,84.889999,80.830002,81.830002,81.830002,1980900,-,76.340950,81.149400,84.204000,84.825000,1843576.0
03/26/2019,85.889999,86.360001,84.529999,84.839996,84.839996,980400,-,76.244450,80.958000,84.507500,85.008000,1827206.0
03/25/2019,84.580002,85.580002,83.510002,85.019997,85.019997,865000,-,76.127750,80.726600,84.614501,84.764001,1833588.0
03/22/2019,88.000000,88.180000,85.120003,85.190002,85.190002,1321000,-,76.019100,80.490400,84.716501,84.518001,1846614.0
03/21/2019,85.529999,88.339996,85.459999,88.300003,88.300003,1520300,-,75.909150,80.248200,84.796501,84.066000,1854948.0
03/20/2019,85.989998,86.949997,84.510002,85.599998,85.599998,1388200,-,75.780000,79.913200,84.606001,83.484000,1872724.0
03/19/2019,84.949997,85.400002,83.669998,85.320000,85.320000,1803700,-,75.662000,79.603000,84.519501,83.214001,1929166.0
03/18/2019,83.410004,84.559998,82.980003,84.510002,84.510002,1670200,-,75.541300,79.234800,84.450001,83.044001,1977330.0
03/15/2019,84.480003,84.669998,83.230003,83.260002,83.260002,3791300,-,75.424650,78.896000,84.380001,82.975001,1985096.0
03/14/2019,83.620003,84.660004,83.500000,84.379997,84.379997,1017500,-,75.308000,78.624400,84.376501,83.342001,1940270.0
03/13/2019,82.660004,84.440002,82.660004,83.660004,83.660004,1426700,-,75.187950,78.345400,84.278501,83.583001,1942102.0
03/12/2019,82.650002,83.000000,81.629997,82.400002,82.400002,1285100,-,75.072850,78.079000,84.252000,84.007001,1935200.0
03/11/2019,81.309998,82.629997,81.150002,82.559998,82.559998,1428800,-,74.956700,77.838800,84.216500,84.465001,1941618.0
03/08/2019,81.639999,81.680000,79.660004,80.669998,80.669998,1848000,-,74.837750,77.559000,84.139500,84.915001,1968898.0
03/07/2019,82.910004,83.910004,82.389999,82.480003,82.480003,2000200,-,74.731000,77.255800,84.074001,85.527001,1953824.0
03/06/2019,83.730003,84.269997,82.510002,82.900002,82.900002,1226200,-,74.611200,76.923000,84.011000,85.728001,1996684.0
03/05/2019,83.510002,84.269997,83.199997,83.620003,83.620003,1203100,-,74.488150,76.662400,83.964500,85.825001,2041900.0
03/04/2019,87.199997,87.370003,82.360001,83.820000,83.820000,1843700,-,74.363100,76.390400,83.790500,85.856001,2066290.0
03/01/2019,87.410004,87.900002,85.669998,86.930000,86.930000,1467600,-,74.240450,76.115400,83.544500,85.785001,2092582.0
02/28/2019,87.830002,88.540001,86.669998,86.790001,86.790001,2066600,-,74.103550,75.741600,83.026500,85.411001,2122162.0
02/27/2019,87.480003,88.389999,87.120003,87.900002,87.900002,1205600,-,73.971500,75.464000,82.445000,84.974001,2125598.0
02/26/2019,86.760002,87.300003,86.080002,86.980003,86.980003,1159100,-,73.832800,75.196200,81.710500,84.497000,2124306.0
02/25/2019,87.459999,88.599998,86.849998,87.059998,87.059998,1554900,-,73.693000,74.960400,81.047500,83.968000,2129918.0
02/22/2019,84.980003,86.830002,84.730003,86.790001,86.790001,1681100,-,73.542400,74.708000,80.374000,83.364000,2168808.0
02/21/2019,83.690002,84.800003,83.150002,84.489998,84.489998,1469200,-,73.386900,74.466200,79.660500,82.621000,2164010.0
02/20/2019,84.129997,84.250000,82.940002,83.870003,83.870003,1271400,-,73.238150,74.208600,79.010000,82.294000,2171490.0
02/19/2019,83.019997,84.260002,82.980003,83.930000,83.930000,1439300,-,73.099350,74.040000,78.309000,82.104000,2191536.0
02/15/2019,83.349998,83.500000,82.580002,83.110001,83.110001,1397200,-,72.959400,73.829000,77.637500,81.725000,2208498.0
02/14/2019,82.099998,83.629997,81.940002,83.190002,83.190002,1144300,-,72.822550,73.669000,77.114500,81.304000,2225800.0
02/13/2019,83.370003,83.720001,82.120003,82.419998,82.419998,1280800,-,72.683400,73.482000,76.572000,80.642000,2265346.0
02/12/2019,82.169998,83.290001,81.980003,83.129997,83.129997,2101500,-,72.545950,73.311600,76.182500,79.916000,2269396.0
02/11/2019,81.379997,82.239998,80.820000,81.690002,81.690002,1786100,-,72.407400,73.119400,75.639000,78.924001,2259816.0
02/08/2019,78.639999,81.639999,78.400002,81.019997,81.019997,2335800,-,72.272950,72.899600,75.218000,78.127000,2261240.0
02/07/2019,81.000000,81.080002,76.360001,79.360001,79.360001,4959700,-,72.148200,72.696000,74.827500,77.384000,2250846.0
02/06/2019,82.000000,82.300003,80.040001,81.220001,81.220001,2788700,-,72.035100,72.468000,74.513500,76.700000,2168706.0
02/05/2019,80.250000,82.260002,80.139999,81.970001,81.970001,2774500,-,71.914750,72.214400,74.030000,75.726000,2184518.0
02/04/2019,79.529999,80.559998,78.959999,80.139999,80.139999,2764400,-,71.791950,71.915800,73.436000,74.514000,2196724.0
02/01/2019,76.690002,79.260002,76.690002,78.900002,78.900002,2489500,-,71.678700,71.668600,72.774500,73.550000,2199118.0
01/31/2019,75.250000,77.570000,75.250000,76.570000,76.570000,2270100,-,71.572550,71.559600,72.208000,72.925000,2193724.0
01/30/2019,73.919998,75.199997,73.290001,75.160004,75.160004,1760400,-,71.473500,71.483200,71.863500,72.502000,2183024.0
01/29/2019,73.949997,74.500000,72.779999,73.209999,73.209999,1490400,-,71.376900,71.446799,71.627000,72.448999,2185316.0
01/28/2019,73.029999,74.160004,72.269997,73.720001,73.720001,1242800,-,71.291300,71.452200,71.483500,72.353999,2182616.0
01/25/2019,73.139999,73.930000,73.000000,73.589996,73.589996,1456900,-,71.196850,71.452599,71.316999,72.308999,2192066.0
01/24/2019,71.559998,73.019997,71.470001,72.519997,72.519997,1565500,-,71.110050,71.475400,71.066000,72.270999,2207626.0
01/23/2019,70.290001,72.680000,69.220001,71.480003,71.480003,2994600,-,71.019800,71.583200,70.715500,72.327000,2222158.0
01/22/2019,69.000000,70.500000,68.150002,69.849998,69.849998,3558900,-,70.934050,71.710800,70.433500,72.334000,2220970.0
01/18/2019,72.360001,72.500000,69.860001,70.500000,70.500000,3630900,-,70.857750,71.808800,70.434500,72.357999,2188372.0
01/17/2019,71.940002,73.320000,71.610001,72.650002,72.650002,1084500,-,70.776800,71.896200,70.410500,71.999000,2173754.0
01/16/2019,74.599998,75.000000,71.720001,72.339996,72.339996,1427700,-,70.680700,71.894400,70.281499,71.491000,2270594.0
01/15/2019,72.540001,75.290001,72.540001,74.629997,74.629997,1958500,-,70.581150,72.121400,70.076500,71.225000,2289252.0
01/14/2019,72.620003,72.839996,71.900002,72.260002,72.260002,1162400,-,70.475900,72.272400,69.990500,70.805000,2292464.0
01/11/2019,72.989998,73.379997,72.250000,73.269997,73.269997,1299500,-,70.376000,72.406200,70.103000,70.613000,2308886.0
01/10/2019,72.260002,73.269997,70.190002,73.209999,73.209999,1516300,-,70.276300,72.491600,70.199000,70.325000,2324758.0
01/09/2019,72.000000,73.470001,71.699997,73.080002,73.080002,1737700,-,70.183150,72.591200,70.260500,69.861000,2330710.0
01/08/2019,70.790001,71.860001,70.309998,71.550003,71.550003,2409100,-,70.082500,72.751600,70.341500,69.104000,2332094.0
01/07/2019,66.820000,70.510002,66.820000,70.089996,70.089996,4210300,-,69.992800,72.902600,70.344500,68.532999,2319660.0
01/04/2019,65.790001,67.879997,65.059998,66.910004,66.910004,4211900,-,69.915200,73.168800,70.612000,68.511000,2277360.0
01/03/2019,68.800003,69.330002,66.959999,67.570000,67.570000,2058500,-,69.849550,73.489400,70.935500,68.821999,2235424.0
01/02/2019,68.580002,70.680000,68.040001,69.680000,69.680000,1550000,-,69.778450,73.762000,71.312500,69.071999,2239828.0
12/31/2018,71.070000,71.559998,69.970001,70.430000,70.430000,1109100,-,69.700050,74.002600,71.520500,68.927999,2265410.0
12/28/2018,70.750000,71.660004,69.150002,70.339996,70.339996,1081600,-,69.618800,74.227200,71.694000,69.175999,2297384.0
12/27/2018,67.660004,70.410004,67.070000,70.389999,70.389999,1606000,-,69.539800,74.474600,71.853000,69.593000,2320506.0
12/26/2018,66.029999,68.660004,65.959999,68.570000,68.570000,2792800,-,69.459100,74.669800,71.868500,70.073000,2340006.0
12/24/2018,65.000000,67.000000,64.410004,65.510002,65.510002,1094300,-,69.389650,74.897400,71.982000,70.660001,2358732.0
12/21/2018,70.209999,70.820000,65.099998,65.839996,65.839996,4143200,-,69.334300,75.129600,72.104499,71.579000,2418300.0
12/20/2018,69.400002,70.720001,67.160004,69.870003,69.870003,3487000,-,69.275550,75.404200,72.239500,72.156001,3002848.0
12/19/2018,70.720001,72.459999,69.459999,70.019997,70.019997,2422600,-,69.188550,75.658000,72.098000,72.713000,2997032.0
12/18/2018,68.650002,71.419998,68.650002,70.070000,70.070000,3158300,-,69.097700,75.931600,71.986000,73.049001,3024526.0
12/17/2018,72.339996,72.500000,67.860001,68.239998,68.239998,2946600,-,69.000600,76.252200,72.155000,73.553001,3040356.0
12/14/2018,73.040001,74.529999,72.129997,72.910004,72.910004,2238400,-,68.911700,76.673200,72.380500,74.113000,3016088.0
12/13/2018,75.940002,76.349998,73.629997,74.510002,74.510002,1141000,-,68.794700,77.045000,72.401999,74.212000,3004074.0
12/12/2018,76.000000,76.349998,74.629997,75.190002,75.190002,1439700,-,68.674500,77.378400,72.350499,74.113000,3022672.0
12/11/2018,75.970001,76.279999,74.000000,74.440002,74.440002,3499400,-,68.548300,77.720400,72.277999,73.663999,3031074.0
12/10/2018,72.040001,74.949997,72.040001,74.699997,74.699997,1441200,-,68.427700,78.077000,72.292499,73.303999,3006466.0
12/07/2018,74.809998,75.500000,71.190002,71.610001,71.610001,1843200,-,68.303550,78.418200,72.452999,72.629999,3023920.0
12/06/2018,71.620003,75.470001,70.339996,75.440002,75.440002,2273700,-,68.191500,78.777000,72.765499,72.322999,3024506.0
12/04/2018,75.480003,76.389999,72.440002,73.379997,73.379997,2287400,-,68.059850,79.058400,72.730999,71.482999,3025690.0
12/03/2018,76.230003,77.180000,74.360001,75.110001,75.110001,2262300,-,67.938250,79.335800,72.805500,70.922999,3021902.0
11/30/2018,73.949997,75.070000,72.660004,73.839996,73.839996,3121600,-,67.807450,79.543200,72.677999,70.756998,3040684.0
11/29/2018,73.070000,74.400002,72.139999,73.900002,73.900002,1483300,-,67.684650,79.780600,73.170500,70.647999,3032562.0
11/28/2018,71.250000,73.790001,71.250000,73.519997,73.519997,1622500,-,67.557050,80.019200,73.584500,70.591998,3054976.0
11/27/2018,70.589996,71.199997,69.860001,70.699997,70.699997,1857300,-,67.430050,80.317400,73.856000,70.587999,3059118.0
11/26/2018,69.209999,71.070000,68.629997,70.839996,70.839996,1816100,-,67.308950,80.666800,74.198000,70.891999,3050350.0
11/23/2018,67.639999,69.019997,67.639999,67.959999,67.959999,852700,-,67.187450,81.057000,74.565500,71.281000,3044618.0
11/21/2018,67.639999,69.279999,67.540001,68.540001,68.540001,3579300,-,67.070150,81.496400,75.222500,72.276000,3062664.0
11/20/2018,65.769997,68.589996,64.650002,67.040001,67.040001,3384800,-,66.955000,81.900200,75.750500,73.208000,3024008.0
11/19/2018,73.129997,73.349998,67.529999,67.779999,67.779999,2884100,-,66.852500,82.304000,76.568500,73.979000,2999174.0
11/16/2018,72.379997,73.660004,71.529999,73.449997,73.449997,2219800,-,66.732750,82.705400,77.326500,74.688000,2972580.0
11/15/2018,72.510002,73.150002,71.599998,72.750000,72.750000,1735100,-,66.590200,82.946800,77.714000,74.599001,2949622.0
11/14/2018,74.699997,75.430000,73.019997,73.339996,73.339996,1875000,-,66.455800,83.191800,78.162000,75.693001,2950190.0
11/13/2018,73.820000,75.040001,72.800003,73.480003,73.480003,1355400,-,66.319300,83.395400,78.578001,76.577001,2954538.0
11/12/2018,74.389999,75.360001,72.650002,73.739998,73.739998,1715300,-,66.180600,83.647400,79.039500,77.124001,2966760.0
11/09/2018,76.889999,77.220001,73.959999,74.730003,74.730003,2234900,-,66.041700,83.847800,79.360001,77.504001,2967098.0
11/08/2018,78.059998,79.489998,77.279999,77.910004,77.910004,2292100,-,65.897350,84.014200,79.621000,77.850001,2944892.0
11/07/2018,75.910004,78.680000,75.620003,77.860001,77.860001,2935200,-,65.734850,84.106200,79.581500,78.169000,2923556.0
11/06/2018,74.570000,75.639999,73.519997,74.750000,74.750000,1929000,-,65.571800,84.167400,79.667000,78.293000,2883188.0
11/05/2018,73.010002,75.220001,71.690002,74.870003,74.870003,2900000,-,65.426800,84.278600,80.057500,79.158000,2863634.0
11/02/2018,81.680000,81.720001,71.540001,72.559998,72.559998,5926500,-,65.281700,84.389000,80.499000,79.965000,2823432.0
11/01/2018,82.199997,84.000000,79.680000,83.690002,83.690002,2360600,-,65.148950,84.512800,81.176000,80.829000,2728314.0
10/31/2018,81.059998,82.839996,80.769997,82.180000,82.180000,2119100,-,64.959050,84.393400,81.456000,80.631000,2697666.0
10/30/2018,77.279999,79.459999,76.889999,78.949997,78.949997,1983500,-,64.773600,84.282000,81.922000,80.579000,2680006.0
10/29/2018,80.269997,80.989998,76.019997,77.540001,77.540001,2093100,-,64.600550,84.236600,82.533500,80.955000,2665380.0
10/26/2018,78.849998,79.930000,77.160004,78.190002,78.190002,1813900,-,64.437550,84.215800,83.271000,81.216000,2642480.0
10/25/2018,79.889999,81.809998,79.230003,81.099998,81.099998,1806900,-,64.267900,84.183800,83.975000,81.392000,2629096.0
10/24/2018,83.050003,83.949997,78.889999,79.099998,79.099998,1787400,-,64.082900,84.086200,84.508000,80.994000,2623402.0
10/23/2018,80.800003,83.750000,80.339996,83.400002,83.400002,2095300,-,63.909000,84.031200,85.030500,81.041000,2605898.0
10/22/2018,81.500000,83.470001,80.839996,82.940002,82.940002,2115100,-,63.717000,83.858800,85.336000,80.957000,2599514.0
10/19/2018,82.610001,83.959999,81.139999,81.199997,81.199997,2278700,-,63.522800,83.705800,85.551500,81.032999,2582270.0
10/18/2018,80.949997,82.510002,80.699997,81.709999,81.709999,2829100,-,63.336800,83.572800,85.765500,81.523000,2571148.0
10/17/2018,83.010002,83.739998,81.050003,81.660004,81.660004,2707800,-,63.153400,83.399600,85.965500,82.281000,2540956.0
10/16/2018,81.449997,82.989998,80.669998,82.709999,82.709999,2237700,-,62.966850,83.227600,86.174000,83.264999,2505436.0
10/15/2018,80.300003,81.290001,78.559998,80.150002,80.150002,2581000,-,62.771750,83.046000,86.460000,84.112000,2489804.0
10/12/2018,79.639999,80.980003,78.550003,79.949997,79.949997,3729100,-,62.591050,82.915600,86.861000,85.325999,2490732.0
10/11/2018,78.830002,79.779999,76.739998,77.120003,77.120003,4072700,-,62.411600,82.791800,87.381000,86.557999,2498630.0
10/10/2018,83.110001,83.430000,78.400002,79.570000,79.570000,33370600,-,62.246800,82.541400,88.021500,88.021999,2476308.0
10/09/2018,83.050003,84.589996,82.010002,82.559998,82.559998,3196200,-,62.068550,82.208200,88.479500,89.020000,1847840.0
10/08/2018,86.199997,86.919998,81.830002,83.699997,83.699997,3797300,-,61.875700,81.812600,88.713000,89.715000,1831836.0
10/05/2018,87.690002,88.129997,84.589996,86.099998,86.099998,3949800,-,61.681550,81.454800,88.920501,90.070000,1781262.0
10/04/2018,91.449997,91.699997,88.500000,89.290001,89.290001,1733200,-,61.476500,81.104200,88.891500,90.008001,1726628.0
10/03/2018,91.540001,92.650002,91.010002,91.500000,91.500000,1637700,-,61.251400,80.687000,88.677000,89.650001,1714812.0
10/02/2018,92.349998,92.470001,90.080002,91.180000,91.180000,2070900,-,61.012100,80.192000,88.278000,89.083001,1710952.0
10/01/2018,93.000000,94.370003,91.800003,92.290001,92.290001,1859800,-,60.769750,79.732800,88.023000,88.808001,1692848.0
09/28/2018,91.199997,92.379997,89.769997,92.269997,92.269997,2269000,-,60.521550,79.246600,87.596500,88.396001,1675954.0
09/27/2018,90.070000,92.250000,90.070000,91.760002,91.760002,2313900,-,60.271100,78.750200,87.135501,88.204001,1662662.0
09/26/2018,90.000000,90.480003,88.730003,89.550003,89.550003,1872500,-,60.023400,78.251200,86.673001,88.021001,1644568.0
09/25/2018,88.250000,89.860001,88.000000,89.510002,89.510002,2332900,-,59.785400,77.799000,86.241500,87.939001,1631190.0
09/24/2018,85.480003,87.709999,84.160004,87.250000,87.250000,2098000,-,59.544950,77.333400,85.781500,87.711001,1595410.0
09/21/2018,85.900002,87.160004,85.209999,85.480003,85.480003,3201400,-,59.315150,76.919600,85.438500,87.771001,1572972.0
09/20/2018,84.000000,86.440002,82.769997,85.709999,85.709999,2715500,-,59.093250,76.554600,85.102000,87.775000,1524902.0
09/19/2018,88.650002,88.940002,84.570000,85.830002,85.830002,2604000,-,58.872400,76.153600,84.702500,87.704000,1485392.0
09/18/2018,86.589996,89.440002,85.279999,88.430000,88.430000,1829600,-,58.654200,75.745200,84.241500,87.473000,1453316.0
09/17/2018,90.309998,90.730003,87.620003,88.169998,88.169998,1418900,-,58.422350,75.272000,83.654000,87.238000,1438366.0
09/14/2018,90.010002,91.269997,90.010002,90.349998,90.349998,1529500,-,58.188700,74.808000,83.070500,86.797000,1424364.0
09/13/2018,89.230003,90.500000,88.480003,89.930000,89.930000,1755000,-,57.947750,74.287600,82.382500,86.067001,1429192.0
09/12/2018,87.339996,88.970001,86.349998,88.730003,88.730003,1646500,-,57.707250,73.760800,81.697000,85.325001,1406086.0
09/11/2018,87.510002,88.839996,87.000000,87.230003,87.230003,2143100,-,57.473150,73.264800,81.078000,84.544000,1391940.0
09/10/2018,86.129997,87.989998,85.580002,87.849998,87.849998,1554400,-,57.245850,72.768800,80.455500,83.852000,1386464.0
09/07/2018,84.440002,86.790001,83.760002,85.519997,85.519997,1071900,-,57.013200,72.260800,79.827500,83.106000,1374650.0
09/06/2018,83.790001,85.769997,83.519997,85.000000,85.000000,1763500,-,56.789450,71.786400,79.279000,82.429000,1381678.0
09/05/2018,86.279999,86.559998,81.559998,83.519997,83.519997,2092400,-,56.566000,71.343800,78.681500,81.701000,1374936.0
09/04/2018,85.099998,86.160004,83.809998,86.080002,86.080002,1966500,-,56.349700,70.915800,78.158500,81.010001,1379392.0
08/31/2018,82.870003,84.120003,82.870003,83.760002,83.760002,1732200,-,56.118800,70.472800,77.536000,80.070000,1386146.0
08/30/2018,82.449997,83.629997,82.099998,83.050003,83.050003,1124600,-,55.900100,70.092400,77.029500,79.344000,1372268.0
08/29/2018,81.580002,83.059998,81.349998,82.510002,82.510002,1225300,-,55.686600,69.733000,76.565000,78.698000,1374406.0
08/28/2018,80.639999,81.129997,80.080002,80.919998,80.919998,916800,-,55.473750,69.369200,75.669500,78.068999,1403776.0
08/27/2018,80.529999,81.199997,79.760002,80.309998,80.309998,951300,-,55.266600,69.074200,74.769000,77.612000,1434120.0
08/24/2018,78.959999,80.699997,78.949997,80.389999,80.389999,889900,-,55.064600,68.773600,73.892500,77.059000,1467504.0
08/23/2018,77.500000,79.089996,77.500000,78.750000,78.750000,1170600,-,54.858100,68.480600,73.163500,76.549000,1483278.0
08/22/2018,76.489998,78.010002,76.489998,77.720001,77.720001,828200,-,54.660600,68.199400,72.654500,76.129000,1497326.0
08/21/2018,77.269997,77.500000,76.269997,76.610001,76.610001,1236100,-,54.467050,67.927200,72.190000,75.662000,1506030.0
08/20/2018,76.900002,77.370003,76.040001,76.680000,76.680000,1252200,-,54.277050,67.660000,71.697000,75.307000,1499480.0
08/17/2018,76.500000,76.690002,75.400002,76.500000,76.500000,948100,-,54.087500,67.377000,71.274000,75.002000,1500738.0
08/16/2018,76.500000,77.389999,76.370003,76.589996,76.589996,1144700,-,53.902050,67.077000,70.848000,74.714999,1516688.0
08/15/2018,76.269997,76.949997,75.190002,76.220001,76.220001,1522200,-,53.716600,66.811000,70.391000,74.432000,1521408.0
08/14/2018,75.290001,76.459999,74.199997,76.349998,76.349998,912200,-,53.529200,66.550600,69.920500,73.270000,1520258.0
08/13/2018,75.000000,75.570000,74.239998,74.779999,74.779999,1776100,-,53.347950,66.273000,69.450000,71.926000,1524730.0
08/10/2018,74.010002,75.779999,73.849998,75.290001,75.290001,1252900,-,53.172550,66.017400,69.022500,70.726000,1514316.0
08/09/2018,73.349998,75.139999,73.139999,74.550003,74.550003,1722600,-,52.996100,65.735200,68.586000,69.777999,1529676.0
08/08/2018,73.029999,73.339996,72.150002,73.050003,73.050003,1319500,-,52.824200,65.467800,68.220000,69.179999,1521480.0
08/07/2018,73.599998,74.419998,72.980003,73.059998,73.059998,931800,-,52.660550,65.205400,67.850500,68.717999,1524592.0
08/06/2018,73.489998,74.260002,72.820000,73.629997,73.629997,1456100,-,52.496350,64.951600,67.468000,68.086999,1522734.0
08/03/2018,73.989998,75.639999,73.089996,73.629997,73.629997,2627400,-,52.329650,64.691800,67.025000,67.546000,1545296.0
08/02/2018,70.500000,73.870003,70.000000,73.760002,73.760002,4124000,-,52.157800,64.402600,66.592000,66.981000,1511772.0
08/01/2018,63.230000,64.870003,63.090000,64.599998,64.599998,2956600,-,51.983700,64.102800,66.120500,66.350000,1456342.0
07/31/2018,63.099998,63.740002,62.369999,62.910000,62.910000,1947200,-,51.856100,63.997200,66.070000,66.571000,1440496.0
07/30/2018,65.580002,65.739998,62.270000,62.779999,62.779999,2396000,-,51.734100,63.909400,66.121000,66.974000,1431792.0
07/27/2018,68.370003,68.550003,65.029999,65.809998,65.809998,1268600,-,51.613600,63.819600,66.103501,67.319000,1414916.0
07/26/2018,68.110001,68.830002,67.370003,68.570000,68.570000,1218100,-,51.476800,63.675600,65.935501,67.394000,1416844.0
07/25/2018,66.889999,68.669998,66.889999,68.430000,68.430000,1142400,-,51.327800,63.490000,65.597001,67.260001,1418086.0
07/24/2018,68.669998,68.790001,66.150002,66.750000,66.750000,1444700,-,51.180800,63.312400,65.319001,66.983001,1421154.0
07/23/2018,67.910004,68.309998,66.900002,68.220001,68.220001,1165700,-,51.038500,63.185000,65.087501,66.849001,1426530.0
07/20/2018,66.360001,68.349998,66.360001,67.980003,67.980003,1015100,-,50.881750,63.023800,64.873001,66.504001,1432510.0
07/19/2018,67.029999,68.050003,66.839996,67.449997,67.449997,1604400,-,50.725500,62.844600,64.711000,66.203001,1463048.0
07/18/2018,67.059998,67.199997,66.489998,66.809998,66.809998,1409200,-,50.570000,62.634400,64.592500,65.891001,1473640.0
07/17/2018,66.000000,67.220001,65.010002,66.940002,66.940002,1203600,-,50.415150,62.412000,64.468001,65.569001,1477522.0
07/16/2018,66.849998,67.019997,66.110001,66.230003,66.230003,543900,-,50.260000,62.168000,64.429500,65.268001,1523250.0
07/13/2018,67.080002,67.300003,66.230003,66.559998,66.559998,976100,-,50.117350,61.965600,64.382000,64.888001,1568354.0
07/12/2018,65.949997,67.449997,65.800003,67.230003,67.230003,797900,-,49.971850,61.753200,64.341000,64.477001,1575780.0
07/11/2018,65.029999,65.830002,64.790001,65.660004,65.660004,740000,-,49.823450,61.523400,64.214000,63.934001,1584584.0
07/10/2018,65.110001,65.839996,65.010002,65.410004,65.410004,1000200,-,49.686850,61.317400,64.136500,63.655000,1600330.0
07/09/2018,65.290001,65.970001,64.410004,64.769997,64.769997,1082100,-,49.551400,61.107800,64.028500,63.326000,1610340.0
07/06/2018,64.360001,65.120003,64.080002,64.970001,64.970001,718800,-,49.418750,60.920800,63.916500,63.242000,1621636.0
07/05/2018,64.120003,64.400002,63.299999,64.330002,64.330002,1770900,-,49.286600,60.717400,63.743000,63.219000,1656020.0
07/03/2018,64.120003,64.279999,63.369999,63.590000,63.590000,599700,-,49.157900,60.552200,63.691000,63.294000,1647582.0
07/02/2018,62.169998,63.970001,61.900002,63.930000,63.930000,939200,-,49.033250,60.415200,63.671500,63.367000,1666674.0
06/29/2018,62.820000,63.439999,62.340000,62.430000,62.430000,1869300,-,48.903850,60.279600,63.598500,63.591000,1661614.0
06/28/2018,61.560001,62.639999,61.080002,62.450001,62.450001,963700,-,48.781400,60.179200,63.577000,63.875999,1639518.0
06/27/2018,63.230000,63.590000,61.720001,61.799999,61.799999,1423300,-,48.661550,60.080000,63.513500,64.204999,1637132.0
06/26/2018,62.470001,63.290001,62.169998,62.869999,62.869999,1426400,-,48.543750,59.997400,63.482500,64.493999,1637762.0
06/25/2018,63.470001,63.549999,61.529999,62.119999,62.119999,2315200,-,48.417200,59.875200,63.335500,64.618000,1632462.0
06/22/2018,64.830002,64.830002,63.279999,63.930000,63.930000,2304200,-,48.293350,59.749600,63.248000,64.731000,1602492.0
06/21/2018,65.029999,65.459999,63.980000,64.739998,64.739998,1038300,-,48.160700,59.592800,63.083500,64.591000,1584090.0
06/20/2018,64.349998,65.550003,64.349998,65.080002,65.080002,1231500,-,48.020700,59.394600,62.805000,64.267000,1609348.0
06/19/2018,63.200001,64.750000,62.799999,64.320000,64.320000,2693800,-,47.886800,59.217600,62.489500,64.088000,1613844.0
06/18/2018,64.980003,66.320000,64.730003,66.169998,66.169998,2434000,-,47.756200,59.020600,62.239500,63.976000,1584640.0
06/15/2018,65.900002,66.000000,64.790001,65.279999,65.279999,2620500,-,47.614550,58.783800,61.857000,63.606000,1560796.0
06/14/2018,65.089996,66.269997,65.089996,65.739998,65.739998,1678600,-,47.474950,58.570000,61.507500,63.278000,1528528.0
06/13/2018,64.379997,65.169998,64.160004,64.690002,64.690002,1873000,-,47.332550,58.341400,61.151000,62.822001,1519758.0
06/12/2018,63.330002,64.150002,62.919998,64.110001,64.110001,1263400,-,47.195000,58.116200,60.881000,62.471000,1512298.0
06/11/2018,62.790001,63.349998,62.540001,63.250000,63.250000,908600,-,47.060600,57.882600,60.653000,62.053000,1506118.0
06/08/2018,61.500000,62.669998,60.860001,62.529999,62.529999,1315100,-,46.929850,57.689200,60.509500,61.765000,1514988.0
06/07/2018,63.389999,63.720001,60.830002,61.500000,61.500000,1745600,-,46.804800,57.484200,60.391000,61.576000,1528942.0
06/06/2018,63.299999,63.570000,62.750000,63.290001,63.290001,1380700,-,46.681950,57.320800,60.267000,61.343000,1520798.0
06/05/2018,62.689999,63.270000,62.029999,63.200001,63.200001,1464700,-,46.548750,57.146600,59.949500,60.891000,1512746.0
06/04/2018,62.480000,62.650002,61.560001,62.470001,62.470001,1135800,-,46.415350,56.941600,59.574000,60.503000,1507608.0
06/01/2018,61.560001,62.090000,61.520000,62.000000,62.000000,1255400,-,46.288950,56.764400,59.187500,60.108000,1503084.0
05/31/2018,61.160000,62.130001,61.000000,61.180000,61.180000,2020900,-,46.163000,56.615800,58.893000,59.737000,1508522.0
05/30/2018,60.349998,61.410000,60.340000,61.180000,61.180000,1312800,-,46.042350,56.467800,58.631000,59.480000,1482448.0
05/29/2018,60.200001,60.950001,59.810001,59.930000,59.930000,1475100,-,45.918850,56.311200,58.359000,59.291000,1483906.0
05/25/2018,60.470001,60.639999,59.930000,60.369999,60.369999,838900,-,45.799750,56.192600,58.130500,59.253000,1499902.0
05/24/2018,59.320000,60.820000,59.279999,60.639999,60.639999,2584200,-,45.681400,56.068800,57.858500,59.254000,1502368.0
05/23/2018,58.230000,59.200001,58.099998,59.169998,59.169998,951200,-,45.560800,55.946800,57.597500,59.206000,1465692.0
05/22/2018,59.410000,59.709999,58.730000,58.770000,58.770000,1352500,-,45.449100,55.848400,57.379000,59.191000,1471728.0
05/21/2018,59.250000,59.689999,58.840000,59.320000,59.320000,2164300,-,45.339450,55.766600,57.244000,59.008000,1469784.0
05/18/2018,58.320000,59.020000,58.209999,58.520000,58.520000,1512000,-,45.224850,55.669000,57.115000,58.645000,1462292.0
05/17/2018,58.490002,58.779999,57.759998,58.290001,58.290001,1552200,-,45.114100,55.580400,57.046500,58.267000,1482984.0
05/16/2018,59.439999,59.490002,58.470001,58.610001,58.610001,1365000,-,45.006650,55.464000,57.002500,58.049000,1487046.0
05/15/2018,59.230000,59.619999,58.279999,59.290001,59.290001,1280200,-,44.898150,55.328800,56.946500,57.782000,1498742.0
05/14/2018,60.380001,60.810001,59.160000,59.549999,59.549999,1295800,-,44.789050,55.156000,56.865500,57.427000,1504506.0
05/11/2018,60.180000,60.570000,59.340000,60.380001,60.380001,1713500,-,44.683400,54.974200,56.726000,57.008000,1518240.0
05/10/2018,58.910000,60.279999,58.840000,60.160000,60.160000,1464700,-,44.584400,54.756800,56.499000,56.463000,1521964.0
05/09/2018,57.049999,59.070000,57.049999,59.020000,59.020000,2542000,-,44.487150,54.563000,56.295500,55.989000,1526738.0
05/08/2018,55.380001,56.970001,55.290001,56.939999,56.939999,2134000,-,44.394800,54.381600,56.086000,55.567000,1493056.0
05/07/2018,55.200001,55.820000,54.759998,55.689999,55.689999,1603300,-,44.311950,54.249200,56.050500,55.480000,1472508.0
05/04/2018,55.770000,56.099998,53.400002,54.740002,54.740002,3490000,-,44.237050,54.132800,55.989500,55.585000,1465552.0
05/03/2018,55.560001,56.490002,54.910000,56.110001,56.110001,2799100,-,44.168850,54.022000,55.969000,55.826000,1429654.0
05/02/2018,55.919998,56.439999,55.639999,55.939999,55.939999,1347400,-,44.090650,53.882000,55.893000,55.956000,1405608.0
05/01/2018,55.009998,55.840000,54.939999,55.740002,55.740002,1238100,-,44.012100,53.744400,55.811500,56.111000,1401424.0
04/30/2018,55.180000,56.279999,54.970001,55.360001,55.360001,1527300,-,43.934000,53.608600,55.696000,56.304000,1402766.0
04/27/2018,55.669998,56.139999,54.889999,54.930000,54.930000,1500700,-,43.857550,53.487000,55.549500,56.444000,1406930.0
04/26/2018,55.169998,55.970001,54.980000,55.419998,55.419998,1646900,-,43.780400,53.356000,55.482000,56.535000,1408236.0
04/25/2018,55.790001,55.980000,54.259998,54.799999,54.799999,2438000,-,43.697700,53.210000,55.325000,56.602000,1425666.0
04/24/2018,57.500000,57.709999,55.520000,56.070000,56.070000,1349000,-,43.616200,53.043600,55.251501,56.605000,1430530.0
04/23/2018,57.570000,57.820000,56.680000,56.740002,56.740002,1554300,-,43.528300,52.853000,55.177001,56.621000,1488792.0
04/20/2018,57.279999,57.660000,56.869999,57.150002,57.150002,686200,-,43.434500,52.608200,54.987501,56.394000,1531980.0
04/19/2018,57.250000,57.549999,56.889999,57.410000,57.410000,764500,-,43.341900,52.375400,54.810501,56.112000,1569580.0
04/18/2018,57.980000,57.980000,57.380001,57.490002,57.490002,844400,-,43.240500,52.158000,54.668501,55.830000,1688378.0
04/17/2018,57.200001,57.790001,57.000000,57.669998,57.669998,1454800,-,43.140250,51.884800,54.483000,55.512000,1728570.0
04/16/2018,56.450001,57.330002,56.099998,56.759998,56.759998,1161400,-,43.040600,51.630200,54.267000,55.088000,1729606.0
04/13/2018,56.470001,56.470001,55.529999,55.840000,55.840000,816700,-,42.945450,51.412400,54.129000,54.655001,1735148.0
04/12/2018,55.410000,56.459999,55.410000,56.090000,56.090000,1384100,-,42.852250,51.216400,54.046000,54.429001,1747538.0
04/11/2018,54.680000,56.349998,54.259998,54.830002,54.830002,2301200,-,42.760950,51.009400,53.968501,54.048001,1746390.0
04/10/2018,55.169998,56.529999,54.700001,56.230000,56.230000,1456300,-,42.678250,50.832000,53.939500,53.898001,1733714.0
04/09/2018,54.290001,55.459999,54.250000,54.470001,54.470001,1233600,-,42.586050,50.624600,53.862000,53.733001,1729342.0
04/06/2018,54.230000,54.970001,54.009998,54.330002,54.330002,1241800,-,42.502350,50.443400,53.860500,53.581001,1719802.0
04/05/2018,54.349998,55.240002,54.189999,54.590000,54.590000,1007100,-,42.418050,50.261800,53.848500,53.509001,1720622.0
04/04/2018,52.419998,54.480000,52.240002,54.310001,54.310001,1240100,-,42.335100,50.085000,53.742500,53.507001,1754512.0
04/03/2018,52.730000,53.689999,52.730000,53.430000,53.430000,1500000,-,42.252700,49.915800,53.619500,53.454000,1756716.0
04/02/2018,53.110001,53.529999,52.029999,52.430000,52.430000,954400,-,42.173750,49.767400,53.480500,53.446000,1773090.0
03/29/2018,52.750000,53.770000,52.450001,53.580002,53.580002,1352100,-,42.100850,49.633000,53.382000,53.603000,1792842.0
03/28/2018,53.330002,53.599998,51.970001,52.279999,52.279999,2012800,-,42.022650,49.463200,53.178500,53.663000,1787972.0
03/27/2018,55.119999,55.340000,52.970001,53.330002,53.330002,1338400,-,41.948400,49.304400,53.088000,53.889000,1777200.0
03/26/2018,53.860001,54.599998,53.450001,54.580002,54.580002,978100,-,41.868350,49.136600,52.919000,53.981000,1779672.0
03/23/2018,53.580002,53.860001,52.919998,52.950001,52.950001,1207800,-,41.793050,48.930200,52.706000,53.991000,1785530.0
03/22/2018,53.959999,54.639999,53.500000,53.610001,53.610001,909600,-,41.724300,48.753200,52.552000,54.140000,1784952.0
03/21/2018,54.130001,55.180000,53.810001,54.570000,54.570000,1527300,-,41.651700,48.567400,52.331500,54.188000,1794386.0
03/20/2018,53.220001,54.139999,52.820000,53.779999,53.779999,717200,-,41.575700,48.376000,52.058500,53.978000,1787660.0
03/19/2018,52.680000,53.470001,52.220001,53.349998,53.349998,1385700,-,41.502050,48.182400,51.822500,53.785000,1801924.0
03/16/2018,54.090000,54.730000,54.000000,54.000000,54.000000,2274900,-,41.431350,47.995400,51.602500,53.515000,1824828.0
03/15/2018,54.619999,54.970001,54.040001,54.180000,54.180000,962200,-,41.358050,47.816000,51.366500,53.161000,1809620.0
03/14/2018,54.230000,54.630001,53.900002,54.540001,54.540001,750400,-,41.282900,47.619400,51.076500,52.694000,1816150.0
03/13/2018,54.689999,54.950001,54.000000,54.250000,54.250000,1253000,-,41.207650,47.402400,50.755500,52.287000,1819034.0
03/12/2018,54.439999,54.820000,54.139999,54.680000,54.680000,1255300,-,41.134650,47.197600,50.367000,51.857000,1821820.0
03/09/2018,54.470001,54.680000,53.959999,54.439999,54.439999,1789700,-,41.060250,46.985200,49.960000,51.421000,1808108.0
03/08/2018,52.849998,54.130001,52.630001,54.090000,54.090000,2546600,-,40.988400,46.779600,49.463000,50.964000,1798278.0
03/07/2018,51.330002,52.549999,51.209999,52.470001,52.470001,1755300,-,40.920400,46.576200,49.034000,50.475000,1776106.0
03/06/2018,50.889999,51.930000,50.470001,51.849998,51.849998,1949800,-,40.858250,46.406600,48.737500,50.139000,1772190.0
03/05/2018,50.230000,51.230000,49.880001,50.650002,50.650002,1568400,-,40.797350,46.267000,48.336500,49.860000,1768004.0
03/02/2018,49.389999,50.560001,49.250000,50.459999,50.459999,1982500,-,40.741850,46.155800,48.051000,49.690000,1780756.0
03/01/2018,50.720001,50.919998,49.270000,49.509998,49.509998,1899700,-,40.694400,46.032000,47.821500,49.572000,1778180.0
02/28/2018,49.820000,51.000000,49.580002,50.470001,50.470001,1703400,-,40.649100,45.914600,47.648000,49.459000,1797492.0
02/27/2018,50.419998,50.869999,49.950001,49.950001,49.950001,857900,-,40.592350,45.759400,47.411500,49.224000,1793324.0
02/26/2018,49.990002,50.389999,49.790001,50.320000,50.320000,1106600,-,40.537750,45.613400,47.212000,48.877000,1800898.0
02/23/2018,49.650002,49.939999,49.080002,49.869999,49.869999,1255500,-,40.482400,45.450600,46.989000,48.499000,1805424.0
02/22/2018,49.250000,49.830002,49.020000,49.200001,49.200001,1695100,-,40.428350,45.297600,46.766000,47.962000,1804366.0
02/21/2018,49.400002,49.970001,49.110001,49.110001,49.110001,1596800,-,40.381250,45.152600,46.568500,47.593000,1789782.0
02/20/2018,48.430000,49.619999,48.419998,49.060001,49.060001,1138200,-,40.336100,44.998800,46.400500,47.336000,1788300.0
02/16/2018,49.029999,49.580002,48.939999,48.950001,48.950001,1305200,-,40.288000,44.843400,46.240000,46.813000,1790722.0
02/15/2018,48.500000,49.560001,48.200001,49.279999,49.279999,1735500,-,40.239350,44.686400,46.093000,46.412000,1795812.0
02/14/2018,47.930000,48.509998,47.680000,48.380001,48.380001,1566000,-,40.189850,44.531600,45.914500,46.071000,1787964.0
02/13/2018,46.430000,48.160000,46.299999,48.119999,48.119999,2518400,-,40.143700,44.407800,45.750000,45.837000,1780386.0
02/12/2018,46.869999,47.200001,46.389999,46.480000,46.480000,2681200,-,40.098100,44.286600,45.561000,45.599000,1757304.0
02/09/2018,45.230000,46.869999,44.540001,46.540001,46.540001,4262100,-,40.067800,44.185800,45.484000,45.547000,1726398.0
02/08/2018,45.500000,45.849998,44.470001,44.500000,44.500000,3713700,-,40.034600,44.098200,45.370000,45.479000,1663234.0
02/07/2018,46.680000,46.799999,45.500000,45.509998,45.509998,2566200,-,40.013450,44.044800,45.350000,45.570000,1645812.0
02/06/2018,45.270000,47.000000,44.599998,46.540001,46.540001,6704400,-,39.985450,43.972800,45.290500,45.544000,1605784.0
02/05/2018,44.270000,45.700001,43.669998,43.830002,43.830002,2854000,-,39.950400,43.877400,45.213500,45.465000,1504520.0
02/02/2018,45.709999,45.730000,44.840000,44.939999,44.939999,1506600,-,39.923800,43.827200,45.226999,45.667000,1485412.0
02/01/2018,45.750000,46.270000,45.470001,45.869999,45.869999,1438500,-,39.891250,43.743800,45.180000,45.774000,1482578.0
01/31/2018,45.389999,46.400002,45.360001,46.040001,46.040001,1436200,-,39.854500,43.632600,45.138000,45.758000,1479884.0
01/30/2018,45.650002,46.000000,45.630001,45.740002,45.740002,1326700,-,39.814650,43.517000,45.053499,45.663000,1493848.0
01/29/2018,45.759998,46.240002,45.689999,45.959999,45.959999,1667400,-,39.772550,43.400200,44.950999,45.523000,1495920.0
01/26/2018,45.110001,46.040001,45.090000,45.860001,45.860001,1237700,-,39.730100,43.281400,44.853499,45.421000,1491354.0
01/25/2018,45.549999,45.810001,45.119999,45.410000,45.410000,756600,-,39.688900,43.171200,44.763499,45.260999,1502112.0
01/24/2018,45.950001,46.230000,45.049999,45.250000,45.250000,1282800,-,39.647950,43.061800,44.700999,45.129999,1519028.0
01/23/2018,44.290001,45.910000,43.549999,45.750000,45.750000,2701600,-,39.608800,42.946600,44.634499,45.036999,1525028.0
01/22/2018,45.799999,45.910000,45.209999,45.849998,45.849998,1350300,-,39.566200,42.829800,44.546499,44.961999,1510690.0
01/19/2018,45.900002,46.430000,45.650002,46.009998,46.009998,2318700,-,39.524150,42.694600,44.497499,44.786999,1512284.0
01/18/2018,44.880001,45.900002,44.849998,45.709999,45.709999,1942000,-,39.482350,42.559400,44.451499,44.585999,1496776.0
01/17/2018,44.770000,45.270000,44.639999,45.090000,45.090000,1108600,-,39.445100,42.425400,44.379499,44.517999,1481968.0
01/16/2018,45.029999,45.790001,44.150002,44.340000,44.340000,1474200,-,39.411400,42.295800,44.306999,44.443999,1492188.0
01/12/2018,44.439999,45.130001,44.299999,44.939999,44.939999,1462000,-,39.378950,42.184400,44.225499,44.378999,1509794.0
01/11/2018,44.090000,44.610001,43.900002,44.259998,44.259998,1271000,-,39.345800,42.073800,44.110999,44.285999,1509414.0
01/10/2018,44.060001,44.220001,43.480000,44.099998,44.099998,1178900,-,39.307300,41.978600,44.007000,44.265999,1526112.0
01/09/2018,44.689999,44.840000,43.970001,44.320000,44.320000,1381300,-,39.268500,41.871400,43.913000,44.271999,1605218.0
01/08/2018,44.290001,45.040001,44.009998,45.000000,45.000000,1191000,-,39.228400,41.787000,43.794500,44.231999,1608210.0
01/05/2018,44.320000,44.540001,43.919998,44.099998,44.099998,1430400,-,39.185300,41.681000,43.615500,44.130999,1602440.0
01/04/2018,45.110001,45.230000,43.959999,44.000000,44.000000,2530900,-,39.147250,41.599000,43.475000,44.207999,1596958.0
01/03/2018,44.299999,45.139999,44.169998,45.029999,45.029999,1514500,-,39.107800,41.522400,43.330000,44.316999,1564904.0
01/02/2018,43.759998,44.459999,43.560001,44.349998,44.349998,1288700,-,39.067550,41.428200,43.155500,44.241000,1557552.0
12/29/2017,44.110001,44.189999,43.689999,43.689999,43.689999,894600,-,39.031450,41.345600,43.047500,44.170000,1557284.0
12/28/2017,44.090000,44.119999,43.830002,44.009998,44.009998,1392300,-,38.999450,41.277600,42.966000,44.072000,1587000.0
12/27/2017,44.200001,44.290001,43.919998,44.060001,44.060001,569700,-,38.963750,41.182600,42.837500,43.936000,1581580.0
12/26/2017,43.610001,44.310001,43.610001,44.160000,44.160000,1298200,-,38.926750,41.080200,42.742500,43.748000,1586940.0
12/22/2017,44.049999,44.240002,43.610001,43.919998,43.919998,1438000,-,38.890600,40.978600,42.626000,43.554000,1579714.0
12/21/2017,45.000000,45.000000,43.910000,43.990002,43.990002,1559500,-,38.855800,40.870400,42.525500,43.357000,1571970.0
12/20/2017,45.500000,45.500000,43.700001,44.869999,44.869999,1740500,-,38.819200,40.764200,42.414500,43.100000,1553288.0
12/19/2017,44.250000,45.639999,44.090000,45.090000,45.090000,2206000,-,38.781050,40.635800,42.237000,42.742000,1535796.0
12/18/2017,43.889999,44.700001,43.689999,44.270000,44.270000,1853700,-,38.737750,40.509400,42.021000,42.343000,1516394.0
12/15/2017,42.840000,43.799999,42.840000,43.639999,43.639999,2865300,-,38.698100,40.404600,41.823000,42.070000,1516406.0
12/14/2017,42.799999,43.049999,42.560001,42.709999,42.709999,1495000,-,38.661300,40.297600,41.654000,41.925000,1513064.0
12/13/2017,42.340000,43.080002,42.209999,42.650002,42.650002,1236600,-,38.631450,40.180800,41.513500,41.860000,1502656.0
12/12/2017,41.529999,42.590000,41.459999,42.180000,42.180000,1332900,-,38.604750,40.062400,41.382000,41.739000,1508302.0
12/11/2017,41.939999,42.380001,41.799999,42.220001,42.220001,1202600,-,38.580600,39.945800,41.290500,41.737000,1525822.0
12/08/2017,41.619999,42.029999,41.570000,41.950001,41.950001,965900,-,38.556700,39.818200,41.176500,41.698000,1567902.0
12/07/2017,41.380001,41.639999,41.040001,41.419998,41.419998,1522700,-,38.532700,39.697400,41.053500,41.694000,1612536.0
12/06/2017,40.950001,41.419998,40.500000,41.290001,41.290001,1259300,-,38.511750,39.623000,40.978000,41.729000,1634038.0
12/05/2017,41.259998,41.970001,41.070000,41.099998,41.099998,1559700,-,38.491500,39.546400,40.868000,41.732000,1627706.0
12/04/2017,42.419998,42.490002,41.509998,41.540001,41.540001,1343100,-,38.472900,39.475400,40.775500,41.699000,1613544.0
12/01/2017,41.980000,42.279999,41.200001,42.189999,42.189999,1187100,-,38.452500,39.411400,40.649000,41.576000,1598920.0
11/30/2017,41.770000,42.180000,41.330002,42.060001,42.060001,1364300,-,38.427750,39.334000,40.470000,41.383000,1591120.0
11/29/2017,42.110001,42.169998,41.020000,41.439999,41.439999,1135900,-,38.407200,39.257600,40.305500,41.167000,1577984.0
11/28/2017,42.080002,42.310001,41.630001,42.160000,42.160000,1103900,-,38.388850,39.199600,40.204000,41.025000,1569630.0
11/27/2017,41.910000,42.240002,41.779999,41.830002,41.830002,2842600,-,38.367050,39.128200,40.071000,40.844000,1573140.0
11/24/2017,41.840000,42.080002,41.650002,41.910000,41.910000,564800,-,38.346300,39.064800,39.916500,40.655000,1553944.0
11/22/2017,41.500000,42.000000,41.330002,41.770000,41.770000,1641200,-,38.326700,38.987600,39.826000,40.413000,1559428.0
11/21/2017,41.000000,41.520000,40.840000,41.320000,41.320000,1898600,-,38.304950,38.911000,39.722500,40.227000,1548080.0
11/20/2017,40.410000,40.990002,40.209999,40.770000,40.770000,1364900,-,38.287150,38.854200,39.656500,40.004000,1525492.0
11/17/2017,40.259998,40.509998,39.980000,40.310001,40.310001,1303800,-,38.272450,38.803600,39.626500,39.852000,1521442.0
11/16/2017,40.099998,40.730000,39.919998,40.259998,40.259998,2134400,-,38.259500,38.748600,39.627000,39.722000,1518798.0
11/15/2017,39.630001,40.240002,39.400002,39.900002,39.900002,1430300,-,38.224100,38.690400,39.625000,39.557000,1491760.0
11/14/2017,39.950001,40.410000,39.430000,40.020000,40.020000,1439100,-,38.190100,38.640400,39.644500,39.444000,1486936.0
11/13/2017,39.840000,40.380001,39.680000,40.349998,40.349998,1775600,-,38.156300,38.574800,39.606500,39.383000,1494290.0
11/10/2017,39.490002,40.090000,39.220001,39.939999,39.939999,1602400,-,38.118600,38.533800,39.536000,39.298000,1473108.0
11/09/2017,39.669998,40.040001,39.130001,39.490002,39.490002,1582800,-,38.082800,38.499000,39.493000,39.178000,1467592.0
11/08/2017,39.139999,40.099998,39.000000,39.910000,39.910000,1984700,-,38.048200,38.466000,39.444000,39.239000,1447092.0
11/07/2017,39.450001,39.529999,38.840000,39.090000,39.090000,1430000,-,38.012700,38.415000,39.382500,39.218000,1417990.0
11/06/2017,38.889999,39.290001,38.619999,39.250000,39.250000,1543300,-,37.980550,38.378400,39.350500,39.309000,1410914.0
11/03/2017,38.509998,39.080002,38.500000,39.009998,39.009998,1201600,-,37.945250,38.337000,39.326500,39.401000,1397866.0
11/02/2017,38.459999,39.029999,38.119999,38.610001,38.610001,1619600,-,37.911800,38.301400,39.327500,39.532000,1388738.0
11/01/2017,39.419998,39.459999,38.320000,38.770000,38.770000,2354500,-,37.880500,38.271200,39.311500,39.693000,1368158.0
10/31/2017,39.639999,39.889999,39.299999,39.410000,39.410000,1443000,-,37.845900,38.246200,39.216500,39.845000,1337530.0
10/30/2017,38.720001,39.700001,38.630001,39.500000,39.500000,2105900,-,37.807350,38.196600,39.082500,39.830000,1322242.0
10/27/2017,37.270000,40.349998,37.150002,38.740002,38.740002,5134200,-,37.771300,38.139600,38.925000,39.774000,1294336.0
10/26/2017,39.779999,40.270000,39.509998,40.099998,40.099998,1530900,-,37.736850,38.095200,38.780000,39.808000,1204056.0
10/25/2017,40.000000,40.270000,39.480000,39.700001,39.700001,902500,-,37.696950,38.037000,38.570500,39.649000,1188202.0
10/24/2017,40.160000,40.389999,39.849998,40.000000,40.000000,1156300,-,37.658250,37.979200,38.470500,39.547000,1182086.0
10/23/2017,40.299999,40.480000,39.970001,40.169998,40.169998,928200,-,37.614800,37.920200,38.343500,39.392000,1173098.0
10/20/2017,40.340000,40.560001,40.099998,40.320000,40.320000,1146900,-,37.569000,37.846400,38.212500,39.252000,1178486.0
10/19/2017,40.040001,40.220001,39.410000,40.220001,40.220001,1275300,-,37.521550,37.762200,38.113500,39.123000,1188606.0
10/18/2017,39.990002,40.400002,39.299999,40.290001,40.290001,2380400,-,37.472550,37.691800,38.018500,38.930000,1190706.0
10/17/2017,39.099998,39.660000,38.990002,39.259998,39.259998,1121300,-,37.421700,37.616400,37.916000,38.588000,1166268.0
10/16/2017,39.119999,39.250000,38.549999,38.939999,38.939999,837700,-,37.376000,37.567800,37.880000,38.335000,1184594.0
10/13/2017,38.750000,39.240002,38.650002,39.080002,39.080002,936900,-,37.332800,37.525800,37.862500,38.076000,1231972.0
10/12/2017,38.570000,38.759998,38.470001,38.509998,38.509998,1050800,-,37.289150,37.472200,37.841500,37.752000,1241522.0
10/11/2017,38.419998,38.919998,38.330002,38.680000,38.680000,625400,-,37.247000,37.429400,37.818500,37.492000,1256238.0
10/10/2017,38.820000,38.930000,38.389999,38.450001,38.450001,865900,-,37.199450,37.391800,37.781500,37.394000,1275540.0
10/09/2017,38.990002,39.200001,38.619999,38.770000,38.770000,1235900,-,37.150250,37.361000,37.783000,37.295000,1304438.0
10/06/2017,38.180000,39.150002,38.119999,39.029999,39.029999,1854300,-,37.104150,37.335000,37.756500,37.173000,1325844.0
10/05/2017,36.939999,38.330002,36.849998,38.290001,38.290001,2698200,-,37.057400,37.322800,37.683000,37.104000,1414264.0
10/04/2017,36.750000,36.970001,36.580002,36.869999,36.869999,974600,-,37.014900,37.368600,37.636000,37.107000,1399102.0
10/03/2017,36.490002,36.970001,36.430000,36.730000,36.730000,1518900,-,36.979400,37.445400,37.662500,37.244000,1416240.0
10/02/2017,35.910000,36.939999,35.910000,36.349998,36.349998,2208900,-,36.945550,37.521800,37.663000,37.425000,1401518.0
09/29/2017,35.860001,36.200001,35.439999,35.840000,35.840000,3306600,-,36.912400,37.602200,37.760500,37.649000,1370154.0
09/28/2017,37.590000,37.590000,35.900002,35.910000,35.910000,3197600,-,36.885950,37.699600,37.878500,37.931000,1338912.0
09/27/2017,37.599998,37.990002,37.580002,37.700001,37.700001,2597800,-,36.856250,37.803400,37.975000,38.145000,1306288.0
09/26/2017,37.740002,37.939999,37.189999,37.459999,37.459999,942700,-,36.821200,37.858800,37.958000,38.169000,1272300.0
09/25/2017,38.299999,38.369999,37.389999,37.549999,37.549999,851600,-,36.786700,37.914200,37.948000,38.271000,1293790.0
09/22/2017,38.160000,38.660000,38.150002,38.340000,38.340000,611900,-,36.752750,37.965600,37.929500,38.340000,1315920.0
09/21/2017,38.270000,39.509998,38.029999,38.320000,38.320000,797100,-,36.710700,38.000200,37.874000,38.262000,1338988.0
09/20/2017,38.509998,38.639999,37.849998,38.240002,38.240002,707500,-,36.670200,38.023800,37.813000,38.165000,1361346.0
09/19/2017,38.860001,38.880001,38.490002,38.540001,38.540001,718200,-,36.626850,38.036600,37.777000,38.081000,1381000.0
09/18/2017,38.799999,39.070000,38.590000,38.590000,38.590000,1279400,-,36.579400,38.035800,37.696500,37.901000,1388338.0
09/15/2017,37.970001,38.660000,37.970001,38.660000,38.660000,1882800,-,36.536950,38.033800,37.599500,37.872000,1388484.0
09/14/2017,37.810001,38.119999,37.389999,38.049999,38.049999,839000,-,36.494850,38.020200,37.492500,37.826000,1382622.0
09/13/2017,38.299999,38.470001,37.930000,37.939999,37.939999,1073800,-,36.455800,38.031800,37.449500,37.805000,1415118.0
09/12/2017,38.389999,38.520000,37.900002,38.480000,38.480000,769200,-,36.418950,38.015600,37.393000,37.747001,1403652.0
09/11/2017,37.830002,38.540001,37.830002,38.240002,38.240002,1162400,-,36.380750,37.994800,37.321500,37.625000,1413856.0
09/08/2017,37.590000,38.450001,37.520000,37.560001,37.560001,1171600,-,36.345300,37.984800,37.233500,37.519000,1423964.0
09/07/2017,37.500000,37.700001,37.099998,37.349998,37.349998,782500,-,36.310850,37.988200,37.161000,37.486000,1424422.0
09/06/2017,36.849998,37.419998,36.630001,37.400002,37.400002,1189100,-,36.278900,37.985200,37.128500,37.461000,1428236.0
09/05/2017,37.900002,38.330002,36.660000,36.740002,36.740002,1806800,-,36.250100,37.993800,37.084500,37.473000,1424634.0
09/01/2017,38.410000,38.610001,38.060001,38.299999,38.299999,716500,-,36.229100,38.024800,37.089000,37.492000,1412566.0
08/31/2017,37.950001,38.419998,37.910000,38.200001,38.200001,1326600,-,36.198400,38.014600,37.016000,37.327000,1413328.0
08/30/2017,37.389999,37.900002,37.349998,37.840000,37.840000,557800,-,36.165600,38.005200,36.926000,37.159000,1406044.0
08/29/2017,37.000000,37.490002,36.950001,37.360001,37.360001,529600,-,36.135700,37.997800,36.852500,37.094000,1416514.0
08/28/2017,37.209999,37.320000,37.040001,37.259998,37.259998,1076200,-,36.105850,38.010600,36.824500,37.039000,1428914.0
08/25/2017,37.480000,37.650002,37.080002,37.180000,37.180000,890900,-,36.078300,38.022000,36.807000,37.018000,1441766.0
08/24/2017,37.169998,37.520000,37.110001,37.230000,37.230000,745200,-,36.049050,38.031200,36.821500,36.948000,1440486.0
08/23/2017,37.259998,37.439999,37.020000,37.099998,37.099998,590600,-,36.020150,38.043600,36.881000,36.836000,1457264.0
08/22/2017,37.029999,37.669998,37.020000,37.520000,37.520000,823100,-,35.989050,38.060400,37.055000,36.796000,1465174.0
08/21/2017,36.599998,36.959999,36.450001,36.930000,36.930000,678600,-,35.955450,38.058600,37.214500,36.696000,1520086.0
08/18/2017,36.570000,36.930000,36.410000,36.650002,36.650002,710600,-,35.926300,38.066400,37.395500,36.686000,1579460.0
08/17/2017,37.049999,37.369999,36.500000,36.520000,36.520000,620200,-,35.901850,38.123800,37.581500,36.705000,1609860.0
08/16/2017,36.810001,37.290001,36.779999,37.189999,37.189999,738200,-,35.879550,38.177400,37.791000,36.693000,1658644.0
08/15/2017,37.200001,37.200001,36.700001,36.810001,36.810001,596700,-,35.852500,38.215400,37.986500,36.611000,1693876.0
08/14/2017,36.790001,37.200001,36.759998,37.049999,37.049999,706900,-,35.818000,38.266600,38.169500,36.610000,1712174.0
08/11/2017,35.919998,36.570000,35.900002,36.480000,36.480000,1197600,-,35.783650,38.306600,38.328500,36.596000,1743586.0
08/10/2017,36.419998,36.750000,36.020000,36.110001,36.110001,1652900,-,35.754600,38.361200,38.510500,36.695000,1778316.0
08/09/2017,36.250000,36.720001,36.169998,36.700001,36.700001,1380300,-,35.730250,38.425800,38.708500,36.926000,1782518.0
08/08/2017,36.669998,36.880001,36.430000,36.520000,36.520000,1158500,-,35.705750,38.474800,38.848500,37.314000,1796206.0
08/07/2017,36.820000,37.080002,36.430000,36.830002,36.830002,2037600,-,35.679800,38.534200,38.966500,37.733000,1790338.0
08/04/2017,36.380001,37.000000,36.230000,36.840000,36.840000,3206600,-,35.651200,38.590600,39.050000,38.105000,1770248.0
08/03/2017,36.369999,36.619999,36.029999,36.400002,36.400002,1414400,-,35.621950,38.649800,39.132500,38.458000,1722354.0
08/02/2017,37.000000,37.110001,35.869999,36.369999,36.369999,1786600,-,35.594750,38.723200,39.211500,38.889000,1713242.0
08/01/2017,37.139999,37.150002,36.709999,36.799999,36.799999,1590500,-,35.567950,38.805600,39.324500,39.362000,1708580.0
07/31/2017,37.599998,37.750000,36.799999,36.910000,36.910000,2310800,-,35.539900,38.870400,39.341000,39.729000,1699958.0
07/28/2017,38.279999,38.570000,37.400002,37.470001,37.470001,2306200,-,35.508650,38.925600,39.367500,40.061000,1682164.0
07/27/2017,39.549999,40.799999,38.180000,38.419998,38.419998,6275300,-,35.491750,38.967200,39.381000,40.325999,1664366.0
07/26/2017,40.759998,40.889999,40.240002,40.580002,40.580002,1940100,-,35.474600,39.018200,39.346500,40.491000,1572942.0
07/25/2017,40.619999,40.950001,40.450001,40.709999,40.709999,1831500,-,35.446650,39.015600,39.177500,40.382999,1604916.0
07/24/2017,40.450001,40.709999,40.209999,40.549999,40.549999,782800,-,35.421550,38.983800,39.033500,40.200000,1595264.0
07/21/2017,40.650002,40.740002,40.340000,40.369999,40.369999,640700,-,35.401800,38.953400,38.920500,39.995000,1601190.0
07/20/2017,40.500000,40.830002,40.040001,40.709999,40.709999,1744500,-,35.384000,38.931000,38.791500,39.807000,1607370.0
07/19/2017,40.619999,41.560001,40.500000,41.099998,41.099998,1566400,-,35.365150,38.898000,38.642500,39.534000,1606762.0
07/18/2017,40.090000,40.549999,40.020000,40.470001,40.470001,898400,-,35.344300,38.871600,38.461000,39.287000,1593666.0
07/17/2017,40.189999,40.490002,39.810001,40.230000,40.230000,2017200,-,35.321600,38.863800,38.337500,38.953000,1607072.0
07/14/2017,38.990002,40.200001,38.650002,40.119999,40.119999,1958100,-,35.301950,38.848000,38.217500,38.674000,1592328.0
07/13/2017,39.599998,40.099998,39.279999,40.070000,40.070000,1765300,-,35.281800,38.830000,38.093501,38.436000,1585098.0
07/12/2017,39.110001,39.939999,39.060001,39.500000,39.500000,1915000,-,35.262100,38.816200,37.982500,38.202000,1586828.0
07/11/2017,38.509998,38.900002,38.299999,38.880001,38.880001,1690200,-,35.246250,38.809200,37.904500,37.972001,1592340.0
07/10/2017,38.529999,38.680000,38.119999,38.500000,38.500000,1085100,-,35.233800,38.811600,37.832000,37.867001,1650296.0
07/07/2017,38.270000,38.900002,37.500000,38.490002,38.490002,1286700,-,35.221050,38.850000,37.773000,37.846001,1689712.0
07/06/2017,38.320000,38.439999,37.820000,37.980000,37.980000,1589700,-,35.205700,38.878200,37.824500,37.776001,1695100.0
07/05/2017,37.700001,39.200001,37.630001,38.630001,38.630001,2463800,-,35.194600,38.924000,37.885500,37.751001,1695126.0
07/03/2017,37.669998,38.029999,37.029999,37.130001,37.130001,500500,-,35.179050,38.949600,37.908500,37.635001,1704446.0
06/30/2017,37.770000,38.029999,37.419998,37.439999,37.439999,1279400,-,35.171750,38.997600,38.020500,37.722001,1759046.0
06/29/2017,37.810001,38.200001,37.080002,37.740002,37.740002,1667800,-,35.161100,39.019000,38.101000,37.761001,1750742.0
06/28/2017,37.490002,38.040001,37.209999,37.730000,37.730000,1194500,-,35.149600,39.032800,38.174500,37.751001,1740106.0
06/27/2017,37.630001,38.060001,37.139999,37.200001,37.200001,973200,-,35.140550,39.048600,38.255000,37.763000,1745542.0
06/26/2017,38.290001,38.500000,37.570000,37.830002,37.830002,1009000,-,35.133350,39.066000,38.352500,37.837000,1759514.0
06/23/2017,37.849998,38.369999,37.599998,38.290001,38.290001,1203400,-,35.126150,39.055800,38.435500,37.797000,1759246.0
06/22/2017,37.810001,38.020000,37.590000,37.790001,37.790001,754600,-,35.119700,39.039400,38.503500,37.700000,1751536.0
06/21/2017,37.599998,38.130001,37.599998,37.730000,37.730000,962400,-,35.114700,39.036000,38.604000,37.873000,1764452.0
06/20/2017,38.020000,38.200001,37.450001,37.470001,37.470001,1081300,-,35.110200,39.025800,38.721000,38.020000,1792470.0
06/19/2017,38.040001,38.259998,37.889999,38.000000,38.000000,1149600,-,35.106050,39.024800,38.872000,38.182000,1789488.0
06/16/2017,37.599998,37.849998,37.410000,37.830002,37.830002,1718800,-,35.096750,39.009400,38.974000,38.319000,1800438.0
06/15/2017,37.419998,37.759998,37.330002,37.639999,37.639999,826900,-,35.089350,39.001600,39.066000,38.441000,1791878.0
06/14/2017,38.110001,38.369999,37.470001,37.849998,37.849998,1584100,-,35.079500,39.001800,39.161500,38.598000,1799730.0
06/13/2017,37.660000,38.009998,37.430000,37.939999,37.939999,986100,-,35.068750,39.010000,39.317500,38.747000,1804044.0
06/12/2017,36.880001,37.480000,35.770000,37.430000,37.430000,3568700,-,35.056950,39.018200,39.443000,38.868000,1810288.0
06/09/2017,39.610001,39.680000,36.799999,37.320000,37.320000,3647300,-,35.046850,39.026600,39.527500,39.074000,1767866.0
06/08/2017,39.080002,39.590000,38.529999,39.520000,39.520000,2230600,-,35.039100,39.046400,39.613000,39.307000,1754468.0
06/07/2017,39.000000,39.220001,38.549999,39.200001,39.200001,3059400,-,35.016150,38.987200,39.599500,39.335000,1724362.0
06/06/2017,39.150002,39.439999,38.910000,39.090000,39.090000,2499800,-,34.994650,38.930000,39.592500,39.422000,1689446.0
06/05/2017,38.900002,39.599998,38.880001,39.369999,39.369999,1511600,-,34.974550,38.874200,39.627000,39.562000,1657864.0
06/02/2017,39.549999,39.630001,38.939999,39.049999,39.049999,2277500,-,34.950000,38.814400,39.662500,39.629000,1647164.0
06/01/2017,39.810001,39.869999,38.980000,39.209999,39.209999,2934100,-,34.929050,38.763200,39.682000,39.691000,1621944.0
05/31/2017,39.220001,39.400002,38.849998,39.340000,39.340000,1863000,-,34.897500,38.701200,39.682500,39.725000,1590560.0
05/30/2017,39.369999,39.470001,38.990002,39.150002,39.150002,2064700,-,34.863950,38.654000,39.684500,39.888000,1570928.0
05/26/2017,39.619999,39.669998,39.320000,39.490002,39.490002,865100,-,34.832450,38.613600,39.684500,40.018000,1591414.0
05/25/2017,39.939999,40.119999,39.470001,39.650002,39.650002,1033100,-,34.799600,38.569600,39.660000,39.981000,1596540.0
05/24/2017,40.230000,40.439999,39.720001,39.799999,39.799999,811900,-,34.767300,38.514000,39.698500,39.919000,1594056.0
05/23/2017,40.590000,40.680000,39.990002,40.070000,40.070000,958800,-,34.735100,38.451200,39.703500,39.864000,1596160.0
05/22/2017,40.029999,40.570000,39.900002,40.490002,40.490002,1553500,-,34.702050,38.388400,39.713500,39.763000,1596112.0
05/19/2017,39.880001,40.380001,39.790001,40.040001,40.040001,1159400,-,34.668650,38.317800,39.684500,39.692000,1587912.0
05/18/2017,39.340000,39.770000,38.869999,39.669998,39.669998,1421100,-,34.639300,38.250400,39.659000,39.696000,1595676.0
05/17/2017,40.730000,40.750000,39.529999,39.549999,39.549999,1416300,-,34.611000,38.201800,39.601000,39.673000,1635328.0
05/16/2017,40.810001,40.990002,40.459999,40.970001,40.970001,1704100,-,34.587500,38.139400,39.545000,39.640000,1643192.0
05/15/2017,40.099998,41.330002,40.099998,40.450001,40.450001,3538800,-,34.556100,38.046800,39.422500,39.481000,1646832.0
05/12/2017,39.029999,39.200001,38.540001,39.119999,39.119999,1348900,-,34.539700,37.963400,39.303500,39.351000,1622866.0
05/11/2017,39.160000,39.290001,38.599998,39.029999,39.029999,1079100,-,34.527350,37.915800,39.213500,39.339000,1634526.0
05/10/2017,39.000000,39.419998,38.970001,39.250000,39.250000,949700,-,34.514650,37.881400,39.135500,39.478000,1676756.0
05/09/2017,40.340000,40.709999,39.000000,39.060001,39.060001,1714100,-,34.501250,37.843400,39.054000,39.543000,1711334.0
05/08/2017,40.110001,40.200001,39.650002,39.779999,39.779999,911600,-,34.484750,37.811000,38.962000,39.664000,1715936.0
05/05/2017,39.540001,40.240002,39.459999,40.080002,40.080002,1568700,-,34.459400,37.758400,38.844000,39.677000,1717774.0
05/04/2017,39.290001,39.619999,39.080002,39.439999,39.439999,1280000,-,34.433600,37.701400,38.701500,39.622000,1718810.0
05/03/2017,39.480000,39.779999,39.009998,39.220001,39.220001,1596600,-,34.405850,37.657400,38.601500,39.529000,1715086.0
05/02/2017,39.360001,39.689999,39.139999,39.380001,39.380001,1851800,-,34.380400,37.620600,38.523000,39.450000,1708520.0
05/01/2017,39.299999,39.340000,38.630001,39.150002,39.150002,2190600,-,34.354100,37.582200,38.467000,39.364000,1696482.0
04/28/2017,39.070000,39.970001,38.630001,39.000000,39.000000,4588000,-,34.328300,37.544000,38.427000,39.256000,1683908.0
04/27/2017,40.160000,40.610001,39.830002,40.419998,40.419998,3055900,-,34.302400,37.523000,38.369500,39.088000,1615516.0
04/26/2017,40.200001,40.299999,39.880001,39.900002,39.900002,1556100,-,34.269650,37.470000,38.264000,38.793000,1611628.0
04/25/2017,40.180000,40.639999,40.009998,40.270000,40.270000,1591000,-,34.238200,37.428000,38.097000,38.565000,1607580.0
04/24/2017,40.200001,40.360001,39.549999,39.910000,39.910000,2929800,-,34.204150,37.376200,37.900500,38.260000,1606190.0
04/21/2017,39.150002,39.639999,38.799999,39.529999,39.529999,3230500,-,34.165100,37.337800,37.720000,38.011000,1578618.0
04/20/2017,38.520000,38.549999,37.980000,38.509998,38.509998,864200,-,34.125850,37.295600,37.562500,37.781000,1566498.0
04/19/2017,38.630001,38.860001,38.349998,38.430000,38.430000,1136000,-,34.091150,37.280600,37.461500,37.674000,1587896.0
04/18/2017,38.049999,38.560001,37.880001,38.520000,38.520000,1466300,-,34.057400,37.268600,37.345500,37.596000,1640434.0
04/17/2017,37.610001,38.639999,37.610001,38.070000,38.070000,1671800,-,34.022750,37.252600,37.268500,37.570000,1865232.0
04/13/2017,37.430000,37.639999,37.290001,37.320000,37.320000,995600,-,33.987900,37.154800,37.221500,37.598000,1920484.0
04/12/2017,37.630001,37.910000,37.400002,37.470001,37.470001,817900,-,33.951950,37.070400,37.220000,37.650999,1936262.0
04/11/2017,37.130001,37.619999,37.040001,37.619999,37.619999,1400400,-,33.914450,36.986200,37.190000,37.734999,1964050.0
04/10/2017,37.529999,37.529999,36.930000,37.220001,37.220001,2363300,-,33.885900,36.890000,37.142000,37.629000,1968032.0
04/07/2017,37.180000,37.509998,37.070000,37.419998,37.419998,932200,-,33.871400,36.801200,37.127500,37.541000,1944924.0
04/06/2017,37.450001,37.470001,36.939999,37.230000,37.230000,1697100,-,33.850950,36.704200,37.104500,37.429000,1955536.0
04/05/2017,37.840000,38.099998,37.369999,37.439999,37.439999,1290800,-,33.833600,36.615800,37.076500,37.344000,1948456.0
04/04/2017,38.169998,38.509998,37.540001,37.650002,37.650002,1219500,-,33.814100,36.520200,37.066500,37.249000,1951924.0
04/03/2017,38.549999,39.029999,38.049999,38.259998,38.259998,1799800,-,33.792550,36.411000,37.005500,37.095000,1982932.0
03/31/2017,37.770000,38.490002,37.770000,38.349998,38.349998,1298300,-,33.768100,36.292200,36.909500,36.967000,1999976.0
03/30/2017,38.259998,38.560001,37.799999,37.849998,37.849998,1447600,-,33.746650,36.172200,36.806000,36.845000,2082884.0
03/29/2017,37.490002,38.529999,37.279999,38.310001,38.310001,2977400,-,33.726150,36.052200,36.750500,36.789001,2096370.0
03/28/2017,36.400002,36.669998,36.320000,36.560001,36.560001,725300,-,33.704350,35.920000,36.700500,36.645000,2191288.0
03/27/2017,35.950001,36.570000,35.830002,36.340000,36.340000,1313600,-,33.690050,35.834600,36.740000,36.655000,2191648.0
03/24/2017,36.520000,36.660000,36.200001,36.299999,36.299999,920700,-,33.680650,35.744800,36.795000,36.714000,2192128.0
03/23/2017,36.490002,36.750000,36.230000,36.380001,36.380001,976600,-,33.673050,35.661200,36.837500,36.780000,2220932.0
03/22/2017,35.950001,36.509998,35.900002,36.490002,36.490002,1016500,-,33.663500,35.572800,36.880000,36.809000,2238302.0
03/21/2017,37.080002,37.130001,36.070000,36.110001,36.110001,1364900,-,33.654050,35.469200,36.917500,36.884000,2258486.0
03/20/2017,37.160000,37.430000,36.939999,36.980000,36.980000,881400,-,33.646500,35.367200,36.981000,36.916000,2269712.0
03/17/2017,37.720001,37.720001,36.939999,37.130001,37.130001,3089000,-,33.634950,35.244200,37.005000,36.852000,2314358.0
03/16/2017,37.060001,37.360001,37.060001,37.290001,37.290001,1121400,-,33.621850,35.110000,37.010500,36.767000,2299022.0
03/15/2017,36.580002,36.970001,36.380001,36.869999,36.869999,908900,-,33.606450,34.966600,37.043500,36.712000,2325418.0
03/14/2017,36.970001,36.970001,36.360001,36.660000,36.660000,917100,-,33.591950,34.831600,37.088500,36.756000,2343248.0
03/13/2017,36.860001,37.169998,36.790001,36.930000,36.930000,956400,-,33.581450,34.704400,37.145500,36.825000,2361800.0
03/10/2017,36.980000,37.080002,36.680000,36.959999,36.959999,1143500,-,33.568450,34.572800,37.183000,36.876000,2432722.0
03/09/2017,37.040001,37.279999,36.459999,36.669998,36.669998,1547600,-,33.554500,34.435200,37.234500,36.895000,2477848.0
03/08/2017,36.500000,37.619999,36.500000,37.240002,37.240002,3403700,-,33.539500,34.285200,37.272000,36.951000,2485510.0
03/07/2017,36.270000,36.490002,35.950001,36.430000,36.430000,1809500,-,33.521850,34.112600,37.298000,36.951000,2503804.0
03/06/2017,36.160000,36.610001,36.000000,36.340000,36.340000,1886100,-,33.506300,33.975000,37.368000,37.046000,2554798.0
03/03/2017,36.590000,36.669998,36.169998,36.279999,36.279999,2340500,-,33.488700,33.841800,37.437000,37.158000,2602568.0
03/02/2017,37.150002,37.360001,36.669998,36.740002,36.740002,1931900,-,33.470950,33.712000,37.282000,37.254000,2601368.0
03/01/2017,36.770000,37.369999,36.650002,37.310001,37.310001,3190600,-,33.450350,33.572600,37.100000,37.375000,2661804.0
02/28/2017,37.270000,37.400002,37.049999,37.349998,37.349998,2678600,-,33.425450,33.425600,36.897500,37.421000,2635276.0
02/27/2017,37.119999,37.500000,36.910000,37.439999,37.439999,1944200,-,33.399800,33.273000,36.670500,37.466000,2633106.0
02/24/2017,36.930000,37.209999,36.560001,37.150002,37.150002,1003500,-,33.375000,33.135200,36.437500,37.490001,2628726.0
02/23/2017,37.220001,37.270000,36.810001,37.230000,37.230000,1620500,-,33.353100,32.991600,36.208500,37.574001,2632078.0
02/22/2017,37.299999,37.639999,37.200001,37.240002,37.240002,1093800,-,33.327250,32.860800,35.987500,37.593000,2626864.0
02/21/2017,37.259998,37.759998,37.209999,37.380001,37.380001,1268300,-,33.301000,32.727200,35.758500,37.645000,2647702.0
02/17/2017,37.049999,37.580002,36.900002,37.459999,37.459999,1249900,-,33.274400,32.594800,35.499000,37.690000,2665546.0
02/16/2017,37.919998,38.090000,37.029999,37.240002,37.240002,1561900,-,33.247900,32.444200,35.242000,37.716000,2688426.0
02/15/2017,37.810001,38.070000,37.570000,37.950001,37.950001,1168400,-,33.222450,32.303800,34.997500,37.310000,2708474.0
02/14/2017,37.700001,37.959999,37.410000,37.770000,37.770000,2861500,-,33.197000,32.136200,34.692500,36.825000,2728528.0
02/13/2017,37.720001,38.009998,37.549999,37.799999,37.799999,1353700,-,33.170700,31.961800,34.389000,36.374000,2718566.0
02/10/2017,37.750000,38.130001,37.590000,37.680000,37.680000,1521500,-,33.143350,31.807800,34.113500,35.875000,2715064.0
02/09/2017,37.380001,38.240002,37.279999,37.990002,37.990002,1551200,-,33.121700,31.659000,33.822000,35.385000,2715504.0
02/08/2017,37.700001,37.860001,37.209999,37.419998,37.419998,2624500,-,33.086500,31.504000,33.528500,34.843000,2716140.0
02/07/2017,38.000000,38.240002,37.570000,37.759998,37.759998,1934100,-,33.055850,31.367000,33.255500,34.382000,2677676.0
02/06/2017,37.660000,38.330002,36.799999,37.830002,37.830002,3762900,-,33.022750,31.228600,32.933000,33.872000,2668794.0
02/03/2017,37.150002,38.009998,36.099998,37.720001,37.720001,12706200,-,32.987500,31.095000,32.592000,33.308000,2665920.0
02/02/2017,33.029999,33.490002,32.779999,33.180000,33.180000,4434400,-,32.952850,30.954000,32.247500,32.768000,2497038.0
02/01/2017,33.259998,33.430000,32.720001,33.099998,33.099998,1784500,-,32.937050,30.909600,32.109500,32.684999,2476490.0
01/31/2017,32.840000,33.389999,32.570000,33.259998,33.259998,2207300,-,32.922900,30.880400,31.960500,32.560000,2521054.0
01/30/2017,32.730000,32.840000,32.049999,32.810001,32.810001,1599500,-,32.904800,30.866000,31.803500,32.404000,2531786.0
01/27/2017,32.549999,32.849998,32.270000,32.779999,32.779999,1207900,-,32.887900,30.853000,31.678000,32.352000,2640380.0
01/26/2017,32.970001,33.130001,32.349998,32.570000,32.570000,1462800,-,32.872950,30.830200,31.556500,32.259000,2648734.0
01/25/2017,32.970001,33.360001,32.599998,32.810001,32.810001,1343100,-,32.854050,30.816000,31.432000,32.214000,2644596.0
01/24/2017,32.250000,32.700001,32.180000,32.660000,32.660000,1464200,-,32.839700,30.787600,31.250000,32.129000,2645338.0
01/23/2017,32.299999,32.459999,31.860001,32.189999,32.189999,2769900,-,32.828200,30.769400,31.047500,31.994000,2647032.0
01/20/2017,32.349998,32.590000,32.180000,32.320000,32.320000,2652000,-,32.819000,30.752200,30.915500,31.876000,2626940.0
01/19/2017,32.330002,32.740002,32.220001,32.349998,32.349998,5443700,-,32.810750,30.734800,30.783500,31.727000,2652372.0
01/18/2017,31.650000,31.959999,31.360001,31.850000,31.850000,2121900,-,32.802200,30.705400,30.655500,31.534000,2577082.0
01/17/2017,32.290001,32.470001,31.420000,31.700001,31.700001,7723300,-,32.797950,30.684400,30.551500,31.361000,2554922.0
01/13/2017,31.830000,32.330002,31.809999,32.290001,32.290001,743300,-,32.794450,30.672400,30.464500,31.203000,2439220.0
01/12/2017,32.049999,32.169998,31.440001,31.850000,31.850000,1337600,-,32.786150,30.661800,30.336000,31.004000,2461622.0
01/11/2017,32.250000,32.889999,31.889999,32.119999,32.119999,2360900,-,32.773900,30.666000,30.271000,30.854000,2478064.0
01/10/2017,31.459999,32.060001,31.450001,31.959999,31.959999,1845100,-,32.758700,30.659200,30.163500,30.650000,2497014.0
01/09/2017,31.000000,31.490000,30.809999,31.309999,31.309999,2025700,-,32.742100,30.618200,30.100000,30.371000,2543274.0
01/06/2017,30.799999,31.219999,30.520000,31.010000,31.010000,1926200,-,32.728200,30.595600,30.062500,30.101000,2558584.0
01/05/2017,30.260000,30.920000,30.230000,30.830000,30.830000,3113700,-,32.715300,30.588800,30.050000,29.955000,2552054.0
01/04/2017,30.150000,30.540001,30.080000,30.420000,30.420000,2322200,-,32.705950,30.597000,30.005000,29.840000,2526476.0
01/03/2017,30.559999,30.660000,29.900000,30.120001,30.120001,2441200,-,32.702150,30.624600,29.995000,29.777000,2530272.0
12/30/2016,30.340000,30.340000,30.030001,30.120001,30.120001,1800400,-,32.695050,30.648800,29.967500,29.742000,2520906.0
12/29/2016,30.350000,30.690001,30.049999,30.299999,30.299999,1844700,-,32.689400,30.668600,29.914000,29.726000,2530836.0
12/28/2016,30.230000,30.520000,29.799999,30.350000,30.350000,4502500,-,32.679350,30.682400,29.904000,29.668000,2524618.0
12/27/2016,29.049999,30.280001,28.950001,30.080000,30.080000,3399800,-,32.665600,30.694600,29.898500,29.688000,2485668.0
12/23/2016,28.600000,29.200001,28.600000,29.170000,29.170000,1930700,-,32.655250,30.713200,29.906500,29.677000,2496976.0
12/22/2016,29.440001,29.459999,28.510000,28.610001,28.610001,4318400,-,32.652000,30.753600,29.976500,29.829000,2614634.0
12/21/2016,29.650000,29.889999,29.270000,29.549999,29.549999,4359200,-,32.646450,30.794600,30.088000,30.024000,2953242.0
12/20/2016,29.860001,30.100000,29.000000,29.680000,29.680000,4274600,-,32.637050,30.885400,30.168000,30.145000,2950016.0
12/19/2016,29.910000,30.250000,29.690001,29.790001,29.790001,2280500,-,32.624600,30.991600,30.217500,30.170000,2904344.0
12/16/2016,30.080000,30.150000,29.530001,29.770000,29.770000,4953700,-,32.617750,31.095600,30.276000,30.213000,2895400.0
12/15/2016,29.760000,30.360001,29.540001,29.959999,29.959999,1864200,-,32.611450,31.214000,30.369500,30.193000,2828816.0
12/14/2016,30.469999,30.730000,29.680000,29.719999,29.719999,2570100,-,32.605500,31.346800,30.498500,30.102000,2835180.0
12/13/2016,30.090000,30.650000,30.049999,30.549999,30.549999,1725200,-,32.603650,31.488600,30.620500,30.140000,2809538.0
12/12/2016,30.690001,30.709999,29.850000,29.969999,29.969999,1171100,-,32.598950,31.616400,30.675000,30.109000,2811094.0
12/09/2016,30.570000,30.750000,30.350000,30.690001,30.690001,1359800,-,32.591100,31.755600,30.769500,30.136000,2830290.0
12/08/2016,30.690001,30.940001,30.400000,30.559999,30.559999,2135700,-,32.578200,31.860400,30.804500,30.124000,2823994.0
12/07/2016,30.000000,30.879999,29.930000,30.760000,30.760000,2160500,-,32.565700,31.975200,30.864000,30.152000,2799944.0
12/06/2016,30.139999,30.180000,29.420000,29.930000,29.930000,2393900,-,32.548400,32.081800,30.892500,30.191000,2777800.0
12/05/2016,29.790001,30.500000,29.740000,30.219999,30.219999,2564300,-,32.531500,32.205800,30.968500,30.265000,2753976.0
12/02/2016,28.879999,29.629999,28.870001,29.570000,29.570000,2171100,-,32.513250,32.328000,31.001500,30.339000,2734214.0
12/01/2016,30.180000,30.219999,28.900000,29.049999,29.049999,2363400,-,32.495850,32.464400,31.063000,30.546000,2715270.0
11/30/2016,30.440001,30.440001,30.070000,30.100000,30.100000,1178600,-,32.478550,32.602400,31.165500,30.895000,2688814.0
11/29/2016,30.129999,30.500000,30.000000,30.240000,30.240000,1543500,-,32.458950,32.708800,31.248500,31.101000,2682292.0
11/28/2016,30.629999,30.879999,30.180000,30.240000,30.240000,1583000,-,32.434850,32.819200,31.339500,31.241000,2678026.0
11/25/2016,30.879999,30.879999,30.469999,30.570000,30.570000,701300,-,32.404200,32.924800,31.416500,31.403000,2696438.0
11/23/2016,30.990000,31.180000,30.660000,30.840000,30.840000,1490000,-,32.370500,33.026800,31.383500,31.485000,2704552.0
11/22/2016,29.600000,31.200001,29.600000,31.150000,31.150000,3619200,-,32.335850,33.116200,31.350500,31.576000,2694376.0
11/21/2016,30.980000,31.110001,30.309999,30.670000,30.670000,4262100,-,32.299300,33.202000,31.326500,31.594000,2642766.0
11/18/2016,31.790001,31.870001,30.889999,30.959999,30.959999,3407000,-,32.267100,33.307000,31.355000,31.672000,2584946.0
11/17/2016,32.459999,32.540001,31.330000,31.639999,31.639999,4012700,-,32.237850,33.403000,31.397000,31.664000,2535724.0
11/16/2016,32.090000,32.700001,32.040001,32.540001,32.540001,2743900,-,32.213250,33.498000,31.381500,31.580000,2473862.0
11/15/2016,33.500000,33.500000,31.620001,32.160000,32.160000,7029200,-,32.182500,33.587200,31.310000,31.436000,2446836.0
11/14/2016,32.000000,32.290001,31.309999,31.639999,31.639999,1625600,-,32.157000,33.679800,31.251500,31.396000,2328548.0
11/11/2016,31.219999,32.090000,31.080000,31.860001,31.860001,1255900,-,32.140750,33.783600,31.217500,31.438000,2322240.0
11/10/2016,31.770000,32.400002,31.219999,31.389999,31.389999,1380200,-,32.122150,33.879200,31.175000,31.430000,2332798.0
11/09/2016,30.930000,31.889999,30.809999,31.750000,31.750000,1548900,-,32.097000,33.974200,31.165000,31.282000,2327874.0
11/08/2016,31.490000,31.690001,31.010000,31.330000,31.330000,1765300,-,32.067400,34.066200,31.110500,31.125000,2322810.0
11/07/2016,31.309999,31.650000,31.049999,31.450001,31.450001,3923600,-,32.045100,34.153000,31.248500,31.059000,2314100.0
11/04/2016,30.809999,31.540001,30.799999,30.879999,30.879999,1679200,-,32.023900,34.238000,31.425500,31.038000,2254956.0
11/03/2016,31.129999,31.350000,30.770000,30.799999,30.799999,1013900,-,32.008250,34.332000,31.631000,31.130000,2234590.0
11/02/2016,32.029999,32.029999,31.070000,31.100000,31.100000,1938200,-,31.987900,34.424200,31.875500,31.183000,2238720.0
11/01/2016,32.000000,32.169998,31.559999,31.760000,31.760000,1863400,-,31.962350,34.517600,32.150500,31.184000,2228030.0
10/31/2016,31.959999,32.180000,31.790001,32.060001,32.060001,2159700,-,31.935850,34.581000,32.403000,31.107000,2204494.0
10/28/2016,30.730000,31.900000,30.370001,31.780001,31.780001,3308400,-,31.916950,34.637800,32.647000,30.997000,2178592.0
10/27/2016,30.469999,30.770000,29.719999,29.910000,29.910000,4158100,-,31.904500,34.703600,32.904500,30.920000,2152652.0
10/26/2016,30.639999,30.730000,30.129999,30.180000,30.180000,2791200,-,31.896900,34.794600,33.205500,31.048000,2110678.0
10/25/2016,31.370001,31.370001,30.660000,30.670000,30.670000,1599700,-,31.889650,34.888200,33.511500,31.096000,2145360.0
10/24/2016,31.840000,32.000000,31.209999,31.240000,31.240000,1834800,-,31.878050,34.932800,33.782500,31.438000,2125718.0
10/21/2016,31.490000,31.940001,31.180000,31.799999,31.799999,2512000,-,31.864900,34.960600,34.027000,31.813000,2111890.0
10/20/2016,31.120001,31.459999,30.959999,31.330000,31.330000,1972900,-,31.851750,34.981600,34.253500,32.132000,2081252.0
10/19/2016,30.910000,31.360001,30.799999,31.110001,31.110001,2296900,-,31.842600,35.013400,34.506500,32.568000,2061962.0
10/18/2016,31.139999,31.299999,30.870001,30.990000,30.990000,1533800,-,31.836250,35.055000,34.748500,33.117000,2034938.0
10/17/2016,30.920000,31.280001,30.760000,30.959999,30.959999,2555000,-,31.832450,35.102400,34.970000,33.699000,2025314.0
10/14/2016,31.469999,31.559999,30.540001,31.010000,31.010000,3965200,-,31.833500,35.152400,35.210000,34.297000,2028106.0
10/13/2016,30.600000,31.370001,30.000000,31.190001,31.190001,7813600,-,31.835700,35.208400,35.435500,34.889000,1979540.0
10/12/2016,29.080000,31.070000,29.000000,30.660000,30.660000,21248800,-,31.838650,35.268000,35.659500,35.363000,1855056.0
10/11/2016,34.900002,35.029999,33.919998,34.090000,34.090000,4197900,-,31.844300,35.335000,35.892000,35.927000,1468842.0
10/10/2016,35.320000,35.380001,34.860001,34.990002,34.990002,1991000,-,31.832700,35.350200,35.959500,36.127000,1423922.0
10/07/2016,35.770000,35.820000,34.980000,34.990002,34.990002,1833300,-,31.817200,35.344200,36.006000,36.241000,1524648.0
10/06/2016,36.750000,36.750000,35.650002,35.689999,35.689999,1624500,-,31.799950,35.387800,36.044500,36.375000,1536920.0
10/05/2016,36.779999,37.279999,36.580002,36.599998,36.599998,2182400,-,31.779800,35.407000,36.079500,36.445000,1533798.0
10/04/2016,36.930000,37.470001,36.660000,36.810001,36.810001,1288000,-,31.752900,35.404800,36.099500,36.380000,1529346.0
10/03/2016,36.900002,37.480000,36.830002,36.939999,36.939999,1803000,-,31.725950,35.400000,36.098500,36.241000,1552352.0
09/30/2016,36.099998,37.029999,36.080002,36.930000,36.930000,2130900,-,31.701000,35.376400,36.093000,36.123000,1548252.0
09/29/2016,36.160000,36.369999,35.820000,35.930000,35.930000,1045000,-,31.669300,35.332000,36.078500,35.982000,1528286.0
09/28/2016,36.230000,36.360001,35.959999,36.299999,36.299999,933200,-,31.641750,35.311800,36.089000,35.956000,1533014.0
09/27/2016,36.160000,36.340000,35.950001,36.090000,36.090000,1053300,-,31.612950,35.263600,36.091500,35.857000,1531180.0
09/26/2016,36.119999,36.439999,36.029999,36.130001,36.130001,1202700,-,31.591500,35.224400,36.070500,35.792000,1531262.0
09/23/2016,37.110001,37.279999,36.240002,36.330002,36.330002,1576200,-,31.574400,35.184200,36.049000,35.771000,1528632.0
09/22/2016,36.299999,36.830002,36.119999,36.389999,36.389999,1223900,-,31.565350,35.137400,36.011500,35.713999,1521444.0
09/21/2016,35.439999,35.990002,35.419998,35.950001,35.950001,1040600,-,31.555850,35.086000,35.962500,35.713999,1518756.0
09/20/2016,35.810001,35.950001,35.380001,35.419998,35.419998,852500,-,31.552200,35.044400,35.953500,35.818999,1524628.0
09/19/2016,35.880001,36.029999,35.610001,35.759998,35.759998,1330200,-,31.548600,35.008200,35.929000,35.955999,1528732.0
09/16/2016,35.680000,35.810001,35.349998,35.520000,35.520000,2503600,-,31.549300,34.962200,35.886000,36.063000,1532750.0
09/15/2016,35.139999,35.880001,35.060001,35.669998,35.669998,1107000,-,31.552200,34.893800,35.863500,36.175000,1514140.0
09/14/2016,35.549999,35.869999,35.189999,35.310001,35.310001,981200,-,31.553950,34.814000,35.803000,36.222000,1520444.0
09/13/2016,35.810001,35.919998,35.230000,35.439999,35.439999,1038700,-,31.560850,34.739200,35.780500,36.325999,1523232.0
09/12/2016,35.540001,36.040001,35.320000,35.919998,35.919998,1371100,-,31.567450,34.664000,35.653500,36.348999,1526342.0
09/09/2016,36.230000,36.430000,35.750000,35.759998,35.759998,945900,-,31.566600,34.577400,35.489000,36.327000,1532718.0
09/08/2016,36.980000,37.020000,36.259998,36.389999,36.389999,919600,-,31.563000,34.484200,35.343500,36.309000,1556174.0
09/07/2016,36.790001,37.299999,36.759998,37.000000,37.000000,1392600,-,31.554800,34.359000,35.170000,36.211000,1582042.0
09/06/2016,36.820000,37.220001,36.689999,36.790001,36.790001,1114800,-,31.541900,34.218400,34.979500,36.088000,1614656.0
09/02/2016,36.799999,37.029999,36.590000,36.830002,36.830002,1310200,-,31.528150,34.120800,34.808000,35.902000,1655164.0
09/01/2016,36.110001,36.970001,35.869999,36.639999,36.639999,1783800,-,31.511050,34.070600,34.639500,35.709000,1652790.0
08/31/2016,35.900002,36.240002,35.590000,36.139999,36.139999,1134000,-,31.494850,34.004400,34.498000,35.552000,1631984.0
08/30/2016,36.380001,36.639999,36.119999,36.349998,36.349998,1295700,-,31.480000,33.956800,34.399500,35.384000,1628084.0
08/29/2016,35.700001,36.090000,35.619999,35.669998,35.669998,1329800,-,31.464600,33.900600,34.282500,35.235000,1627784.0
08/26/2016,35.590000,35.869999,35.290001,35.700001,35.700001,966400,-,31.450850,33.854000,34.241500,34.958001,1667894.0
08/25/2016,35.340000,35.650002,35.340000,35.580002,35.580002,660900,-,31.439250,33.807400,34.191000,34.651001,1683820.0
08/24/2016,35.529999,35.889999,35.290001,35.410000,35.410000,1220400,-,31.428550,33.777000,34.270500,34.378000,1697312.0
08/23/2016,35.240002,35.810001,35.099998,35.770000,35.770000,1403700,-,31.421750,33.743800,34.332500,34.129000,1696904.0
08/22/2016,34.730000,35.009998,34.520000,34.930000,34.930000,686600,-,31.409450,33.707400,34.368500,33.871000,1697364.0
08/19/2016,35.060001,35.110001,34.689999,34.900002,34.900002,864600,-,31.410300,33.682800,34.450500,33.714000,1713304.0
08/18/2016,34.500000,35.369999,34.380001,35.070000,35.070000,2011400,-,31.409100,33.674000,34.493500,33.570000,1716150.0
08/17/2016,34.730000,35.020000,34.299999,34.459999,34.459999,2059400,-,31.407600,33.668200,34.475500,33.444000,1698908.0
08/16/2016,32.720001,35.150002,32.720001,34.860001,34.860001,4525300,-,31.407100,33.668400,34.498499,33.415000,1679796.0
08/15/2016,32.709999,33.119999,32.570000,32.900002,32.900002,617600,-,31.403100,33.663200,34.449999,33.330000,1615706.0
08/12/2016,32.860001,32.860001,32.430000,32.630001,32.630001,1143400,-,31.413450,33.697200,34.511499,33.524999,1623000.0
08/11/2016,33.020000,33.220001,32.810001,32.849998,32.849998,980100,-,31.419400,33.738000,34.585999,33.730999,1626108.0
08/10/2016,33.139999,33.310001,32.889999,32.919998,32.919998,1008400,-,31.428800,33.771200,34.642999,34.162999,1629024.0
08/09/2016,33.320000,33.439999,33.040001,33.189999,33.189999,945700,-,31.438750,33.797000,34.688000,34.535999,1650760.0
08/08/2016,33.500000,33.799999,33.330002,33.360001,33.360001,1052600,-,31.489000,33.812600,34.722000,34.866000,1682804.0
08/05/2016,33.689999,33.810001,33.340000,33.459999,33.459999,2694600,-,31.531750,33.836600,34.734500,35.187000,1681202.0
08/04/2016,34.240002,34.509998,33.750000,33.810001,33.810001,1536900,-,31.581400,33.854000,34.734500,35.416999,1648802.0
08/03/2016,33.950001,34.270000,33.689999,34.169998,34.169998,1589400,-,31.630750,33.861200,34.648999,35.506999,1638714.0
08/02/2016,34.840000,34.840000,33.720001,34.009998,34.009998,1938100,-,31.677350,33.851200,34.524500,35.581999,1629886.0
08/01/2016,34.810001,35.200001,34.580002,34.849998,34.849998,1951900,-,31.723500,33.845200,34.402500,35.569999,1614606.0
07/29/2016,33.750000,34.700001,32.939999,34.689999,34.689999,7027300,-,31.758600,33.814600,34.244000,35.498000,1600516.0
07/28/2016,36.750000,37.310001,36.279999,37.169998,37.169998,2446900,-,31.793150,33.777200,34.089000,35.441000,1482470.0
07/27/2016,36.599998,37.099998,36.400002,36.650002,36.650002,1468400,-,31.821300,33.688400,33.785500,35.123000,1461336.0
07/26/2016,36.430000,36.860001,36.180000,36.490002,36.490002,1959800,-,31.853050,33.607800,33.459500,34.840000,1458788.0
07/25/2016,35.759998,36.590000,35.369999,36.570000,36.570000,2438300,-,31.884550,33.524600,33.133500,34.577999,1452578.0
07/22/2016,34.959999,35.849998,34.500000,35.759998,35.759998,1598000,-,31.916950,33.437600,32.900500,34.282000,1443786.0
07/21/2016,34.770000,35.200001,34.540001,34.709999,34.709999,1132600,-,31.955400,33.372000,32.828500,34.052000,1450822.0
07/20/2016,34.000000,35.070000,33.880001,34.919998,34.919998,1281400,-,32.002800,33.333200,32.759500,33.791000,1460330.0
07/19/2016,34.029999,34.389999,33.880001,33.889999,33.889999,841500,-,32.046600,33.276000,32.701500,33.467000,1461012.0
07/18/2016,34.160000,34.400002,33.939999,34.130001,34.130001,1057400,-,32.092350,33.238000,32.684000,33.235000,1497364.0
07/15/2016,33.980000,34.400002,33.980000,34.119999,34.119999,1071200,-,32.134100,33.196600,32.644500,32.990000,1506186.0
07/14/2016,34.240002,34.430000,33.919998,33.990002,33.990002,1216800,-,32.174700,33.157400,32.607000,32.737000,1521876.0
07/13/2016,34.009998,34.450001,33.820000,33.820000,33.820000,1089500,-,32.218900,33.120600,32.610500,32.448000,1524426.0
07/12/2016,33.480000,34.220001,33.070000,33.869999,33.869999,1334200,-,32.275350,33.101400,32.607000,32.079000,1532382.0
07/11/2016,33.750000,33.959999,33.490002,33.610001,33.610001,1057700,-,32.335500,33.074200,32.611000,31.689000,1546424.0
07/08/2016,32.450001,33.470001,32.450001,33.459999,33.459999,1531100,-,32.397400,33.048600,32.615500,31.519000,1569414.0
07/07/2016,31.820000,32.259998,31.570000,32.099998,32.099998,1573100,-,32.457050,33.046400,32.665500,31.605000,1676680.0
07/06/2016,31.280001,31.879999,30.920000,31.680000,31.680000,1422200,-,32.524550,33.023400,32.799500,31.728000,1709730.0
07/05/2016,31.500000,31.709999,31.370001,31.570000,31.570000,1120600,-,32.590150,33.015600,32.939000,31.936000,1722424.0
07/01/2016,31.500000,31.910000,31.410000,31.680000,31.680000,1194200,-,32.658200,33.007000,33.090500,32.133000,1729998.0
06/30/2016,31.240000,31.639999,30.780001,31.590000,31.590000,1689900,-,32.724300,32.989000,33.236500,32.299000,1741586.0
06/29/2016,30.170000,31.190001,30.020000,31.100000,31.100000,2118700,-,32.790000,32.973000,33.390500,32.477000,1758578.0
06/28/2016,30.440001,30.559999,29.900000,30.129999,30.129999,2213000,-,32.854350,32.951400,33.561000,32.773000,1746758.0
06/27/2016,31.500000,31.510000,29.879999,29.969999,29.969999,3023300,-,32.925350,32.954200,33.765000,33.135000,1734122.0
06/24/2016,32.730000,33.020000,31.780001,31.910000,31.910000,3140200,-,32.995800,32.947600,33.965000,33.533000,1707650.0
06/23/2016,33.590000,34.330002,33.590000,34.320000,34.320000,1191500,-,33.051300,32.898000,34.097500,33.712000,1691196.0
06/22/2016,33.709999,33.830002,33.310001,33.330002,33.330002,743500,-,33.096200,32.807400,34.098000,33.726000,1719742.0
06/21/2016,33.669998,33.980000,33.500000,33.759998,33.759998,939000,-,33.138300,32.716600,34.140000,33.871000,1785266.0
06/20/2016,33.759998,34.000000,33.520000,33.540001,33.540001,1280700,-,33.180250,32.640200,34.135500,33.942000,1787646.0
06/17/2016,33.470001,33.470001,32.919998,33.340000,33.340000,3335300,-,33.222100,32.576600,34.144000,34.048000,1786000.0
06/16/2016,33.689999,33.900002,32.840000,33.369999,33.369999,1762700,-,33.259700,32.516800,34.143000,34.174000,1751856.0
06/15/2016,33.810001,34.320000,33.689999,34.060001,34.060001,1335500,-,33.303550,32.462800,34.115500,34.304000,1740672.0
06/14/2016,33.910000,33.980000,33.419998,33.750000,33.750000,1200000,-,33.348050,32.394400,34.049000,34.348999,1758922.0
06/13/2016,33.419998,34.330002,33.349998,33.950001,33.950001,1426700,-,33.392600,32.339400,33.992500,34.394999,1771392.0
06/10/2016,34.259998,34.259998,33.520000,33.700001,33.700001,1483600,-,33.435550,32.280400,33.911500,34.396999,1799234.0
06/09/2016,34.650002,34.930000,34.389999,34.459999,34.459999,1006900,-,33.470250,32.219000,33.837500,34.482999,1837066.0
06/08/2016,34.500000,34.930000,34.369999,34.779999,34.779999,1149300,-,33.502550,32.117800,33.738500,34.470000,1847454.0
06/07/2016,34.599998,34.750000,34.389999,34.470001,34.470001,1103800,-,33.542950,32.003800,33.638000,34.409000,1851480.0
06/06/2016,34.779999,34.860001,34.130001,34.599998,34.599998,1320800,-,33.593650,31.887200,33.517500,34.328999,1859204.0
06/03/2016,34.650002,34.880001,34.310001,34.599998,34.599998,982300,-,33.657350,31.765800,33.387000,34.239999,1861138.0
06/02/2016,34.500000,34.840000,34.459999,34.669998,34.669998,1298800,-,33.723100,31.642400,33.260000,34.112000,1904122.0
06/01/2016,34.000000,34.580002,33.779999,34.509998,34.509998,1125900,-,33.789000,31.528200,33.134500,33.927000,1959924.0
05/31/2016,34.049999,34.330002,33.849998,34.209999,34.209999,2095200,-,33.850050,31.431200,33.016500,33.749000,1982154.0
05/27/2016,33.959999,34.040001,33.330002,33.970001,33.970001,2547900,-,33.911500,31.321000,32.949000,33.590000,1985332.0
05/26/2016,34.270000,34.639999,34.070000,34.560001,34.560001,972500,-,33.974050,31.221400,32.876000,33.426000,1968384.0
05/25/2016,34.189999,34.580002,34.160000,34.330002,34.330002,1074600,-,34.035900,31.096000,32.764500,33.192000,1973444.0
05/24/2016,33.849998,34.279999,33.689999,34.169998,34.169998,1032500,-,34.101950,30.961400,32.715500,33.007000,1982208.0
05/23/2016,33.740002,34.169998,33.330002,33.669998,33.669998,1148000,-,34.165600,30.838200,32.554500,32.867000,1989038.0
05/20/2016,33.529999,33.759998,33.189999,33.709999,33.709999,1174100,-,34.230450,30.735200,32.435500,32.706000,1987350.0
05/19/2016,32.860001,33.549999,32.849998,33.320000,33.320000,1247400,-,34.306050,30.611000,32.307000,32.534000,1989382.0
05/18/2016,32.520000,33.150002,32.520000,32.820000,32.820000,1125000,-,34.377850,30.498000,32.180000,32.408000,2001474.0
05/17/2016,32.570000,33.099998,32.500000,32.730000,32.730000,1390200,-,34.452000,30.385400,32.078500,32.342000,2012320.0
05/16/2016,32.400002,32.950001,32.230000,32.619999,32.619999,1341000,-,34.527050,30.299200,31.943000,32.284001,2012544.0
05/13/2016,32.209999,32.700001,32.099998,32.330002,32.330002,1649300,-,34.601850,30.217000,31.825500,32.308001,2016614.0
05/12/2016,32.630001,32.730000,31.850000,32.220001,32.220001,1998700,-,34.677000,30.145800,31.691000,32.326000,2043616.0
05/11/2016,32.599998,33.049999,32.450001,32.480000,32.480000,1949800,-,34.751500,30.088400,31.551500,32.337000,2053616.0
05/10/2016,32.189999,32.779999,31.950001,32.770000,32.770000,1608000,-,34.824600,30.031000,31.417000,32.424000,2058632.0
05/09/2016,31.920000,32.189999,31.559999,32.060001,32.060001,1315500,-,34.900700,29.943600,31.218000,32.242000,2075726.0
05/06/2016,31.600000,32.009998,31.080000,31.990000,31.990000,2659100,-,34.974550,29.864600,31.112000,32.165000,2081522.0
05/05/2016,32.220001,32.369999,31.910000,32.060001,32.060001,1498500,-,35.026100,29.786000,31.030500,32.080000,2079322.0
05/04/2016,31.840000,32.240002,31.450001,32.160000,32.160000,1855700,-,35.080600,29.690800,30.945000,31.952000,2104048.0
05/03/2016,32.439999,32.630001,31.969999,32.150002,32.150002,1344300,-,35.131800,29.578600,30.870500,31.815000,2106370.0
05/02/2016,32.520000,32.900002,32.230000,32.860001,32.860001,1487300,-,35.183100,29.467000,30.795000,31.602000,2157672.0
04/29/2016,32.360001,32.650002,31.309999,32.509998,32.509998,2036300,-,35.232600,29.331600,30.702000,31.343000,2165488.0
04/28/2016,33.290001,33.290001,32.230000,32.330002,32.330002,2207200,-,35.280750,29.193200,30.626500,31.056000,2173860.0
04/27/2016,33.000000,34.340000,32.419998,33.349998,33.349998,6894400,-,35.332150,29.070200,30.541500,30.766000,2188932.0
04/26/2016,31.219999,31.459999,30.480000,30.950001,30.950001,3225600,-,35.372950,28.911600,30.344000,30.410000,2120866.0
04/25/2016,31.049999,31.590000,30.820000,31.290001,31.290001,2056900,-,35.425450,28.774800,30.250500,30.194000,2099558.0
04/22/2016,30.440001,31.219999,30.430000,31.139999,31.139999,1499300,-,35.475900,28.625600,30.118000,30.059000,2115514.0
04/21/2016,30.820000,31.030001,30.590000,30.780001,30.780001,1773600,-,35.523050,28.481000,29.987500,29.981001,2154878.0
04/20/2016,29.760000,31.030001,29.540001,30.790001,30.790001,2539500,-,35.572200,28.342200,29.870000,29.938000,2168608.0
04/19/2016,30.410000,30.459999,29.559999,30.020000,30.020000,1527700,-,35.618100,28.211000,29.778500,29.926000,2197778.0
04/18/2016,29.490000,30.549999,29.330000,30.270000,30.270000,1581200,-,35.674150,28.112800,29.760500,29.988000,2271864.0
04/15/2016,29.370001,29.799999,29.309999,29.639999,29.639999,1699700,-,35.729200,28.041800,29.682000,30.061000,2297002.0
04/14/2016,29.660000,29.840000,29.270000,29.430000,29.430000,2317500,-,35.787650,27.976800,29.649500,30.197000,2317362.0
04/13/2016,29.150000,29.969999,29.020000,29.790001,29.790001,2618800,-,35.843500,27.929400,29.592500,30.317000,2311210.0
04/12/2016,29.540001,29.639999,28.080000,28.790001,28.790001,4019700,-,35.903150,27.901400,29.483000,30.278000,2321466.0
04/11/2016,30.450001,30.780001,29.920000,29.940001,29.940001,1058000,-,35.969050,27.888400,29.444000,30.307000,2360658.0
04/08/2016,30.719999,30.980000,30.209999,30.360001,30.360001,1198400,-,36.027900,27.816800,29.373000,30.177000,2416716.0
04/07/2016,30.500000,30.719999,30.129999,30.350000,30.350000,1628100,-,36.092150,27.726200,29.230000,29.994000,2476758.0
04/06/2016,30.740000,30.830000,30.370001,30.670000,30.670000,1203500,-,36.158150,27.656600,29.096000,29.802000,2532970.0
04/05/2016,30.700001,31.190001,30.570000,30.639999,30.639999,2248000,-,36.220400,27.587400,28.922000,29.631000,2563498.0
04/04/2016,30.980000,31.150000,30.760000,31.000000,31.000000,1823500,-,36.285900,27.529600,28.811000,29.533000,2570516.0
04/01/2016,30.250000,31.049999,30.200001,31.000000,31.000000,2818800,-,36.345350,27.444200,28.686500,29.303000,2586218.0
03/31/2016,29.900000,31.000000,29.799999,30.629999,30.629999,3375200,-,36.402750,27.344000,28.575000,29.102000,2648078.0
03/30/2016,29.290001,29.780001,29.230000,29.400000,29.400000,1526300,-,36.454950,27.260600,28.511000,28.868000,2681880.0
03/29/2016,28.590000,29.110001,28.280001,29.080000,29.080000,1350600,-,36.514050,27.238200,28.521500,28.688000,2725664.0
03/28/2016,28.680000,28.740000,28.010000,28.639999,28.639999,1490000,-,36.573650,27.242400,28.487500,28.581000,2770124.0
03/24/2016,28.219999,28.610001,27.950001,28.530001,28.530001,1417500,-,36.636450,27.237400,28.461000,28.569000,2805792.0
03/23/2016,28.900000,28.900000,27.950001,28.430000,28.430000,3131500,-,36.697600,27.241400,28.437500,28.466000,2831444.0
03/22/2016,29.469999,30.360001,28.719999,28.959999,28.959999,4088900,-,36.758350,27.239800,28.381000,28.390000,2836868.0
03/21/2016,29.549999,29.959999,29.170000,29.660000,29.660000,2237400,-,36.818750,27.232800,28.260500,28.213000,2816516.0
03/18/2016,29.049999,29.350000,28.690001,28.700001,28.700001,2254100,-,36.867950,27.223000,28.106000,28.089000,2821772.0
03/17/2016,28.110001,29.150000,28.010000,28.990000,28.990000,1700500,-,36.924850,27.239000,27.975500,28.070000,2847090.0
03/16/2016,27.260000,28.440001,27.200001,28.290001,28.290001,1225500,-,36.978550,27.256000,27.805500,28.048000,2854054.0
03/15/2016,27.950001,28.139999,27.420000,27.600000,27.600000,1512800,-,37.036400,27.294800,27.700000,28.154000,2902874.0
03/14/2016,28.299999,28.660000,27.820000,28.010000,28.010000,1374000,-,37.098700,27.366200,27.591000,28.355000,2904240.0
03/11/2016,27.760000,28.629999,27.740000,28.520000,28.520000,1063600,-,37.159550,27.435000,27.396000,28.394000,2901692.0
03/10/2016,27.809999,28.059999,27.080000,27.500000,27.500000,1275700,-,37.214100,27.500200,27.161500,28.353000,2896918.0
03/09/2016,27.340000,28.040001,27.110001,27.670000,27.670000,1852000,-,37.273050,27.586000,26.982000,28.409000,2891682.0
03/08/2016,28.190001,28.370001,27.150000,27.190001,27.190001,1667300,-,37.331150,27.668000,26.790500,28.372000,2862318.0
03/07/2016,28.260000,28.680000,28.020000,28.420000,28.420000,1401400,-,37.389150,27.762000,26.642500,28.308000,2846198.0
03/04/2016,28.750000,28.990000,28.299999,28.510000,28.510000,1544500,-,37.441000,27.824400,26.477000,28.123000,2844442.0
03/03/2016,29.910000,29.910000,28.500000,28.770000,28.770000,2999400,-,37.494050,27.887400,26.387500,27.881000,2842402.0
03/02/2016,29.490000,29.600000,28.920000,29.350000,29.350000,2498700,-,37.547900,27.936400,26.268500,27.563000,2846578.0
03/01/2016,28.750000,29.870001,28.520000,29.610001,29.610001,2200600,-,37.594350,27.977800,26.154000,27.246000,2833928.0
02/29/2016,28.299999,29.200001,28.209999,28.400000,28.400000,2462700,-,37.640550,28.024600,26.093000,26.827000,2851464.0
02/26/2016,28.500000,28.610001,27.860001,28.110001,28.110001,1605300,-,37.690750,28.068400,26.080000,26.398000,2844554.0
02/25/2016,27.500000,28.139999,27.010000,28.059999,28.059999,2549100,-,37.743450,28.114600,25.992500,25.970000,2869414.0
02/24/2016,26.209999,27.410000,26.070000,27.299999,27.299999,2734800,-,37.798000,28.164200,25.881000,25.555000,2868118.0
02/23/2016,26.559999,26.770000,26.139999,26.549999,26.549999,1971800,-,37.856550,28.254200,25.859500,25.209000,2882200.0
02/22/2016,26.209999,27.120001,25.990000,26.570000,26.570000,3909400,-,37.915800,28.377400,25.892500,24.977000,2902088.0
02/19/2016,25.500000,26.170000,25.370001,26.090000,26.090000,1878100,-,37.972650,28.536400,25.951500,24.831000,2851808.0
02/18/2016,25.959999,26.160000,25.260000,25.590000,25.590000,2454900,-,38.031400,28.704400,25.983500,24.894000,2840860.0
02/17/2016,25.469999,26.490000,25.299999,26.180000,26.180000,2960800,-,38.097100,28.897000,26.003500,24.974000,2816820.0
02/16/2016,24.580000,25.559999,24.389999,25.420000,25.420000,3491100,-,38.158100,29.067400,26.017500,25.062000,2786712.0
02/12/2016,24.230000,24.250000,23.510000,24.110001,24.110001,2160200,-,38.219700,29.277000,26.160500,25.359000,2738140.0
02/11/2016,23.490000,24.040001,23.160000,23.830000,23.830000,2854700,-,38.291250,29.516800,26.419500,25.762000,2728162.0
02/10/2016,24.049999,24.809999,23.860001,23.910000,23.910000,3467500,-,38.364900,29.760600,26.647500,26.015000,2840030.0
02/09/2016,23.700001,25.139999,23.660000,23.840000,23.840000,2460100,-,38.436350,30.016200,26.888500,26.207000,2789226.0
02/08/2016,24.719999,24.860001,23.410000,24.230000,24.230000,3998000,-,38.510550,30.274600,27.114000,26.510000,2796724.0
02/05/2016,26.520000,26.570000,24.340000,25.110001,25.110001,5232000,-,38.583000,30.505000,27.333000,26.808000,2770776.0
02/04/2016,26.379999,26.760000,25.920000,26.719999,26.719999,2838100,-,38.647800,30.703600,27.536000,27.072000,2709324.0
02/03/2016,27.150000,27.230000,26.030001,26.389999,26.389999,2717700,-,38.704600,30.864200,27.675000,27.073000,2676176.0
02/02/2016,28.190001,28.610001,26.990000,27.059999,27.059999,2009900,-,38.745800,31.024800,27.847500,27.033000,2650160.0
02/01/2016,27.980000,28.620001,27.400000,28.389999,28.389999,3131600,-,38.779100,31.164400,28.006000,26.973000,2639240.0
01/29/2016,30.000000,30.030001,27.510000,28.139999,28.139999,5979300,-,38.809950,31.264800,28.145000,26.962000,2608546.0
01/28/2016,26.320000,26.469999,25.530001,26.360001,26.360001,3860900,-,38.843450,31.370000,28.310500,27.077000,2515900.0
01/27/2016,26.610001,26.969999,25.690001,25.830000,25.830000,4200500,-,38.882500,31.506200,28.581500,27.280000,2474792.0
01/26/2016,26.520000,27.150000,25.660000,26.870001,26.870001,4438700,-,38.924650,31.655000,28.879500,27.570000,2420640.0
01/25/2016,27.590000,28.059999,27.110001,27.209999,27.209999,2729900,-,38.968400,31.776000,29.124500,27.718000,2360974.0
01/22/2016,27.110001,27.870001,26.309999,27.750000,27.750000,2598900,-,39.008500,31.899400,29.358500,27.858000,2365490.0
01/21/2016,26.280001,27.180000,26.030001,26.730000,26.730000,2608600,-,39.042200,32.013200,29.548000,28.000000,2356542.0
01/20/2016,24.070000,26.320000,23.639999,25.990000,25.990000,5911800,-,39.081300,32.159600,29.794500,28.277000,2351554.0
01/19/2016,28.480000,28.700001,26.440001,26.459999,26.459999,5065300,-,39.123350,32.306000,30.056000,28.662000,2300934.0
01/15/2016,28.340000,28.510000,27.190001,28.280001,28.280001,3715500,-,39.163000,32.478800,30.304000,29.039000,2240708.0
01/14/2016,28.750000,29.660000,27.930000,29.290001,29.290001,3573600,-,39.191900,32.606400,30.487500,29.328000,2204328.0
01/13/2016,29.500000,29.950001,27.920000,28.389999,28.389999,3273400,-,39.220200,32.716000,30.552500,29.544000,2159918.0
01/12/2016,28.540001,29.139999,28.110001,28.730000,28.730000,2700100,-,39.254100,32.835400,30.654000,29.883000,2126852.0
01/11/2016,28.809999,28.930000,27.879999,28.350000,28.350000,3402700,-,39.283350,32.942000,30.744500,30.189000,2134788.0
01/08/2016,29.190001,29.469999,28.480000,28.610001,28.610001,3071300,-,39.309800,33.074400,30.917000,30.531000,2127340.0
01/07/2016,28.900000,29.639999,28.370001,29.170000,29.170000,2500200,-,39.332250,33.178600,31.122000,30.859000,2145158.0
01/06/2016,29.379999,29.580000,28.830000,29.500000,29.500000,3520000,-,39.357150,33.289800,31.389500,31.096000,2185070.0
01/05/2016,30.209999,30.309999,29.709999,29.840000,29.840000,2048700,-,39.382600,33.398000,31.639000,31.312000,2423406.0
01/04/2016,30.540001,30.990000,29.830000,30.230000,30.230000,3666500,-,39.409950,33.666000,31.908000,31.450000,2467020.0
12/31/2015,31.400000,31.650000,31.139999,31.170000,31.170000,1581100,-,39.436200,33.899600,32.131500,31.569000,2441896.0
12/30/2015,31.600000,32.240002,31.450001,31.450001,31.450001,1246600,-,39.454600,34.144000,32.368000,31.647000,2438960.0
12/29/2015,31.910000,32.000000,31.520000,31.780001,31.780001,824900,-,39.468650,34.388600,32.600500,31.561000,2453582.0
12/28/2015,31.700001,31.920000,31.490000,31.790001,31.790001,1013900,-,39.480250,34.622800,32.812500,31.425000,2463742.0
12/24/2015,31.780001,32.040001,31.719999,31.770000,31.770000,383800,-,39.487250,34.851800,33.057500,31.300000,2475162.0
12/23/2015,31.650000,31.950001,31.450001,31.889999,31.889999,861300,-,39.498150,35.053800,33.307000,31.303000,2497490.0
12/22/2015,31.670000,31.860001,31.309999,31.540001,31.540001,1313600,-,39.505600,35.248000,33.500000,31.385000,2508694.0
12/21/2015,31.500000,31.780001,31.200001,31.660000,31.660000,1442500,-,39.512400,35.473200,33.675000,31.683000,2503392.0
12/18/2015,31.440001,31.950001,31.139999,31.219999,31.219999,3208200,-,39.522750,35.700000,33.829500,31.966000,2498044.0
12/17/2015,32.000000,32.049999,31.410000,31.420000,31.420000,1866200,-,39.534650,35.931400,33.989500,32.366000,2472880.0
12/16/2015,30.950001,32.130001,30.469999,31.950001,31.950001,3077400,-,39.548750,36.164000,34.120500,32.694000,2491402.0
12/15/2015,30.680000,30.700001,30.260000,30.590000,30.590000,2117200,-,39.557450,36.394000,34.193500,33.089001,2451362.0
12/14/2015,30.370001,30.950001,29.830000,30.420000,30.420000,2848300,-,39.574650,36.666000,34.334000,33.640000,2432414.0
12/11/2015,31.450001,31.580000,30.400000,30.540001,30.540001,2484300,-,39.593050,36.931200,34.471500,34.200000,2404626.0
12/10/2015,32.639999,32.639999,31.570000,31.799999,31.799999,3438900,-,39.608400,37.181200,34.608000,34.815000,2376840.0
12/09/2015,34.520000,34.779999,32.570000,32.709999,32.709999,2966200,-,39.619650,37.394800,34.664000,35.311000,2348254.0
12/08/2015,34.049999,34.889999,33.799999,34.520000,34.520000,1395400,-,39.627300,37.585400,34.697500,35.615000,2324968.0
12/07/2015,35.270000,35.270000,34.360001,34.490002,34.490002,1330700,-,39.623300,37.751600,34.643500,35.667000,2341440.0
12/04/2015,34.750000,35.349998,34.639999,35.220001,35.220001,1252900,-,39.617450,37.964000,34.621500,35.693000,2340122.0
12/03/2015,35.950001,36.090000,34.560001,34.700001,34.700001,1455400,-,39.610550,38.177600,34.526000,35.613000,2341358.0
12/02/2015,36.029999,36.330002,35.750000,35.900002,35.900002,1062500,-,39.604550,38.403400,34.546000,35.547000,2341348.0
12/01/2015,36.250000,36.250000,35.610001,36.099998,36.099998,1661300,-,39.591500,38.593200,34.484000,35.298000,2345922.0
11/30/2015,36.720001,37.259998,36.009998,36.020000,36.020000,8448100,-,39.576000,38.783200,34.417500,35.028000,2338178.0
11/27/2015,36.740002,36.980000,36.450001,36.689999,36.689999,927300,-,39.562050,38.958800,34.334500,34.743000,2218672.0
11/25/2015,35.900002,37.160000,35.689999,36.759998,36.759998,2835000,-,39.543500,39.128600,34.203000,34.401000,2230356.0
11/24/2015,34.939999,35.810001,34.639999,35.750000,35.750000,2700600,-,39.523600,39.291400,34.113500,34.017000,2193030.0
11/23/2015,34.830002,35.310001,34.740002,35.040001,35.040001,2159400,-,39.506050,39.471000,34.017000,33.780000,2159286.0
11/20/2015,34.509998,35.009998,34.400002,34.750000,34.750000,1180700,-,39.488300,39.649600,34.001500,33.620000,2133210.0
11/19/2015,33.340000,34.529999,33.340000,34.419998,34.419998,1416900,-,39.473600,39.841200,34.009500,33.550000,2131718.0
11/18/2015,33.639999,34.200001,33.419998,34.040001,34.040001,1463900,-,39.460150,40.034000,34.450500,33.439000,2132594.0
11/17/2015,33.520000,34.099998,33.119999,33.410000,33.410000,1596900,-,39.445100,40.213400,34.844000,33.545000,2131890.0
11/16/2015,33.169998,33.529999,32.750000,33.400002,33.400002,1347000,-,39.430650,40.411200,35.343000,33.670000,2123988.0
11/13/2015,33.090000,33.549999,32.700001,33.169998,33.169998,1805500,-,39.413800,40.578200,35.857000,33.807000,2115626.0
11/12/2015,32.740002,33.830002,32.529999,33.270000,33.270000,1492900,-,39.397450,40.757800,36.373000,33.926000,2105966.0
11/11/2015,33.349998,33.430000,32.830002,32.919998,32.919998,1455400,-,39.377200,40.930600,36.871500,34.005000,2099176.0
11/10/2015,33.200001,33.450001,32.279999,33.380001,33.380001,2955700,-,39.369600,41.089400,37.319000,34.210000,2104866.0
11/09/2015,34.000000,34.119999,33.320000,33.439999,33.439999,2151500,-,39.364950,41.264600,37.730000,34.254000,2071050.0
11/06/2015,33.150002,34.200001,33.110001,34.049999,34.049999,2359200,-,39.360000,41.455000,38.198000,34.383000,2047152.0
11/05/2015,34.540001,34.910000,33.279999,33.310001,33.310001,3380800,-,39.349400,41.627200,38.645500,34.469000,2034866.0
11/04/2015,34.669998,35.150002,34.299999,35.099998,35.099998,2054000,-,39.340000,41.811800,39.119500,35.462000,1999840.0
11/03/2015,34.580002,35.290001,34.270000,34.660000,34.660000,1896500,-,39.320450,41.922600,39.517000,36.143000,1994610.0
11/02/2015,34.459999,34.889999,34.150002,34.770000,34.770000,1353100,-,39.302350,42.047800,39.956500,37.016000,2018686.0
10/30/2015,34.110001,34.619999,34.080002,34.360001,34.360001,1620100,-,39.283100,42.209600,40.427500,37.907000,2058858.0
10/29/2015,34.709999,35.110001,34.029999,34.060001,34.060001,3096900,-,39.262650,42.414600,40.893500,38.820000,2067804.0
10/28/2015,33.950001,35.270000,33.450001,34.970001,34.970001,3030300,-,39.246950,42.680200,41.342500,39.738000,2023188.0
10/27/2015,34.549999,35.349998,33.450001,33.820000,33.820000,3962200,-,39.226600,42.935800,41.718000,40.428000,1984438.0
10/26/2015,35.040001,35.240002,33.750000,34.730000,34.730000,4495800,-,39.211700,43.216400,42.139000,41.206000,1930918.0
10/23/2015,36.500000,36.830002,32.910000,34.910000,34.910000,15436800,-,39.193400,43.456200,42.544000,42.013000,1863220.0
10/22/2015,42.540001,44.630001,42.270000,43.240002,43.240002,4229400,-,39.174900,43.688000,43.054000,42.822000,1572882.0
10/21/2015,43.500000,43.500000,40.880001,41.910000,41.910000,2410300,-,39.110600,43.752800,43.187000,42.777000,1534050.0
10/20/2015,43.590000,43.750000,42.680000,43.389999,43.389999,1434300,-,39.050800,43.853200,43.391000,42.891000,1507024.0
10/19/2015,43.610001,44.480000,43.270000,43.680000,43.680000,1977700,-,38.986450,43.936200,43.491000,42.897000,1499232.0
10/16/2015,43.279999,43.580002,42.669998,43.490002,43.490002,1332900,-,38.922000,44.000600,43.587000,42.948000,1490068.0
10/15/2015,41.889999,43.389999,41.889999,43.240002,43.240002,1584900,-,38.857850,44.063600,43.652500,42.967000,1504778.0
10/14/2015,41.560001,42.320000,41.070000,41.869999,41.869999,1500200,-,38.796650,44.175400,43.749500,42.947000,1514982.0
10/13/2015,42.549999,43.169998,41.580002,41.599998,41.599998,1421500,-,38.743050,44.291600,43.901000,43.008000,1504594.0
10/12/2015,43.040001,43.160000,42.549999,42.799999,42.799999,1048500,-,38.691600,44.412600,44.057500,43.072000,1507040.0
10/09/2015,42.709999,43.180000,42.419998,43.000000,43.000000,1175100,-,38.633550,44.511400,44.116000,43.075000,1515264.0
10/08/2015,43.040001,43.130001,42.000000,42.790001,42.790001,1950000,-,38.573100,44.603000,44.182500,43.286000,1520576.0
10/07/2015,43.619999,43.990002,41.820000,43.049999,43.049999,2792300,-,38.512300,44.694400,44.246000,43.597001,1514522.0
10/06/2015,44.189999,44.660000,43.169998,43.450001,43.450001,1075400,-,38.447550,44.775800,44.244000,43.891001,1494194.0
10/05/2015,44.009998,44.340000,43.680000,44.189999,44.189999,1169800,-,38.378450,44.848800,44.236500,44.085001,1510802.0
10/02/2015,42.459999,43.709999,41.570000,43.680000,43.680000,1458900,-,38.299900,44.924800,44.114500,44.226001,1548476.0
10/01/2015,42.490002,43.139999,42.040001,43.040001,43.040001,1095000,-,38.221450,44.987800,44.038000,44.338000,1658934.0
09/30/2015,42.669998,43.139999,41.650002,42.480000,42.480000,2009600,-,38.147050,44.973000,43.981500,44.552000,1708270.0
09/29/2015,43.110001,43.360001,41.830002,42.240002,42.240002,1801900,-,38.075150,44.982600,43.900500,44.794001,1712840.0
09/28/2015,44.970001,45.250000,42.360001,42.830002,42.830002,2219000,-,38.005750,44.985800,43.895500,45.043000,1696292.0
09/25/2015,46.490002,46.500000,44.610001,45.110001,45.110001,1264800,-,37.930000,44.977400,43.902000,45.157000,1673622.0
09/24/2015,45.779999,46.029999,44.830002,45.900002,45.900002,1314700,-,37.843650,44.930400,43.779500,45.079000,1669618.0
09/23/2015,44.980000,46.240002,44.509998,45.990002,45.990002,1454900,-,37.753000,44.855200,43.611500,44.895000,1659740.0
09/22/2015,44.919998,45.470001,44.639999,45.389999,45.389999,1291200,-,37.662350,44.787600,43.344000,44.597000,1659606.0
09/21/2015,45.150002,46.160000,44.880001,45.599998,45.599998,1274100,-,37.573550,44.710000,43.120500,44.388000,1659358.0
09/18/2015,44.540001,45.360001,44.500000,44.799999,44.799999,2472800,-,37.482800,44.627000,42.983500,44.003000,1653016.0
09/17/2015,44.779999,45.930000,44.610001,45.180000,45.180000,1511500,-,37.396150,44.558600,42.974000,43.738000,1634332.0
09/16/2015,44.630001,45.200001,44.169998,44.900002,44.900002,968700,-,37.306750,44.466400,43.082000,43.411000,1636066.0
09/15/2015,44.029999,44.939999,43.860001,44.730000,44.730000,1013400,-,37.220050,44.380600,43.224500,43.007000,1656792.0
09/14/2015,44.320000,44.500000,43.709999,43.970001,43.970001,855600,-,37.134000,44.285400,43.380500,42.748000,1675692.0
09/11/2015,43.990002,44.419998,43.700001,44.330002,44.330002,1106100,-,37.050800,44.230600,43.518000,42.647000,1676208.0
09/10/2015,43.340000,44.529999,43.110001,44.060001,44.060001,1460700,-,36.966000,44.169600,43.626500,42.480000,1676252.0
09/09/2015,43.410000,43.970001,42.900002,43.009998,43.009998,1428700,-,36.881250,44.115000,43.747500,42.328000,1676436.0
09/08/2015,42.250000,43.369999,41.950001,43.299999,43.299999,1201800,-,36.801450,44.066800,43.943500,42.091000,1677836.0
09/04/2015,41.480000,42.220001,41.310001,41.750000,41.750000,928900,-,36.718800,44.035200,44.155500,41.853000,1696100.0
09/03/2015,41.869999,42.680000,41.730000,42.150002,42.150002,1322500,-,36.644800,44.039600,44.413000,41.964000,1701920.0
09/02/2015,41.549999,41.910000,40.700001,41.910000,41.910000,1153400,-,36.568500,44.030800,44.637500,42.210000,1757080.0
09/01/2015,41.020000,41.849998,40.509998,40.860001,40.860001,1739900,-,36.494650,44.056800,44.983500,42.753000,1760360.0
08/31/2015,42.810001,43.259998,41.860001,42.139999,42.139999,1264900,-,36.424950,44.110600,45.324500,43.442000,1751442.0
08/28/2015,42.330002,43.169998,42.080002,42.959999,42.959999,956600,-,36.350050,44.130200,45.600000,44.013000,1774242.0
08/27/2015,43.160000,43.560001,42.049999,42.660000,42.660000,1744900,-,36.271050,44.145800,45.839000,44.389000,1794276.0
08/26/2015,41.709999,42.830002,40.830002,42.540001,42.540001,1629500,-,36.193350,44.150400,46.085000,44.773000,1786374.0
08/25/2015,42.810001,42.950001,40.599998,40.639999,40.639999,1792500,-,36.116150,44.149200,46.326000,45.167000,1788102.0
08/24/2015,38.000000,42.580002,35.000000,40.919998,40.919998,3100300,-,36.045800,44.157800,46.650000,45.796000,1781990.0
08/21/2015,43.840000,44.029999,42.820000,42.860001,42.860001,3361700,-,35.973650,44.163800,46.959000,46.458000,1740558.0
08/20/2015,46.790001,47.000000,44.599998,44.610001,44.610001,2067400,-,35.891450,44.126600,47.215500,46.862000,1702998.0
08/19/2015,47.209999,48.099998,46.740002,47.340000,47.340000,866100,-,35.800000,44.058400,47.326501,47.065000,1676312.0
08/18/2015,47.990002,48.000000,47.330002,47.750000,47.750000,1092800,-,35.693550,43.926800,47.074500,47.214000,1685114.0
08/17/2015,46.500000,47.889999,46.200001,47.849998,47.849998,1286200,-,35.583500,43.783400,46.835000,47.207000,1694198.0
08/14/2015,46.240002,46.770000,46.060001,46.720001,46.720001,1110900,-,35.472950,43.647200,46.562501,47.187001,1704764.0
08/13/2015,46.540001,46.980000,46.160000,46.500000,46.500000,919900,-,35.368100,43.502800,46.347001,47.289001,1701608.0
08/12/2015,46.610001,46.919998,45.060001,46.480000,46.480000,2287800,-,35.262750,43.374400,46.160000,47.397001,1700224.0
08/11/2015,47.110001,47.700001,46.500000,46.930000,46.930000,1059000,-,35.159000,43.239400,45.943000,47.485001,1673436.0
08/10/2015,50.310001,50.310001,47.189999,47.540001,47.540001,1044700,-,35.051550,43.098000,45.727000,47.504001,1675426.0
08/07/2015,46.580002,46.900002,46.029999,46.900002,46.900002,1519500,-,34.939700,42.948400,45.425500,47.460001,1679100.0
08/06/2015,48.740002,48.970001,46.290001,46.639999,46.639999,2068400,-,34.831550,42.814000,45.153000,47.569001,1678644.0
08/05/2015,47.860001,49.209999,47.810001,48.830002,48.830002,2095100,-,34.723650,42.669800,44.890000,47.588001,1676550.0
08/04/2015,47.610001,47.830002,47.360001,47.680000,47.680000,980800,-,34.602600,42.479000,44.477000,46.935001,1657416.0
08/03/2015,47.639999,47.990002,46.959999,47.650002,47.650002,1543800,-,34.483050,42.311200,44.123500,46.463000,1660560.0
07/31/2015,47.549999,48.590000,47.299999,47.740002,47.740002,1459700,-,34.365000,42.134000,43.739500,45.938000,1650526.0
07/30/2015,47.310001,47.700001,46.709999,47.580002,47.580002,1440700,-,34.246450,41.955000,43.414000,45.405000,1659074.0
07/29/2015,47.200001,47.459999,46.509998,47.360001,47.360001,1647300,-,34.125750,41.785800,43.099000,44.923000,1669426.0
07/28/2015,47.430000,47.549999,46.240002,47.119999,47.119999,1775900,-,34.006850,41.629400,42.797500,44.401000,1671600.0
07/27/2015,47.610001,47.959999,46.810001,47.099998,47.099998,1905800,-,33.893050,41.459800,42.471500,43.950000,1655084.0
07/24/2015,47.299999,48.299999,47.250000,47.990002,47.990002,3053500,-,33.782250,41.294800,42.202500,43.391000,1652568.0
07/23/2015,47.209999,47.830002,46.000000,46.830002,46.830002,6981800,-,33.664050,41.103800,41.901500,42.737000,1620576.0
07/22/2015,43.060001,43.560001,42.110001,42.299999,42.299999,3561800,-,33.555550,40.940200,41.645500,42.192000,1507860.0
07/21/2015,42.470001,43.490002,41.980000,42.959999,42.959999,2238100,-,33.471800,40.873600,41.691000,42.019000,1464672.0
07/20/2015,42.410000,42.770000,42.080002,42.400002,42.400002,974500,-,33.381950,40.794600,41.720500,41.784000,1445300.0
07/17/2015,42.880001,42.900002,42.099998,42.410000,42.410000,1085500,-,33.293850,40.714600,41.756500,41.541000,1450030.0
07/16/2015,42.500000,42.779999,42.250000,42.759998,42.759998,1064600,-,33.208150,40.625200,41.823000,41.423000,1448350.0
07/15/2015,42.520000,42.689999,41.980000,42.139999,42.139999,820800,-,33.122100,40.526800,41.829500,41.275000,1457164.0
07/14/2015,41.680000,42.759998,41.520000,42.610001,42.610001,1448200,-,33.037850,40.458600,41.846500,41.194000,1465866.0
07/13/2015,41.959999,41.990002,41.259998,41.509998,41.509998,1278800,-,32.950000,40.374000,41.769500,40.993000,1464992.0
07/10/2015,41.730000,41.730000,41.070000,41.450001,41.450001,957000,-,32.871650,40.298600,41.755000,41.014000,1468536.0
07/09/2015,41.400002,42.139999,41.130001,41.380001,41.380001,1538600,-,32.791950,40.238000,41.732500,41.066000,1470818.0
07/08/2015,40.040001,40.759998,39.880001,40.570000,40.570000,1598200,-,32.715450,40.181600,41.723500,41.099000,1470634.0
07/07/2015,40.639999,40.680000,39.130001,40.610001,40.610001,2005000,-,32.644700,40.134200,41.733000,41.363000,1471140.0
07/06/2015,39.730000,40.490002,39.040001,39.970001,39.970001,1958400,-,32.575550,40.095600,41.731500,41.657000,1462836.0
07/02/2015,41.459999,41.599998,40.849998,41.230000,41.230000,881400,-,32.507100,40.070600,41.785000,41.972000,1468566.0
07/01/2015,41.840000,41.900002,41.029999,41.279999,41.279999,1108300,-,32.431450,40.007400,41.698500,42.223000,1496838.0
06/30/2015,40.980000,41.430000,40.759998,41.330002,41.330002,1469900,-,32.353450,39.943400,41.638500,42.384000,1669516.0
06/29/2015,40.709999,41.619999,40.549999,40.599998,40.599998,1498700,-,32.278900,39.809400,41.558500,42.499000,1708102.0
06/26/2015,42.000000,42.000000,41.070000,41.720001,41.720001,2115000,-,32.205650,39.671800,41.521500,42.546000,1723246.0
06/25/2015,41.860001,42.130001,41.730000,41.970001,41.970001,1219900,-,32.128600,39.528600,41.438500,42.496000,1709930.0
06/24/2015,41.820000,42.110001,40.770000,41.709999,41.709999,4080500,-,32.048800,39.386000,41.349000,42.399000,1716544.0
06/23/2015,43.689999,43.759998,43.000000,43.209999,43.209999,1317400,-,31.972500,39.235200,41.235000,42.348000,1668806.0
06/22/2015,43.639999,43.889999,43.240002,43.549999,43.549999,1294000,-,31.888450,39.056200,41.039000,42.103000,1684392.0
06/19/2015,43.889999,43.939999,42.959999,43.119999,43.119999,2404900,-,31.801550,38.897600,40.826000,41.806000,1688078.0
06/18/2015,43.270000,44.119999,43.060001,43.740002,43.740002,1958300,-,31.718300,38.739800,40.609501,41.598000,1675486.0
06/17/2015,42.480000,43.090000,42.470001,42.889999,42.889999,1349800,-,31.631700,38.554800,40.362000,41.174000,1676680.0
06/16/2015,41.360001,42.669998,41.200001,42.480000,42.480000,1715900,-,31.546300,38.388000,40.173500,40.893000,1679900.0
06/15/2015,40.820000,41.180000,40.119999,41.070000,41.070000,1486900,-,31.460400,38.226400,40.026501,40.618000,1674768.0
06/12/2015,40.950001,41.349998,40.520000,41.220001,41.220001,1028700,-,31.383000,38.092800,39.905000,40.497001,1659990.0
06/11/2015,41.200001,41.669998,40.840000,41.000000,41.000000,1483700,-,31.306300,37.949600,39.786500,40.381001,1673154.0
06/10/2015,40.950001,41.349998,40.669998,41.200001,41.200001,733100,-,31.228350,37.828600,39.658500,40.299001,1673064.0
06/09/2015,40.860001,40.860001,39.869999,40.759998,40.759998,1306200,-,31.149550,37.708000,39.531000,40.122001,1680204.0
06/08/2015,41.470001,41.490002,40.290001,40.580002,40.580002,1547000,-,31.073150,37.584400,39.441500,39.975001,1681542.0
06/05/2015,39.830002,41.180000,39.230000,41.040001,41.040001,1814500,-,30.996550,37.445600,39.363000,39.846001,1672034.0
06/04/2015,40.080002,40.169998,39.310001,39.500000,39.500000,953100,-,30.919050,37.286800,39.231000,39.621001,1667650.0
06/03/2015,39.950001,40.290001,39.610001,40.080002,40.080002,850700,-,30.848700,37.179800,39.153000,39.550001,1672616.0
06/02/2015,39.549999,40.130001,39.419998,39.730000,39.730000,948400,-,30.773850,37.070000,39.041000,39.454000,1682444.0
06/01/2015,40.250000,40.299999,39.430000,39.860001,39.860001,1158500,-,30.702250,36.981600,38.991000,39.435001,1712354.0
05/29/2015,40.240002,40.380001,39.599998,40.060001,40.060001,1228400,-,30.631150,36.894000,38.917000,39.313000,1719220.0
05/28/2015,39.410000,40.259998,39.360001,40.180000,40.180000,1496700,-,30.555100,36.789800,38.801000,39.192000,1738334.0
05/27/2015,39.299999,39.610001,38.669998,39.430000,39.430000,1963700,-,30.480100,36.671400,38.713000,39.018000,1732260.0
05/26/2015,39.830002,39.970001,38.970001,39.290001,39.290001,1138400,-,30.407150,36.564800,38.669500,38.940000,1710206.0
05/22/2015,38.750000,39.380001,38.500000,39.290001,39.290001,1138000,-,30.334150,36.442800,38.615000,38.908000,1713882.0
05/21/2015,38.970001,39.000000,38.590000,38.790001,38.790001,1042100,-,30.260250,36.336000,38.584500,38.880000,1712482.0
05/20/2015,39.340000,39.470001,38.480000,38.790001,38.790001,1887100,-,30.188600,36.227800,38.581000,38.841000,1709808.0
05/19/2015,39.740002,39.779999,38.360001,39.119999,39.119999,1958300,-,30.116700,36.110000,38.545000,38.756000,1690846.0
05/18/2015,38.840000,39.730000,38.500000,39.540001,39.540001,1756000,-,30.042000,36.002200,38.493000,38.628000,1671018.0
05/15/2015,38.860001,38.980000,38.560001,38.639999,38.639999,950100,-,29.967050,35.883400,38.247500,38.547000,1657700.0
05/14/2015,38.889999,39.099998,38.430000,38.849998,38.849998,1780000,-,29.901500,35.795400,38.001500,38.521000,1667722.0
05/13/2015,38.880001,39.060001,38.340000,38.439999,38.439999,1453900,-,29.832850,35.692200,37.787000,38.410000,1655784.0
05/12/2015,38.560001,38.910000,38.299999,38.650002,38.650002,1346000,-,29.767050,35.604000,37.607001,38.408000,1649688.0
05/11/2015,38.900002,39.369999,38.740002,38.970001,38.970001,1402400,-,29.701400,35.513000,37.383000,38.399000,1649762.0
05/08/2015,38.669998,39.230000,38.509998,39.009998,39.009998,1269500,-,29.636300,35.405800,37.147500,38.322000,1647886.0
05/07/2015,37.939999,38.529999,37.860001,38.400002,38.400002,1211000,-,29.561400,35.306600,36.978000,38.289000,1656088.0
05/06/2015,38.060001,38.279999,37.430000,37.939999,37.939999,1001500,-,29.490950,35.223400,36.819500,38.321000,1673760.0
05/05/2015,38.549999,38.700001,37.520000,37.840000,37.840000,1505300,-,29.421050,35.139000,36.647000,38.334000,1680374.0
05/04/2015,38.360001,39.320000,38.270000,38.730000,38.730000,1255900,-,29.351750,35.048600,36.482500,38.358001,1675896.0
05/01/2015,38.150002,38.590000,38.099998,38.380001,38.380001,1404500,-,29.276550,34.950800,36.266000,37.948001,1687724.0
04/30/2015,38.349998,38.660000,37.580002,37.740002,37.740002,1456000,-,29.205800,34.853200,36.066500,37.482001,1690498.0
04/29/2015,38.360001,38.730000,37.900002,38.419998,38.419998,1071100,-,29.137350,34.764200,35.882500,37.164001,1688096.0
04/28/2015,38.299999,38.680000,37.750000,38.560001,38.560001,1529400,-,29.066450,34.655800,35.709000,36.806001,1703546.0
04/27/2015,38.720001,38.770000,37.939999,38.200001,38.200001,1623500,-,28.994900,34.549200,35.539500,36.367001,1729754.0
04/24/2015,38.990002,38.990002,38.340000,38.680000,38.680000,1589800,-,28.924350,34.444800,35.358500,35.973000,1757718.0
04/23/2015,38.000000,38.900002,37.889999,38.720001,38.720001,2244900,-,28.852150,34.326800,35.106500,35.667000,1765362.0
04/22/2015,38.259998,38.439999,37.720001,38.070000,38.070000,2295000,-,28.777600,34.197200,34.825500,35.318000,1758844.0
04/21/2015,38.000000,38.980000,37.230000,38.080002,38.080002,9742200,-,28.711800,34.065600,34.629500,34.960000,1745652.0
04/20/2015,34.250000,34.820000,34.060001,34.630001,34.630001,3399200,-,28.647800,33.940200,34.455000,34.607000,1599436.0
04/17/2015,34.389999,34.430000,33.400002,33.720001,33.720001,2255900,-,28.600050,33.882200,34.489000,34.584000,1572596.0
04/16/2015,34.680000,34.900002,34.410000,34.560001,34.560001,1449200,-,28.557200,33.828400,34.577000,34.651000,1577852.0
04/15/2015,34.560001,34.919998,34.259998,34.840000,34.840000,1550600,-,28.510050,33.747600,34.591500,34.601000,1600992.0
04/14/2015,34.259998,34.470001,33.889999,34.169998,34.169998,1693600,-,28.459500,33.651400,34.562500,34.612000,1651988.0
04/13/2015,34.560001,35.799999,34.250000,34.259998,34.259998,2096700,-,28.410650,33.566000,34.559000,34.712000,1714660.0
04/10/2015,35.360001,35.860001,35.169998,35.619999,35.619999,1478300,-,28.361900,33.465200,34.505500,34.744000,1863752.0
04/09/2015,34.910000,35.330002,34.669998,35.230000,35.230000,1775300,-,28.303400,33.380800,34.422000,34.546000,1887426.0
04/08/2015,35.029999,35.080002,34.380001,34.490002,34.490002,2018000,-,28.248150,33.325200,34.329500,34.333000,1891034.0
04/07/2015,34.419998,35.080002,34.299999,34.549999,34.549999,1510800,-,28.197350,33.284400,34.250000,34.299000,1904094.0
04/06/2015,34.209999,34.669998,34.000000,34.400002,34.400002,1459300,-,28.147800,33.232000,34.209000,34.303000,1910444.0
04/02/2015,34.070000,34.430000,33.880001,34.389999,34.389999,748000,-,28.097850,33.172600,34.169000,34.394000,1923986.0
04/01/2015,34.970001,34.970001,33.660000,34.060001,34.060001,1686900,-,28.047600,33.108600,34.161500,34.503000,1927370.0
03/31/2015,35.090000,35.490002,34.810001,34.950001,34.950001,1479200,-,27.998150,33.048200,34.143000,34.582000,1916840.0
03/30/2015,34.740002,35.400002,34.650002,35.169998,35.169998,1090100,-,27.941500,32.967600,34.097000,34.513000,1914568.0
03/27/2015,33.750000,34.660000,33.750000,34.580002,34.580002,1373100,-,27.882800,32.869600,34.043500,34.406000,1915794.0
03/26/2015,32.900002,33.860001,32.669998,33.639999,33.639999,1071600,-,27.828800,32.796400,33.995000,34.266999,1908762.0
03/25/2015,34.340000,34.439999,32.970001,33.099998,33.099998,1595300,-,27.777050,32.741600,34.015500,34.298000,1913306.0
03/24/2015,34.700001,34.880001,34.130001,34.150002,34.150002,1201400,-,27.727450,32.696400,34.072500,34.326000,1907244.0
03/23/2015,35.150002,35.169998,34.400002,34.590000,34.590000,1342100,-,27.671850,32.634800,34.051000,34.201000,1910236.0
03/20/2015,35.599998,35.689999,35.200001,35.310001,35.310001,2443900,-,27.612850,32.567200,33.987500,34.115000,1912118.0
03/19/2015,34.790001,35.500000,34.509998,35.480000,35.480000,1501800,-,27.549050,32.468600,33.914000,33.943999,1891504.0
03/18/2015,34.450001,35.270000,34.180000,34.849998,34.849998,2184100,-,27.482650,32.358000,33.815000,33.820000,1905140.0
03/17/2015,34.000000,34.439999,33.849998,34.259998,34.259998,1193000,-,27.419050,32.271400,33.737000,33.704000,1897940.0
03/16/2015,33.400002,34.139999,33.340000,34.099998,34.099998,861000,-,27.360100,32.202000,33.674000,33.681000,1899310.0
03/13/2015,33.830002,34.029999,33.029999,33.189999,33.189999,1322200,-,27.302950,32.133200,33.630500,33.681000,1904838.0
03/12/2015,33.389999,33.970001,33.000000,33.950001,33.950001,1068000,-,27.248450,32.089400,33.620000,33.723000,1895038.0
03/11/2015,33.049999,33.410000,32.939999,33.380001,33.380001,908400,-,27.189500,32.033400,33.561500,33.733000,1891388.0
03/10/2015,33.369999,33.450001,32.779999,32.900002,32.900002,939000,-,27.132250,31.992000,33.504500,33.819000,1887400.0
03/09/2015,33.700001,33.860001,33.279999,33.730000,33.730000,966900,-,27.076550,31.957800,33.434000,33.901000,1883170.0
03/06/2015,34.130001,34.270000,33.490002,33.599998,33.599998,1090100,-,27.015000,31.901400,33.338000,33.860000,1895832.0
03/05/2015,33.660000,34.290001,33.450001,34.240002,34.240002,1451200,-,26.953300,31.842000,33.244500,33.884000,1907990.0
03/04/2015,33.930000,33.980000,33.480000,33.689999,33.689999,1183100,-,26.889600,31.759200,33.084000,33.810000,1957454.0
03/03/2015,34.099998,34.200001,33.560001,34.029999,34.029999,1149100,-,26.827250,31.678000,32.925500,33.770000,1980144.0
03/02/2015,33.580002,34.130001,33.330002,34.099998,34.099998,1349700,-,26.762400,31.567000,32.725500,33.667000,1987738.0
02/27/2015,34.000000,34.099998,33.509998,33.610001,33.610001,1308600,-,26.696050,31.444800,32.515500,33.580000,1993480.0
02/26/2015,34.200001,34.740002,34.020000,34.049999,34.049999,1679600,-,26.630900,31.335800,32.296000,33.517000,1996086.0
02/25/2015,33.750000,34.490002,33.709999,34.240002,34.240002,2094600,-,26.565600,31.216800,32.163500,33.390000,1982060.0
02/24/2015,33.430000,33.849998,33.349998,33.720001,33.720001,1332200,-,26.496200,31.099200,32.074000,33.190000,1980770.0
02/23/2015,33.759998,33.849998,33.080002,33.320000,33.320000,1281400,-,26.431000,30.978400,32.010500,32.967000,1980322.0
02/20/2015,33.419998,33.970001,33.400002,33.840000,33.840000,1847300,-,26.368200,30.868800,31.941000,32.816000,1987568.0
02/19/2015,33.279999,33.950001,33.110001,33.500000,33.500000,1543200,-,26.305750,30.747400,31.820500,32.605000,1985388.0
02/18/2015,33.150002,33.380001,33.020000,33.290001,33.290001,1335900,-,26.248000,30.634600,31.705000,32.358000,1974946.0
02/17/2015,33.049999,33.380001,32.919998,33.000000,33.000000,1843600,-,26.191350,30.521400,31.592500,32.081000,1979052.0
02/13/2015,33.349998,33.389999,32.939999,33.230000,33.230000,2839800,-,26.136050,30.410400,31.488500,31.784000,1957544.0
02/12/2015,32.980000,33.400002,32.779999,32.980000,32.980000,3021700,-,26.079800,30.295200,31.340500,31.451000,1932092.0
02/11/2015,32.259998,32.889999,32.169998,32.779999,32.779999,1972000,-,26.022900,30.181600,31.237500,31.075000,1888524.0
02/10/2015,31.740000,32.320000,31.469999,32.240002,32.240002,1919000,-,25.966300,30.077200,31.143500,30.937000,1856332.0
02/09/2015,31.600000,31.670000,31.240000,31.490000,31.490000,1635400,-,25.915350,29.982800,31.073500,30.958000,1830954.0
02/06/2015,31.990000,32.000000,31.600000,31.809999,31.809999,2431400,-,25.872550,29.899600,31.052500,31.054000,1845024.0
02/05/2015,31.260000,31.840000,31.260000,31.730000,31.730000,2057200,-,25.823700,29.810800,31.022500,31.066000,1822048.0
02/04/2015,30.370001,31.230000,30.330000,31.030001,31.030001,2518700,-,25.775200,29.718400,30.955000,31.036000,1803652.0
02/03/2015,30.110001,30.650000,29.900000,30.520000,30.520000,2606200,-,25.729050,29.638800,30.901000,31.052000,1786286.0
02/02/2015,29.740000,30.120001,28.940001,30.030001,30.030001,4100400,-,25.684650,29.563800,30.901000,31.104000,1758482.0
01/30/2015,28.920000,30.219999,28.879999,29.900000,29.900000,4827200,-,25.642200,29.502200,30.939000,31.193000,1696588.0
01/29/2015,29.500000,30.260000,28.570000,29.219999,29.219999,9551300,-,25.596500,29.442000,30.977000,31.230000,1616778.0
01/28/2015,32.970001,32.970001,31.270000,31.400000,31.400000,2662000,-,25.552950,29.400400,31.066000,31.400000,1458754.0
01/27/2015,31.959999,32.810001,31.840000,32.450001,32.450001,1955700,-,25.498300,29.310800,31.053500,31.350000,1421678.0
01/26/2015,32.639999,32.830002,32.090000,32.450001,32.450001,2671000,-,25.444400,29.205000,30.996500,31.189000,1407448.0
01/23/2015,31.530001,32.130001,31.230000,31.930000,31.930000,1828300,-,25.398650,29.099200,30.933500,31.051000,1372842.0
01/22/2015,31.020000,31.430000,30.270000,31.430000,31.430000,2136400,-,25.353100,29.003000,30.882500,30.979000,1366038.0
01/21/2015,31.010000,31.379999,30.820000,31.190001,31.190001,917200,-,25.307400,28.916400,30.842500,30.874000,1364416.0
01/20/2015,30.990000,31.370001,30.580000,31.040001,31.040001,1160400,-,25.261500,28.824000,30.788000,30.750000,1372766.0
01/16/2015,30.350000,30.969999,30.200001,30.920000,30.920000,1365600,-,25.218750,28.733000,30.717500,30.698000,1385914.0
01/15/2015,30.990000,31.100000,30.230000,30.270000,30.270000,1151400,-,25.178050,28.643000,30.595500,30.685000,1402720.0
01/14/2015,30.490000,31.010000,30.440001,30.920000,30.920000,1021500,-,25.140200,28.564000,30.481500,30.724000,1409510.0
01/13/2015,31.059999,31.680000,30.590000,30.900000,30.900000,1298800,-,25.095750,28.466600,30.343500,30.732000,1426488.0
01/12/2015,31.209999,31.370001,30.799999,30.840000,30.840000,1292200,-,25.050300,28.363400,30.203500,30.757000,1443390.0
01/09/2015,31.309999,31.410000,30.799999,31.070000,31.070000,1351000,-,25.005450,28.261400,30.079500,30.804000,1474926.0
01/08/2015,30.889999,31.480000,30.799999,31.209999,31.209999,1436200,-,24.958400,28.155000,29.910000,30.816000,1485090.0
01/07/2015,30.250000,30.660000,29.969999,30.379999,30.379999,1413200,-,24.913150,28.039400,29.741500,30.786000,1479784.0
01/06/2015,30.540001,30.760000,29.549999,29.950001,29.950001,2183600,-,24.872750,27.946400,29.611000,30.811000,1508432.0
01/05/2015,30.629999,30.990000,30.309999,30.520000,30.520000,1824100,-,24.838100,27.856200,29.506500,30.826000,1593110.0
01/02/2015,30.900000,31.190001,30.510000,30.790001,30.790001,1261500,-,24.803100,27.749200,29.362000,30.737000,1625846.0
12/31/2014,31.139999,31.320000,30.650000,30.660000,30.660000,1137400,-,24.767600,27.638800,29.195000,30.506000,1658362.0
12/30/2014,30.910000,31.160000,30.870001,31.000000,31.000000,832200,-,24.733200,27.526800,29.035500,30.239000,1679236.0
12/29/2014,31.260000,31.299999,30.920000,31.150000,31.150000,885500,-,24.694050,27.399200,28.850500,29.955000,1706526.0
12/26/2014,31.340000,31.490000,31.219999,31.309999,31.309999,709000,-,24.652550,27.251600,28.671000,29.650000,1751504.0
12/24/2014,30.900000,31.469999,30.809999,31.190001,31.190001,727500,-,24.609000,27.106200,28.481500,29.355000,1778536.0
12/23/2014,31.170000,31.170000,30.700001,30.910000,30.910000,1600000,-,24.568650,26.963000,28.288500,29.004000,1823038.0
12/22/2014,30.180000,30.900000,30.040001,30.629999,30.629999,1698000,-,24.528300,26.813600,28.111500,28.697000,1849518.0
12/19/2014,29.760000,30.190001,29.590000,30.100000,30.100000,3924400,-,24.490800,26.672600,27.935500,28.411000,1879056.0
12/18/2014,28.549999,29.629999,28.490000,29.629999,29.629999,2317600,-,24.457250,26.557800,27.783000,28.187000,1827448.0
12/17/2014,28.150000,28.500000,27.959999,28.480000,28.480000,1528800,-,24.426350,26.464000,27.640000,27.987000,1808374.0
12/16/2014,27.980000,28.320000,27.870001,27.990000,27.990000,1636800,-,24.400750,26.381400,27.563500,27.884000,1808098.0
12/15/2014,28.320000,28.500000,27.799999,28.160000,28.160000,1438900,-,24.378300,26.324200,27.508500,27.832000,1818558.0
12/12/2014,28.010000,28.330000,27.900000,28.100000,28.100000,978300,-,24.351350,26.272000,27.457500,27.746000,1824016.0
12/11/2014,27.680000,28.450001,27.680000,28.360001,28.360001,2030100,-,24.326600,26.209800,27.398500,27.692000,1831920.0
12/10/2014,27.799999,28.190001,27.620001,27.680000,27.680000,1309800,-,24.304100,26.138200,27.338500,27.608000,1824178.0
12/09/2014,27.270000,27.910000,26.870001,27.840000,27.840000,1643700,-,24.282600,26.090000,27.312500,27.573000,1824876.0
12/08/2014,27.740000,28.120001,27.690001,27.770000,27.770000,1738300,-,24.258700,26.044200,27.276500,27.526000,1820498.0
12/05/2014,27.700001,27.860001,27.410000,27.860001,27.860001,1021100,-,24.233000,25.994600,27.243000,27.460000,1821996.0
12/04/2014,27.430000,27.639999,27.110001,27.629999,27.629999,1541200,-,24.206750,25.938200,27.178500,27.379000,1831890.0
12/03/2014,27.459999,27.540001,27.110001,27.450001,27.450001,768200,-,24.181950,25.902400,27.121500,27.293000,1823542.0
12/02/2014,27.180000,27.580000,27.080000,27.469999,27.469999,1567200,-,24.155300,25.863600,27.070000,27.243000,1838528.0
12/01/2014,27.430000,27.520000,27.070000,27.299999,27.299999,843300,-,24.131950,25.835800,27.012500,27.185000,1830102.0
11/28/2014,27.500000,27.700001,27.379999,27.559999,27.559999,362400,-,24.105750,25.818200,26.950000,27.169000,1837662.0
11/26/2014,27.420000,27.600000,27.320000,27.520000,27.520000,650100,-,24.078900,25.802600,26.859000,27.105000,1856170.0
11/25/2014,27.379999,27.660000,27.129999,27.330000,27.330000,2338900,-,24.048600,25.777800,26.770000,27.069000,1884294.0
11/24/2014,27.180000,27.379999,27.049999,27.370001,27.370001,1282600,-,24.020050,25.753200,26.691000,27.052000,1874584.0
11/21/2014,27.299999,27.400000,27.010000,27.110001,27.110001,1137400,-,23.990650,25.719400,26.594000,27.027000,1871662.0
11/20/2014,26.540001,27.120001,26.510000,27.049999,27.049999,1650400,-,23.962650,25.705600,26.525000,27.026000,1887712.0
11/19/2014,26.940001,26.940001,26.280001,26.770000,26.770000,1216000,-,23.932300,25.683600,26.444500,26.978000,1909360.0
11/18/2014,26.940001,27.190001,26.889999,26.950001,26.950001,1005700,-,23.899550,25.674400,26.364500,26.950000,1931144.0
11/17/2014,27.100000,27.170000,26.850000,26.889999,26.889999,836700,-,23.868700,25.655600,26.280500,26.897000,1929588.0
11/14/2014,26.879999,27.250000,26.570000,27.139999,27.139999,1650100,-,23.835850,25.646800,26.189000,26.840000,1943230.0
11/13/2014,27.200001,27.350000,26.879999,26.920000,26.920000,808200,-,23.806150,25.632000,26.063000,26.731000,1935782.0
11/12/2014,26.969999,27.299999,26.820000,27.160000,27.160000,1244200,-,23.782250,25.617000,25.905500,26.613000,1945990.0
11/11/2014,26.980000,27.240000,26.850000,27.160000,27.160000,940700,-,23.753500,25.603200,25.749500,26.471000,1947322.0
11/10/2014,27.059999,27.250000,26.840000,27.120001,27.120001,1488100,-,23.727700,25.588400,25.593000,26.330000,1984162.0
11/07/2014,26.510000,27.200001,26.510000,27.100000,27.100000,2055300,-,23.699850,25.562200,25.409000,26.161000,1973372.0
11/06/2014,26.450001,26.850000,26.250000,26.570000,26.570000,1334700,-,23.672750,25.526200,25.233000,26.024000,1957988.0
11/05/2014,26.520000,26.620001,26.180000,26.490000,26.490000,1817800,-,23.646700,25.506600,25.122500,25.911000,1963226.0
11/04/2014,26.209999,26.549999,26.000000,26.420000,26.420000,2205900,-,23.621000,25.494400,25.045000,25.779000,1948016.0
11/03/2014,26.090000,26.450001,25.990000,26.320000,26.320000,1490900,-,23.595750,25.474200,24.941500,25.664000,1920822.0
10/31/2014,26.129999,26.299999,25.790001,26.049999,26.049999,1870400,-,23.571550,25.456600,24.882000,25.538000,1909278.0
10/30/2014,25.670000,25.990000,25.469999,25.740000,25.740000,2143900,-,23.548900,25.445200,24.857000,25.395000,1886356.0
10/29/2014,25.790001,25.830000,25.540001,25.740000,25.740000,2869000,-,23.527550,25.435600,24.819500,25.198000,1865336.0
10/28/2014,25.520000,25.799999,25.420000,25.750000,25.750000,1859200,-,23.503350,25.431600,24.771500,25.028000,1828628.0
10/27/2014,25.530001,25.629999,25.190001,25.430000,25.430000,1170900,-,23.472800,25.425200,24.747500,24.856000,1803932.0
10/24/2014,25.370001,25.830000,25.280001,25.730000,25.730000,2845600,-,23.443450,25.418800,24.753500,24.657000,1796660.0
10/23/2014,26.250000,26.680000,25.000000,25.440001,25.440001,6417500,-,23.412150,25.412400,24.731500,24.442000,1759676.0
10/22/2014,25.400000,25.650000,24.920000,25.170000,25.170000,3460900,-,23.384150,25.416400,24.711500,24.334000,1655484.0
10/21/2014,25.440001,25.660000,25.180000,25.270000,25.270000,2887300,-,23.357450,25.410000,24.745000,24.311000,1604984.0
10/20/2014,24.520000,25.150000,24.309999,25.059999,25.059999,2181100,-,23.327300,25.408200,24.757000,24.219000,1589028.0
10/17/2014,24.180000,25.059999,24.090000,24.620001,24.620001,2196700,-,23.298350,25.403800,24.808000,24.226000,1567108.0
10/16/2014,23.580000,24.100000,23.500000,23.770000,23.770000,3134400,-,23.270350,25.405200,24.898000,24.319000,1553972.0
10/15/2014,23.570000,24.320000,23.410000,24.040001,24.040001,2060600,-,23.247150,25.420000,25.048500,24.441000,1509364.0
10/14/2014,23.750000,24.330000,23.650000,24.030001,24.030001,2952600,-,23.221450,25.428400,25.160500,24.515000,1498904.0
10/13/2014,23.629999,23.930000,23.080000,23.440001,23.440001,2924000,-,23.195850,25.436000,25.264000,24.639000,1463184.0
10/10/2014,24.219999,24.450001,23.139999,23.580000,23.580000,3174900,-,23.173050,25.450800,25.376000,24.850000,1442298.0
10/09/2014,24.900000,25.160000,24.299999,24.360001,24.360001,1344000,-,23.149650,25.470200,25.518000,25.021000,1405696.0
10/08/2014,24.379999,25.020000,23.959999,24.940001,24.940001,1363900,-,23.122700,25.493600,25.597500,25.089000,1399654.0
10/07/2014,24.930000,25.180000,24.330000,24.350000,24.350000,1515000,-,23.090150,25.497200,25.666000,25.179000,1404638.0
10/06/2014,24.920000,25.420000,24.620001,25.129999,25.129999,2159800,-,23.057800,25.515800,25.749000,25.295000,1411296.0
10/03/2014,25.240000,25.740000,25.120001,25.549999,25.549999,1711800,-,23.022400,25.523600,25.815000,25.390000,1443838.0
10/02/2014,24.760000,25.110001,24.360001,24.990000,24.990000,1373500,-,22.984050,25.531600,25.857500,25.477000,1531430.0
10/01/2014,25.260000,25.330000,24.709999,24.780001,24.780001,1643000,-,22.948300,25.512400,25.916500,25.656000,1560266.0
09/30/2014,25.510000,25.700001,25.260000,25.270000,25.270000,1344700,-,22.912800,25.503000,26.001000,25.806000,1555944.0
09/29/2014,25.049999,25.570000,24.809999,25.549999,25.549999,1424800,-,22.874200,25.476800,26.058500,25.889000,1549376.0
09/26/2014,25.120001,25.320000,24.969999,25.290001,25.290001,1813200,-,22.835400,25.445400,26.071500,25.902000,1549126.0
09/25/2014,25.760000,25.830000,25.030001,25.040001,25.040001,1515800,-,22.799450,25.413400,26.072000,26.015000,1541486.0
09/24/2014,25.670000,25.990000,25.600000,25.840000,25.840000,1123800,-,22.764450,25.397200,26.099500,26.106000,1574330.0
09/23/2014,25.990000,26.010000,25.510000,25.510000,25.510000,1517500,-,22.723750,25.361400,26.101500,26.153000,1573628.0
09/22/2014,26.309999,26.370001,25.990000,26.080000,26.080000,1145900,-,22.684400,25.336000,26.096500,26.203000,1559424.0
09/19/2014,26.840000,26.840000,26.190001,26.420000,26.420000,1221300,-,22.641700,25.299400,26.064500,26.240000,1560078.0
09/18/2014,26.400000,26.809999,26.400000,26.780001,26.780001,1287800,-,22.594900,25.252800,26.017500,26.238000,1567372.0
09/17/2014,26.290001,26.760000,26.240000,26.280001,26.280001,2056300,-,22.544800,25.202000,25.941500,26.177000,1598028.0
09/16/2014,25.620001,26.120001,25.440001,26.100000,26.100000,1853400,-,22.498900,25.152600,25.904500,26.196000,1669284.0
09/15/2014,26.360001,26.360001,25.600000,25.680000,25.680000,1136500,-,22.466600,25.128800,25.871000,26.228000,1662422.0
09/12/2014,25.969999,26.440001,25.660000,26.420000,26.420000,1939900,-,22.436200,25.120800,25.842500,26.241000,1660638.0
09/11/2014,26.450001,26.490000,25.920000,25.950001,25.950001,2732800,-,22.401200,25.094000,25.792000,26.129000,1643334.0
09/10/2014,26.110001,26.719999,26.000000,26.309999,26.309999,2305200,-,22.369950,25.078000,25.776500,26.093000,1626508.0
09/09/2014,26.360001,26.389999,25.990000,26.010000,26.010000,927900,-,22.335950,25.054400,25.703500,26.050000,1615102.0
09/08/2014,26.440001,26.780001,26.219999,26.450001,26.450001,1518800,-,22.302850,25.028800,25.662000,25.990000,1618300.0
09/05/2014,26.110001,26.540001,26.049999,26.400000,26.400000,1277700,-,22.267750,24.987800,25.581500,25.889000,1600864.0
09/04/2014,26.540001,26.660000,26.120001,26.170000,26.170000,1318600,-,22.234600,24.950000,25.496000,25.797000,1597952.0
09/03/2014,26.750000,26.799999,26.139999,26.469999,26.469999,1310800,-,22.205600,24.905000,25.413000,25.706000,1595144.0
09/02/2014,25.870001,26.639999,25.870001,26.420000,26.420000,2782700,-,22.172850,24.859200,25.312500,25.613000,1589094.0
08/29/2014,25.450001,25.809999,25.350000,25.809999,25.809999,948600,-,22.140700,24.817400,25.212000,25.514000,1567878.0
08/28/2014,25.440001,25.490000,24.950001,25.299999,25.299999,1286100,-,22.110150,24.794000,25.130500,25.444000,1575454.0
08/27/2014,25.870001,26.350000,25.549999,25.590000,25.590000,1596600,-,22.082500,24.776200,25.093000,25.455000,1584900.0
08/26/2014,25.490000,25.950001,25.379999,25.879999,25.879999,1057300,-,22.051750,24.751200,25.090000,25.460000,1594020.0
08/25/2014,25.600000,25.600000,25.209999,25.410000,25.410000,846200,-,22.019350,24.717000,25.052000,25.357000,1605982.0
08/22/2014,25.490000,25.600000,25.110001,25.440001,25.440001,913700,-,21.992000,24.681200,25.045500,25.334000,1608190.0
08/21/2014,25.240000,25.540001,25.110001,25.480000,25.480000,724300,-,21.964900,24.641000,25.049500,25.274000,1616772.0
08/20/2014,25.320000,25.480000,25.040001,25.260000,25.260000,1092900,-,21.937900,24.607000,25.073000,25.195000,1644716.0
08/19/2014,25.540001,25.760000,25.370001,25.540001,25.540001,1033600,-,21.910350,24.567600,25.011500,25.120000,1639760.0
08/18/2014,25.260000,25.459999,25.160000,25.430000,25.430000,624400,-,21.883300,24.520400,24.950000,25.012000,1638892.0
08/15/2014,25.510000,25.559999,24.930000,25.110001,25.110001,807300,-,21.855700,24.472400,24.876500,24.910000,1645768.0
08/14/2014,25.570000,25.700001,25.389999,25.410000,25.410000,996400,-,21.830850,24.426000,24.820000,24.817000,1661648.0
08/13/2014,25.030001,25.650000,25.000000,25.639999,25.639999,1207900,-,21.804200,24.368800,24.734000,24.731000,1665788.0
08/12/2014,25.110001,25.309999,24.820000,24.850000,24.850000,935900,-,21.776350,24.300000,24.663500,24.720000,1668812.0
08/11/2014,24.980000,25.410000,24.770000,25.180000,25.180000,2089500,-,21.756300,24.245600,24.623500,24.747000,1676980.0
08/08/2014,24.700001,24.969999,24.580000,24.840000,24.840000,1085100,-,21.733200,24.191400,24.576500,24.757000,1674074.0
08/07/2014,24.620001,25.059999,24.559999,24.690001,24.690001,1539900,-,21.712450,24.148000,24.547000,24.825000,1694896.0
08/06/2014,24.260000,24.680000,24.190001,24.510000,24.510000,904000,-,21.692300,24.100000,24.517000,24.951000,1688604.0
08/05/2014,24.270000,24.600000,24.110001,24.459999,24.459999,1537600,-,21.670750,24.053000,24.503500,24.903000,1693148.0
08/04/2014,24.139999,24.520000,24.049999,24.410000,24.410000,1166600,-,21.646900,24.002400,24.471000,24.888000,1682246.0
08/01/2014,24.490000,24.660000,23.969999,24.180000,24.180000,1879700,-,21.626600,23.949400,24.496000,24.843000,1679076.0
07/31/2014,25.230000,25.309999,24.540001,24.549999,24.549999,1344800,-,21.606200,23.894200,24.551000,24.823000,1655150.0
07/30/2014,25.340000,25.590000,25.160000,25.530001,25.530001,1041900,-,21.589900,23.828400,24.577500,24.737000,1650092.0
07/29/2014,25.280001,25.450001,25.090000,25.120001,25.120001,1613100,-,21.568250,23.747800,24.558500,24.607000,1657768.0
07/28/2014,25.459999,25.480000,24.980000,25.280001,25.280001,1847900,-,21.548450,23.669800,24.559000,24.500000,1646814.0
07/25/2014,25.629999,25.900000,25.379999,25.520000,25.520000,3786900,-,21.525950,23.585400,24.531500,24.396000,1645860.0
07/24/2014,26.080000,26.230000,25.000000,25.950001,25.950001,6091400,-,21.505100,23.491600,24.475500,24.269000,1592414.0
07/23/2014,24.299999,24.680000,23.950001,24.030001,24.030001,2815300,-,21.485250,23.384200,24.403500,24.083000,1511128.0
07/22/2014,24.120001,24.620001,24.030001,24.309999,24.309999,1426900,-,21.473550,23.323400,24.398000,24.104000,1522524.0
07/21/2014,23.920000,24.180000,23.799999,23.959999,23.959999,1016300,-,21.454650,23.244400,24.391500,24.054000,1559216.0
07/18/2014,23.809999,24.000000,23.610001,23.980000,23.980000,1412300,-,21.440100,23.178800,24.410000,24.149000,1580494.0
07/17/2014,24.150000,24.410000,23.670000,23.690001,23.690001,1431200,-,21.424450,23.114400,24.443000,24.279000,1612666.0
07/16/2014,24.170000,24.490000,24.030001,24.230000,24.230000,3158000,-,21.407300,23.067600,24.479000,24.418000,1617512.0
07/15/2014,24.280001,24.400000,23.850000,24.049999,24.049999,1088700,-,21.388050,23.022000,24.484500,24.510000,1582418.0
07/14/2014,24.450001,24.530001,24.190001,24.240000,24.240000,807300,-,21.370750,22.980200,24.490500,24.618000,1596764.0
07/11/2014,24.120001,24.389999,24.040001,24.250000,24.250000,1178600,-,21.351450,22.934200,24.459500,24.667000,1624082.0
07/10/2014,23.750000,24.180000,23.450001,24.090000,24.090000,1586000,-,21.332150,22.888800,24.418500,24.682000,1628578.0
07/09/2014,24.160000,24.459999,23.809999,24.240000,24.240000,2820600,-,21.315600,22.839000,24.403000,24.724000,1640874.0
07/08/2014,24.799999,24.799999,23.070000,23.809999,23.809999,5619100,-,21.300650,22.783400,24.355500,24.692000,1648510.0
07/07/2014,25.290001,25.350000,24.850000,24.910000,24.910000,1510300,-,21.287000,22.748200,24.324000,24.729000,1580844.0
07/03/2014,25.170000,25.420000,25.070000,25.280001,25.280001,1047300,-,21.267150,22.708600,24.230000,24.671000,1682320.0
07/02/2014,25.330000,25.450001,25.030001,25.080000,25.080000,1074700,-,21.244750,22.643800,24.105500,24.607000,1732478.0
07/01/2014,25.180000,25.459999,25.040001,25.150000,25.150000,1891500,-,21.221950,22.582800,23.979000,24.540000,1803234.0
06/30/2014,24.660000,25.129999,24.660000,25.129999,25.129999,1734900,-,21.199150,22.515800,23.831500,24.459000,1793108.0
06/27/2014,24.320000,24.740000,24.320000,24.730000,24.730000,1087800,-,21.176450,22.446000,23.681500,24.363000,1791118.0
06/26/2014,24.469999,24.670000,24.290001,24.400000,24.400000,647000,-,21.155550,22.382200,23.568500,24.252000,1835998.0
06/25/2014,23.820000,24.530001,23.790001,24.510000,24.510000,1132100,-,21.136500,22.309400,23.482000,24.155000,1881732.0
06/24/2014,24.260000,24.350000,23.850000,23.920000,23.920000,1178200,-,21.115700,22.229400,23.371000,24.082000,1908634.0
06/23/2014,24.330000,24.440001,24.139999,24.180000,24.180000,1008300,-,21.096250,22.160400,23.283000,24.019000,1972030.0
06/20/2014,24.580000,24.580000,24.150000,24.330000,24.330000,1721900,-,21.074400,22.110200,23.170500,23.919000,2046530.0
06/19/2014,24.520000,24.670000,24.309999,24.639999,24.639999,1327400,-,21.051750,22.089600,23.042000,23.789000,2037318.0
06/18/2014,24.430000,24.490000,23.930000,24.410000,24.410000,1758400,-,21.027350,22.053200,22.881000,23.604000,2059412.0
06/17/2014,24.080000,24.570000,24.020000,24.340000,24.340000,2052600,-,21.004300,22.010800,22.723500,23.418000,2089240.0
06/16/2014,23.549999,24.219999,23.500000,24.170000,24.170000,1655400,-,20.982850,21.964200,22.581500,23.204000,2099288.0
06/13/2014,23.430000,23.700001,23.280001,23.620001,23.620001,956600,-,20.960550,21.930600,22.434000,23.000000,2102622.0
06/12/2014,23.730000,23.889999,23.410000,23.430000,23.430000,1342800,-,20.941450,21.913800,22.306000,22.885000,2120246.0
06/11/2014,23.420000,23.840000,23.270000,23.780001,23.780001,2121500,-,20.925300,21.899200,22.176000,22.809000,2122996.0
06/10/2014,23.129999,23.370001,22.510000,23.290001,23.290001,845100,-,20.908100,21.864200,22.016000,22.660000,2103316.0
06/09/2014,23.010000,23.340000,22.920000,23.180000,23.180000,990200,-,20.893350,21.834600,21.901000,22.547000,2115646.0
06/06/2014,22.860001,23.120001,22.700001,23.030001,23.030001,968200,-,20.878350,21.808400,21.760000,22.422000,2138966.0
06/05/2014,22.590000,22.980000,22.520000,22.790001,22.790001,1601300,-,20.863150,21.781000,21.642500,22.295000,2164252.0
06/04/2014,22.129999,22.610001,22.010000,22.549999,22.549999,1203400,-,20.849450,21.768400,21.541000,22.158000,2165128.0
06/03/2014,22.080000,22.250000,21.940001,22.200001,22.200001,1359100,-,20.836150,21.763400,21.481000,22.029000,2212978.0
06/02/2014,22.530001,22.620001,21.969999,22.129999,22.129999,1344300,-,20.826200,21.779800,21.468500,21.959000,2253590.0
05/30/2014,22.629999,22.740000,22.260000,22.469999,22.469999,1944200,-,20.820850,21.807600,21.460000,21.868000,2250782.0
05/29/2014,22.379999,22.879999,22.360001,22.670000,22.670000,2126200,-,20.814050,21.832000,21.433500,21.727000,2237632.0
05/28/2014,22.170000,22.330000,21.840000,22.290001,22.290001,1225300,-,20.804900,21.854200,21.399000,21.543000,2227046.0
05/27/2014,22.000000,22.160000,21.930000,22.160000,22.160000,1131200,-,20.797050,21.871800,21.364500,21.372000,2234716.0
05/23/2014,21.799999,22.000000,21.469999,21.930000,21.930000,992500,-,20.790400,21.885600,21.329500,21.255000,2237366.0
05/22/2014,21.459999,21.940001,21.430000,21.760000,21.760000,1008100,-,20.783950,21.899000,21.335500,21.098000,2248134.0
05/21/2014,21.330000,21.540001,21.250000,21.420000,21.420000,683400,-,20.779600,21.926200,21.394000,20.990000,2249852.0
05/20/2014,21.440001,21.600000,21.150000,21.260000,21.260000,1091900,-,20.778050,21.954600,21.425000,20.924000,2259870.0
05/19/2014,21.110001,21.590000,21.100000,21.500000,21.500000,1425700,-,20.778450,21.992000,21.463500,20.933000,2262350.0
05/16/2014,21.070000,21.270000,20.820000,21.219999,21.219999,1065400,-,20.777650,22.029800,21.478500,20.978000,2257954.0
05/15/2014,20.719999,21.129999,20.270000,21.059999,21.059999,1800200,-,20.777800,22.074400,21.499500,21.052000,2294898.0
05/14/2014,20.570000,21.090000,20.440001,20.830000,20.830000,1114600,-,20.773350,22.120400,21.523500,21.140000,2295748.0
05/13/2014,21.010000,21.190001,20.559999,20.580000,20.580000,2027100,-,20.771050,22.173800,21.520000,21.255000,2315084.0
05/12/2014,20.469999,21.030001,20.430000,20.990000,20.990000,3385100,-,20.771800,22.217600,21.516500,21.357000,2309442.0
05/09/2014,20.629999,20.770000,20.290001,20.360001,20.360001,3261500,-,20.771750,22.260800,21.490500,21.404000,2289894.0
05/08/2014,20.650000,21.180000,20.520000,20.680000,20.680000,2080200,-,20.776700,22.330800,21.556000,21.573000,2265660.0
05/07/2014,21.330000,21.330000,20.490000,20.760000,20.760000,3020900,-,20.780450,22.384800,21.687000,21.798000,2270750.0
05/06/2014,21.830000,21.969999,21.299999,21.350000,21.350000,1673500,-,20.778850,22.430800,21.790000,21.926000,2250478.0
05/05/2014,21.740000,22.020000,21.600000,21.950001,21.950001,1403300,-,20.774350,22.456400,21.837000,21.994000,2238892.0
05/02/2014,21.980000,22.250000,21.799999,21.959999,21.959999,1806000,-,20.766750,22.469600,21.840000,21.979000,2241810.0
05/01/2014,22.030001,22.290001,21.799999,21.940001,21.940001,2173200,-,20.759050,22.483800,21.866500,21.947000,2238176.0
04/30/2014,21.590000,22.040001,21.370001,21.980000,21.980000,1403400,-,20.749050,22.487400,21.908500,21.907000,2236998.0
04/29/2014,21.360001,21.870001,21.000000,21.600000,21.600000,2200800,-,20.739150,22.503800,21.944500,21.785000,2265792.0
04/28/2014,22.059999,22.270000,20.850000,21.459999,21.459999,3202400,-,20.731300,22.513000,21.966000,21.676000,2238790.0
04/25/2014,22.780001,22.799999,21.910000,22.049999,22.049999,2235800,-,20.723600,22.527600,21.983500,21.577000,2214368.0
04/24/2014,23.160000,23.160000,21.740000,22.930000,22.930000,6584100,-,20.711650,22.515800,21.974500,21.539000,2198958.0
04/23/2014,22.190001,22.190001,21.719999,22.040001,22.040001,3555200,-,20.690450,22.489600,21.911000,21.576000,2098066.0
04/22/2014,21.770000,22.190001,21.700001,22.030001,22.030001,4612500,-,20.672050,22.478600,21.917000,21.654000,2065772.0
04/21/2014,21.639999,21.950001,21.500000,21.799999,21.799999,1385200,-,20.653100,22.468200,21.930500,21.680000,2031338.0
04/17/2014,21.480000,21.770000,21.240000,21.639999,21.639999,1635400,-,20.634000,22.451800,21.991500,21.701000,2060554.0
04/16/2014,20.840000,21.690001,20.799999,21.540001,21.540001,3331800,-,20.612500,22.423400,22.085500,21.786000,2072248.0
04/15/2014,20.590000,20.840000,20.040001,20.760000,20.760000,2933700,-,20.591200,22.408200,22.193000,21.910000,2076648.0
04/14/2014,20.799999,21.020000,20.270000,20.510000,20.510000,2477200,-,20.574900,22.399400,22.344000,22.104000,2115422.0
04/11/2014,21.260000,21.540001,20.260000,20.469999,20.469999,4348000,-,20.558900,22.413200,22.477000,22.256000,2155480.0
04/10/2014,22.900000,22.950001,21.389999,21.670000,21.670000,4733300,-,20.542000,22.446600,22.596000,22.390000,2244026.0
04/09/2014,22.860001,23.330000,22.650000,23.299999,23.299999,1261300,-,20.517300,22.441400,22.642500,22.410000,2290320.0
04/08/2014,22.389999,23.080000,22.090000,22.820000,22.820000,2432100,-,20.483450,22.415400,22.633500,22.246000,2771324.0
04/07/2014,22.000000,22.719999,21.900000,22.290001,22.290001,3249800,-,20.456050,22.390000,22.634500,22.180000,2805366.0
04/04/2014,22.750000,22.820000,21.549999,22.010000,22.010000,2555000,-,20.432900,22.377800,22.676500,22.181000,2901436.0
04/03/2014,22.760000,22.980000,22.320000,22.490000,22.490000,1822100,-,20.411600,22.364800,22.745500,22.282000,2891460.0
04/02/2014,23.299999,23.330000,22.629999,22.780001,22.780001,1837800,-,20.389250,22.342000,22.793500,22.385000,2897512.0
04/01/2014,22.129999,22.740000,22.070000,22.700001,22.700001,1480300,-,20.365350,22.313800,22.822500,22.476000,2896178.0
03/31/2014,21.959999,22.230000,21.879999,22.030001,22.030001,1137500,-,20.340550,22.289400,22.862500,22.584000,2909724.0
03/28/2014,22.000000,22.110001,21.629999,21.809999,21.809999,1461600,-,20.320750,22.279200,22.899500,22.698000,2952810.0
03/27/2014,21.690001,21.920000,21.420000,21.870001,21.870001,2156200,-,20.302500,22.272400,22.966500,22.802000,3013324.0
03/26/2014,22.270000,22.430000,21.650000,21.660000,21.660000,2232500,-,20.284650,22.253000,23.066000,22.875000,3107298.0
03/25/2014,22.490000,22.670000,21.980000,22.160000,22.160000,1645100,-,20.269500,22.212600,23.152000,23.021000,3188612.0
03/24/2014,23.090000,23.120001,21.959999,22.299999,22.299999,3595900,-,20.251950,22.160600,23.197000,23.089000,3277182.0
03/21/2014,23.570000,23.750000,22.809999,23.020000,23.020000,3389700,-,20.232650,22.104000,23.213500,23.172000,3242748.0
03/20/2014,23.660000,23.900000,23.400000,23.520000,23.520000,1203900,-,20.207900,22.040400,23.193000,23.209000,3217766.0
03/19/2014,23.760000,23.840000,23.469999,23.690001,23.690001,1286700,-,20.181350,21.966600,23.150500,23.202000,3248950.0
03/18/2014,23.209999,23.920000,23.139999,23.780001,23.780001,1596900,-,20.155400,21.877600,23.072000,23.169000,3323138.0
03/17/2014,23.270000,23.299999,22.889999,23.170000,23.170000,1608800,-,20.132800,21.787400,23.023000,23.141000,3338228.0
03/14/2014,22.500000,22.940001,22.500000,22.850000,22.850000,1263700,-,20.113400,21.704400,22.967500,23.101000,3359912.0
03/13/2014,23.309999,23.360001,22.379999,22.600000,22.600000,1530900,-,20.093800,21.630000,22.934500,23.131000,3382826.0
03/12/2014,22.809999,23.160000,22.600000,23.120001,23.120001,1094000,-,20.073850,21.556000,22.877500,23.257000,3385092.0
03/11/2014,23.170000,23.410000,22.700001,22.840000,22.840000,1184300,-,20.049800,21.471800,22.802500,23.283000,3388282.0
03/10/2014,23.299999,23.430000,22.910000,23.129999,23.129999,1215900,-,20.027600,21.392600,22.735000,23.305000,3394228.0
03/07/2014,23.549999,23.610001,23.250000,23.389999,23.389999,1205900,-,20.005500,21.308000,22.654000,23.255000,3382928.0
03/06/2014,23.389999,23.580000,22.950001,23.450001,23.450001,2912600,-,19.984550,21.219600,22.533500,23.177000,3424344.0
03/05/2014,23.530001,23.740000,23.350000,23.360001,23.360001,1842700,-,19.963650,21.119200,22.372000,23.099000,3469260.0
03/04/2014,23.650000,23.750000,23.240000,23.500000,23.500000,2081400,-,19.941650,21.009600,22.243000,22.975000,3468140.0
03/03/2014,22.900000,23.010000,22.570000,22.770000,22.770000,1745000,-,19.916650,20.900600,22.084000,22.905000,3467212.0
02/28/2014,23.910000,23.910000,22.850000,23.150000,23.150000,2407700,-,19.893750,20.802800,22.005500,22.834000,3471406.0
02/27/2014,23.430000,23.930000,23.420000,23.860001,23.860001,2049800,-,19.869300,20.696600,21.955000,22.738000,3460636.0
02/26/2014,22.950001,23.620001,22.950001,23.379999,23.379999,2334700,-,19.840400,20.573000,21.832500,22.498000,3444274.0
02/25/2014,22.600000,23.209999,22.540001,23.059999,23.059999,2007300,-,19.817250,20.456400,21.763500,22.322000,3424704.0
02/24/2014,22.660000,22.950001,22.610001,22.629999,22.629999,1094200,-,19.792450,20.351000,21.688000,22.165000,3412946.0
02/21/2014,22.690001,22.900000,22.400000,22.610001,22.610001,1549200,-,19.770400,20.260400,21.640500,22.053000,3439960.0
02/20/2014,22.160000,22.700001,22.010000,22.670000,22.670000,1624300,-,19.747900,20.169000,21.578000,21.890000,3475384.0
02/19/2014,22.620001,22.680000,22.100000,22.120001,22.120001,2114300,-,19.725450,20.069600,21.512000,21.645000,3502738.0
02/18/2014,22.049999,22.809999,22.049999,22.799999,22.799999,2843100,-,19.705250,19.980000,21.474500,21.511000,3537818.0
02/14/2014,22.200001,22.270000,22.000000,22.059999,22.059999,850700,-,19.681600,19.874800,21.408500,21.263000,3575500.0
02/13/2014,21.540001,22.200001,21.450001,22.190001,22.190001,1981300,-,19.660500,19.774800,21.381500,21.177000,3662958.0
02/12/2014,21.600000,21.690001,21.360001,21.459999,21.459999,1465300,-,19.639350,19.666200,21.345500,21.172000,3794850.0
02/11/2014,21.590000,21.740000,21.459999,21.620001,21.620001,1539500,-,19.621300,19.579000,21.317500,21.167000,4026498.0
02/10/2014,21.490000,21.650000,21.260000,21.490000,21.490000,1940500,-,19.600000,19.539400,21.218500,21.205000,4010916.0
02/07/2014,21.100000,21.590000,21.010000,21.510000,21.510000,2890800,-,19.580450,19.501600,21.122000,21.211000,3994886.0
02/06/2014,20.250000,21.049999,20.240000,20.980000,20.980000,2846000,-,19.560550,19.459800,21.020000,21.228000,3952080.0
02/05/2014,20.610001,20.670000,20.090000,20.219999,20.219999,2220100,-,19.544650,19.434200,20.963000,21.266000,3928118.0
02/04/2014,20.790001,20.879999,20.270000,20.780001,20.780001,3551800,-,19.532450,19.420000,20.943500,21.379000,3907084.0
02/03/2014,21.049999,21.260000,20.230000,20.320000,20.320000,4872400,-,19.516200,19.392200,20.866500,21.438000,3850378.0
01/31/2014,21.690001,21.860001,21.010000,21.200001,21.200001,4480100,-,19.503050,19.374400,20.814000,21.554000,3777358.0
01/30/2014,22.389999,22.700001,21.860001,22.139999,22.139999,8775300,-,19.487400,19.345800,20.705000,21.586000,3716672.0
01/29/2014,21.780001,21.840000,21.230000,21.410000,21.410000,7048000,-,19.467350,19.310400,20.554500,21.519000,3567230.0
01/28/2014,22.049999,22.070000,21.730000,22.000000,22.000000,25311500,-,19.450650,19.280600,20.429000,21.468000,3455440.0
01/27/2014,21.670000,21.780001,21.150000,21.549999,21.549999,4134200,-,19.434500,19.240400,20.274500,21.232000,2970718.0
01/24/2014,22.260000,22.260000,21.600000,21.680000,21.680000,8053300,-,19.421700,19.203400,20.141000,21.033000,2902386.0
01/23/2014,21.230000,21.490000,20.900000,21.360001,21.360001,2056200,-,19.422550,19.165200,20.002000,20.812000,2759698.0
01/22/2014,21.440001,21.480000,21.030001,21.350000,21.350000,2124700,-,19.426350,19.126800,19.882500,20.660000,2743702.0
01/21/2014,21.570000,21.670000,21.190001,21.370001,21.370001,1771100,-,19.428250,19.087800,19.736500,20.508000,2731668.0
01/17/2014,21.540001,21.650000,21.250000,21.480000,21.480000,2157600,-,19.431250,19.059200,19.562000,20.295000,2722126.0
01/16/2014,21.469999,21.730000,21.100000,21.520000,21.520000,3291800,-,19.435400,19.030000,19.390500,20.074000,2699988.0
01/15/2014,21.379999,21.790001,21.170000,21.469999,21.469999,4487300,-,19.438850,19.001200,19.208500,19.824000,2653206.0
01/14/2014,19.920000,21.090000,19.900000,20.900000,20.900000,6854900,-,19.446250,18.966800,19.027000,19.590000,2595906.0
01/13/2014,20.200001,20.209999,19.570000,19.639999,19.639999,6298200,-,19.456650,18.951400,18.866000,19.390000,2494406.0
01/10/2014,19.549999,19.680000,19.080000,19.559999,19.559999,6073600,-,19.476850,18.956800,18.761500,19.317000,2415244.0
01/09/2014,19.950001,20.020000,19.430000,19.469999,19.469999,1874200,-,19.495400,18.968400,18.673000,19.249000,2319866.0
01/08/2014,19.910000,20.049999,19.660000,19.840000,19.840000,2140600,-,19.513000,18.980600,18.604500,19.192000,2325064.0
01/07/2014,19.320000,19.889999,19.180000,19.830000,19.830000,2763100,-,19.528450,18.985200,18.514500,19.105000,2333738.0
01/06/2014,19.420000,19.719999,19.219999,19.240000,19.240000,4996100,-,19.544450,19.005400,18.408000,18.965000,2369236.0
01/03/2014,19.219999,19.370001,18.930000,19.270000,19.270000,2351400,-,19.564700,19.031800,18.328000,18.829000,2327096.0
01/02/2014,19.160000,19.230000,18.950001,19.020000,19.020000,2693000,-,19.586500,19.060200,18.241500,18.707000,2305998.0
12/31/2013,18.910000,19.209999,18.850000,19.129999,19.129999,2409400,-,19.608200,19.093000,18.143500,18.592999,2304742.0
12/30/2013,18.920000,19.020000,18.840000,18.900000,18.900000,1644200,-,19.633500,19.114400,18.025000,18.464000,2302762.0
12/27/2013,18.840000,19.040001,18.780001,18.910000,18.910000,1253500,-,19.662900,19.130200,17.935000,18.342000,2312712.0
12/26/2013,18.860001,19.030001,18.670000,18.879999,18.879999,1481600,-,19.693350,19.159000,17.971500,18.206000,2318218.0
12/24/2013,19.030001,19.070000,18.830000,18.900000,18.900000,650900,-,19.722200,19.183400,18.007500,18.097000,2366362.0
12/23/2013,18.870001,19.040001,18.770000,18.969999,18.969999,3276700,-,19.749950,19.231200,18.033500,18.017000,2368672.0
12/20/2013,18.250000,18.520000,17.830000,18.430000,18.430000,5158400,-,19.776550,19.275800,18.070000,17.924000,2336100.0
12/19/2013,18.030001,18.139999,17.850000,17.879999,17.879999,1786700,-,19.806100,19.330400,18.124000,17.851000,2272020.0
12/18/2013,17.920000,18.190001,17.709999,18.049999,18.049999,2035000,-,19.836450,19.388400,18.199500,17.827000,2286512.0
12/17/2013,17.799999,18.020000,17.719999,17.879999,17.879999,1954700,-,19.867600,19.454400,18.268500,17.776000,2300306.0
12/16/2013,17.690001,17.940001,17.580000,17.840000,17.840000,1869200,-,19.900900,19.536400,18.363000,17.694000,2327098.0
12/13/2013,17.590000,17.760000,17.510000,17.680000,17.680000,1231700,-,19.932400,19.613400,18.489500,17.586000,2388078.0
12/12/2013,17.740000,17.780001,17.500000,17.549999,17.549999,1356200,-,19.964750,19.670400,18.601500,17.528000,2392034.0
12/11/2013,18.110001,18.170000,17.760000,17.790001,17.790001,1419400,-,19.997900,19.740400,18.723500,17.737000,2410640.0
12/10/2013,17.990000,18.320000,17.930000,18.100000,18.100000,2444900,-,20.032900,19.801600,18.819000,17.918000,2448316.0
12/09/2013,17.930000,18.219999,17.760000,18.040001,18.040001,3320400,-,20.065850,19.844800,18.902500,18.050000,2428746.0
12/06/2013,17.830000,17.879999,17.480000,17.700001,17.700001,2992000,-,20.094300,19.891600,18.972500,18.216000,2386552.0
12/05/2013,17.590000,17.900000,17.500000,17.639999,17.639999,3868300,-,20.125850,19.949400,19.057500,18.397000,2348162.0
12/04/2013,17.170000,17.629999,17.020000,17.540001,17.540001,4727200,-,20.153450,20.004200,19.172500,18.572000,2293876.0
12/03/2013,17.230000,17.469999,16.860001,17.059999,17.059999,5223600,-,20.183700,20.061200,19.296500,18.761000,2225584.0
12/02/2013,17.110001,17.250000,16.290001,16.760000,16.760000,8575900,-,20.216100,20.135600,19.447500,19.032000,2159020.0
11/29/2013,17.840000,17.920000,16.900000,17.100000,17.100000,13047700,-,20.249850,20.225400,19.597000,19.393000,2056700.0
11/27/2013,19.600000,19.709999,19.360001,19.639999,19.639999,760400,-,20.281450,20.305000,19.748500,19.675000,1824620.0
11/26/2013,19.610001,19.719999,19.330000,19.600000,19.600000,1139000,-,20.299800,20.331000,19.762000,19.710000,1839022.0
11/25/2013,19.730000,19.870001,19.360001,19.420000,19.420000,750500,-,20.321050,20.355000,19.789000,19.720000,1840700.0
11/22/2013,19.549999,19.889999,19.400000,19.700001,19.700001,1647900,-,20.339500,20.377000,19.822000,19.755000,1868282.0
11/21/2013,19.370001,19.590000,19.280001,19.510000,19.510000,1168400,-,20.358200,20.394800,19.840500,19.729000,1871780.0
11/20/2013,19.440001,19.740000,19.340000,19.389999,19.389999,716500,-,20.376050,20.416400,19.907000,19.718000,1878052.0
11/19/2013,19.719999,19.790001,19.350000,19.430000,19.430000,1221400,-,20.396150,20.439600,19.965500,19.773000,1888984.0
11/18/2013,20.500000,20.510000,19.580000,19.770000,19.770000,1445800,-,20.414000,20.462800,20.028500,19.832000,1912988.0
11/15/2013,19.959999,20.420000,19.940001,20.370001,20.370001,1303200,-,20.429600,20.474400,20.073000,19.863000,1911290.0
11/14/2013,19.889999,20.040001,19.440001,19.920000,19.920000,1458500,-,20.445750,20.467600,20.064500,19.801000,1910142.0
11/13/2013,19.610001,20.020000,19.540001,19.990000,19.990000,1075400,-,20.464100,20.465400,20.053000,19.822000,1903502.0
11/12/2013,19.730000,19.900000,19.620001,19.700001,19.700001,717600,-,20.460900,20.461600,20.071000,19.814000,1914518.0
11/11/2013,19.530001,19.870001,19.389999,19.770000,19.770000,918900,-,20.460950,20.462800,20.091000,19.858000,1931974.0
11/08/2013,19.440001,19.549999,19.209999,19.440001,19.440001,1256400,-,20.467350,20.463400,20.167000,19.889000,1935958.0
11/07/2013,19.980000,20.160000,19.370001,19.400000,19.400000,1523000,-,20.474300,20.475600,20.255000,19.952000,1930998.0
11/06/2013,20.139999,20.250000,19.830000,19.940001,19.940001,1294000,-,20.477050,20.481800,20.343000,20.096000,1920102.0
11/05/2013,19.959999,20.059999,19.770000,20.020000,20.020000,1050700,-,20.475900,20.479000,20.385000,20.158000,1930148.0
11/04/2013,19.809999,20.110001,19.700001,20.080000,20.080000,952700,-,20.472400,20.482600,20.451500,20.225000,1923430.0
11/01/2013,20.219999,20.290001,19.639999,19.750000,19.750000,1622300,-,20.470750,20.487800,20.546500,20.283000,1915420.0
10/31/2013,19.930000,20.219999,19.639999,20.129999,20.129999,1779900,-,20.471000,20.499600,20.643500,20.328000,1895036.0
10/30/2013,20.129999,20.170000,19.650000,19.910000,19.910000,2340100,-,20.469950,20.500600,20.663500,20.284000,1888980.0
10/29/2013,20.070000,20.290001,19.860001,20.139999,20.139999,1304700,-,20.470850,20.502200,20.720500,20.328000,1857398.0
10/28/2013,20.020000,20.180000,19.860001,20.080000,20.080000,2134100,-,20.467350,20.500400,20.756000,20.324000,1859128.0
10/25/2013,20.830000,21.020000,19.980000,20.070000,20.070000,2574300,-,20.463650,20.496600,20.765000,20.445000,1853484.0
10/24/2013,22.200001,22.450001,20.750000,20.840000,20.840000,4538000,-,20.461200,20.499400,20.780500,20.558000,1848614.0
10/23/2013,20.590000,20.670000,20.190001,20.559999,20.559999,2889100,-,20.452900,20.503800,20.768000,20.590000,1778436.0
10/22/2013,20.790001,21.070000,20.400000,20.690001,20.690001,1296500,-,20.445550,20.514800,20.759000,20.612000,1738314.0
10/21/2013,20.400000,20.780001,20.309999,20.660000,20.660000,2630200,-,20.437400,20.517800,20.744000,20.678000,1726970.0
10/18/2013,19.879999,20.290001,19.790001,20.200001,20.200001,2310400,-,20.430650,20.519000,20.750000,20.810000,1691134.0
10/17/2013,20.170000,20.240000,19.639999,19.690001,19.690001,2141700,-,20.426300,20.531600,20.802500,20.959000,1661130.0
10/16/2013,20.299999,20.580000,20.180000,20.350000,20.350000,1528800,-,20.433800,20.550600,20.872000,21.043000,1637932.0
10/15/2013,21.230000,21.230000,19.950001,20.100000,20.100000,3888800,-,20.437150,20.561400,20.901500,21.113000,1630634.0
10/14/2013,21.010000,21.340000,20.910000,21.290001,21.290001,766400,-,20.441300,20.581600,20.936500,21.188000,1578398.0
10/11/2013,21.059999,21.520000,20.959999,21.200001,21.200001,1648100,-,20.438750,20.582600,20.898000,21.085000,1596776.0
10/10/2013,20.860001,21.219999,20.770000,21.160000,21.160000,1954400,-,20.436750,20.585400,20.867500,21.003000,1617334.0
10/09/2013,21.330000,21.370001,20.690001,20.780001,20.780001,2511300,-,20.436550,20.587200,20.839000,20.946000,1742624.0
10/08/2013,21.980000,22.080000,21.150000,21.350000,21.350000,2724700,-,20.438450,20.575000,20.827500,20.906000,1845900.0
10/07/2013,21.530001,22.180000,21.410000,21.980000,21.980000,3294300,-,20.438200,20.555400,20.789500,20.810000,1882822.0
10/04/2013,21.190001,21.969999,20.950001,21.690001,21.690001,4918200,-,20.435100,20.530400,20.708000,20.690000,1855964.0
10/03/2013,21.000000,21.139999,20.530001,20.530001,20.530001,1429500,-,20.433350,20.516200,20.625000,20.646000,1840712.0
10/02/2013,20.780001,21.120001,20.639999,21.049999,21.049999,2286500,-,20.436400,20.532600,20.589000,20.701000,1856542.0
10/01/2013,20.309999,21.049999,20.309999,20.850000,20.850000,3303200,-,20.436150,20.540200,20.526500,20.690000,1917722.0
09/30/2013,20.150000,20.350000,19.920000,20.260000,20.260000,1466400,-,20.434600,20.532000,20.472000,20.685000,1881622.0
09/27/2013,20.480000,20.639999,20.320000,20.379999,20.379999,1210700,-,20.434250,20.535800,20.449000,20.711000,1876086.0
09/26/2013,20.379999,20.670000,20.350000,20.590000,20.590000,1072500,-,20.433600,20.536800,20.432500,20.732000,1874972.0
09/25/2013,20.389999,20.530001,20.299999,20.379999,20.379999,1154000,-,20.431150,20.533400,20.388500,20.732000,1907184.0
09/24/2013,20.709999,20.760000,20.200001,20.389999,20.389999,1312600,-,20.427750,20.524600,20.359500,20.749000,1904204.0
09/23/2013,21.270000,21.309999,20.600000,20.780001,20.780001,1895400,-,20.421300,20.516800,20.350000,20.769000,1909334.0
09/20/2013,21.100000,21.440001,20.950001,21.250000,21.250000,3459900,-,20.411500,20.501800,20.328000,20.726000,1893738.0
09/19/2013,20.950001,21.260000,20.770000,21.080000,21.080000,1443700,-,20.404900,20.475200,20.282500,20.604000,1878398.0
09/18/2013,20.809999,20.990000,20.600000,20.940001,20.940001,1480500,-,20.397900,20.446800,20.237500,20.477000,1919910.0
09/17/2013,20.480000,20.879999,20.440001,20.799999,20.799999,1222900,-,20.393100,20.401800,20.190000,20.363000,1922694.0
09/16/2013,20.840000,20.860001,20.360001,20.520000,20.520000,2129600,-,20.388450,20.353000,20.152500,20.259000,1923486.0
09/13/2013,20.750000,21.000000,20.570000,20.590000,20.590000,1822800,-,20.383450,20.307400,20.121000,20.187000,1908686.0
09/12/2013,20.510000,20.850000,20.430000,20.590000,20.590000,1482000,-,20.376400,20.255200,20.102000,20.133000,1937208.0
09/11/2013,20.510000,20.700001,20.340000,20.549999,20.549999,1263100,-,20.369600,20.190200,20.125500,20.045000,1944810.0
09/10/2013,20.700001,20.889999,20.330000,20.590000,20.590000,2421600,-,20.362150,20.124800,20.153500,19.970000,1947376.0
09/09/2013,20.180000,20.570000,20.040001,20.350000,20.350000,1360900,-,20.352700,20.063000,20.166000,19.931000,1988442.0
09/06/2013,19.920000,20.200001,19.770000,20.030001,20.030001,1245800,-,20.342200,20.002200,20.184500,19.930000,2001188.0
09/05/2013,19.790001,19.990000,19.629999,19.809999,19.809999,1126500,-,20.335050,19.943400,20.224500,19.961000,1995974.0
09/04/2013,19.860001,20.030001,19.510000,19.799999,19.799999,1626200,-,20.327400,19.881800,20.266000,19.998000,2035138.0
09/03/2013,20.049999,20.100000,19.430000,19.760000,19.760000,1590400,-,20.317450,19.816400,20.320500,20.017000,2050950.0
08/30/2013,20.120001,20.260000,19.700001,19.799999,19.799999,1118100,-,20.308900,19.768000,20.388000,20.046000,2078422.0
08/29/2013,19.750000,20.320000,19.750000,20.049999,20.049999,1008400,-,20.298950,19.725200,20.465000,20.055000,2093642.0
08/28/2013,19.860001,20.000000,19.690001,19.709999,19.709999,978200,-,20.290550,19.679200,20.529500,20.071000,2121018.0
08/27/2013,20.280001,20.420000,19.740000,19.799999,19.799999,1796300,-,20.287100,19.645400,20.606500,20.206000,2130782.0
08/26/2013,20.389999,20.530001,20.170000,20.200001,20.200001,714800,-,20.282500,19.609400,20.625000,20.337000,2134944.0
08/23/2013,20.410000,20.559999,20.250000,20.340000,20.340000,552200,-,20.277150,19.560200,20.633500,20.401000,2171304.0
08/22/2013,20.230000,20.549999,20.190001,20.340000,20.340000,603100,-,20.274200,19.514800,20.653000,20.439000,2202154.0
08/21/2013,20.000000,20.309999,19.950001,20.180000,20.180000,1477100,-,20.270650,19.471200,20.685000,20.488000,2221516.0
08/20/2013,20.049999,20.170000,19.910000,19.990000,19.990000,761000,-,20.269850,19.433600,20.743500,20.534000,2215936.0
08/19/2013,20.010000,20.360001,19.889999,20.049999,20.049999,1391200,-,20.271150,19.406400,20.815500,20.624000,2228424.0
08/16/2013,20.110001,20.200001,19.790001,19.889999,19.889999,1851900,-,20.267750,19.378400,20.835000,20.730000,2228458.0
08/15/2013,20.809999,20.809999,20.200001,20.209999,20.209999,2330800,-,20.266000,19.349400,20.863000,20.875000,2219592.0
08/14/2013,21.070000,21.090000,20.750000,21.059999,21.059999,1029100,-,20.261800,19.306600,20.874000,20.988000,2218760.0
08/13/2013,20.840000,21.150000,20.670000,21.110001,21.110001,883000,-,20.252750,19.249600,20.842000,21.007000,2226662.0
08/12/2013,20.670000,21.000000,20.580000,20.840000,20.840000,729300,-,20.244950,19.197400,20.783500,20.913000,2263826.0
08/09/2013,20.799999,20.959999,20.590000,20.719999,20.719999,838400,-,20.238000,19.165800,20.741500,20.866000,2297956.0
08/08/2013,20.820000,20.850000,20.620001,20.830000,20.830000,810200,-,20.233000,19.137200,20.707000,20.867000,2312248.0
08/07/2013,20.850000,20.910000,20.450001,20.639999,20.639999,981800,-,20.226500,19.099200,20.661500,20.882000,2329220.0
08/06/2013,21.020000,21.030001,20.719999,20.889999,20.889999,1163900,-,20.224000,19.058600,20.612500,20.953000,2342506.0
08/05/2013,21.350000,21.360001,21.090000,21.110001,21.110001,1277000,-,20.243550,19.007000,20.502500,21.007000,2358140.0
08/02/2013,21.350000,21.559999,21.100000,21.340000,21.340000,1685300,-,20.261750,18.952800,20.365000,20.940000,2375460.0
08/01/2013,21.500000,21.620001,21.129999,21.340000,21.340000,2676000,-,20.276350,18.900200,20.210000,20.851000,2397944.0
07/31/2013,21.299999,21.680000,20.950001,21.250000,21.250000,8218900,-,20.289200,18.857400,20.042000,20.760000,2383752.0
07/30/2013,20.540001,20.820000,20.139999,20.170000,20.170000,7675100,-,20.301250,18.817800,19.846500,20.677000,2265326.0
07/29/2013,20.520000,20.570000,20.240000,20.370001,20.370001,4570800,-,20.318950,18.793600,19.702000,20.654000,2176108.0
07/26/2013,20.850000,21.030001,20.680000,20.730000,20.730000,1951400,-,20.336150,18.756200,19.558500,20.617000,2146294.0
07/25/2013,21.420000,21.490000,20.870001,20.980000,20.980000,4155600,-,20.352950,18.705400,19.387500,20.547000,2162602.0
07/24/2013,21.670000,21.790001,21.160000,21.350000,21.350000,2221000,-,20.367800,18.651000,19.193000,20.441000,2109996.0
07/23/2013,22.000000,22.090000,21.030001,21.430000,21.430000,5345500,-,20.377950,18.585600,18.962000,20.272000,2099162.0
07/22/2013,20.580000,20.709999,20.389999,20.440001,20.440001,1498200,-,20.387100,18.532000,18.717000,19.998000,2030926.0
07/19/2013,20.290001,20.520000,20.150000,20.450001,20.450001,1189600,-,20.401900,18.485200,18.562000,19.790000,2038020.0
07/18/2013,20.500000,20.799999,20.340000,20.430000,20.430000,1155000,-,20.420250,18.440600,18.422500,19.569000,2063118.0
07/17/2013,20.000000,20.469999,20.000000,20.420000,20.420000,2683100,-,20.441550,18.394200,18.288500,19.324000,2077760.0
07/16/2013,20.000000,20.190001,19.930000,19.940001,19.940001,1005000,-,20.464550,18.349400,18.168500,19.016000,2054860.0
07/15/2013,20.010000,20.100000,19.840000,20.000000,20.000000,1569100,-,20.494100,18.312200,18.071500,18.750000,2064418.0
07/12/2013,19.950001,20.280001,19.780001,20.030001,20.030001,1115600,-,20.524500,18.273600,17.958500,18.500000,2088618.0
07/11/2013,19.799999,20.070000,19.730000,19.920000,19.920000,2692900,-,20.559350,18.229800,17.860500,18.228000,2226530.0
07/10/2013,19.299999,19.809999,19.160000,19.660000,19.660000,3519300,-,20.596650,18.190600,17.772500,17.945000,2255842.0
07/09/2013,18.400000,18.700001,18.129999,18.690001,18.690001,1619700,-,20.636050,18.154400,17.704500,17.652000,2227902.0
07/08/2013,18.299999,18.469999,18.190001,18.360001,18.360001,1262500,-,20.679000,18.127800,17.701500,17.436000,2235650.0
07/05/2013,18.100000,18.250000,17.830000,18.240000,18.240000,1389600,-,20.723950,18.112200,17.716000,17.334000,2256352.0
07/03/2013,17.490000,18.620001,17.490000,17.980000,17.980000,3248900,-,20.771150,18.098000,17.726000,17.276000,2278872.0
07/02/2013,17.230000,17.580000,17.049999,17.340000,17.340000,1862100,-,20.819350,18.094400,17.730500,17.253000,2276752.0
07/01/2013,17.510000,17.799999,17.230000,17.280001,17.280001,1391400,-,20.870100,18.103200,17.774000,17.321000,2272988.0
06/28/2013,17.299999,17.670000,16.530001,17.500000,17.500000,4474900,-,20.919700,18.108200,17.835000,17.393000,2295500.0
06/27/2013,17.180000,17.540001,17.129999,17.309999,17.309999,1998200,-,20.968850,18.112000,17.923000,17.417000,2260856.0
06/26/2013,16.920000,17.180000,16.820000,17.090000,17.090000,985100,-,21.019200,18.127200,18.022000,17.493000,2311684.0
06/25/2013,16.620001,16.870001,16.469999,16.730000,16.730000,3084700,-,21.070750,18.148000,18.114000,17.600000,2369382.0
06/24/2013,17.150000,17.190001,16.500000,16.530001,16.530001,2416800,-,21.119750,18.174800,18.208000,17.757000,2404032.0
06/21/2013,17.740000,17.780001,17.059999,17.340000,17.340000,2964000,-,21.170150,18.219600,18.297000,17.967000,2426808.0
06/20/2013,17.670000,17.910000,17.500000,17.660000,17.660000,1879100,-,21.216000,18.252600,18.350000,18.098000,2868800.0
06/19/2013,18.000000,18.090000,17.740000,17.750000,17.750000,2377200,-,21.258000,18.336400,18.402500,18.176000,2925730.0
06/18/2013,18.040001,18.090000,17.980000,18.020000,18.020000,1466400,-,21.301800,18.423800,18.475000,18.208000,2905974.0
06/17/2013,17.820000,18.120001,17.670000,18.000000,18.000000,2004400,-,21.343800,18.498000,18.537500,18.227000,2921626.0
06/14/2013,18.010000,18.129999,17.559999,17.740000,17.740000,2532800,-,21.385250,18.577400,18.585500,18.277000,2934988.0
06/13/2013,18.110001,18.139999,17.680000,18.070000,18.070000,2094700,-,21.424600,18.668800,18.623500,18.429000,2916568.0
06/12/2013,18.389999,18.549999,18.000000,18.160000,18.160000,1571200,-,21.462700,18.751600,18.629500,18.551000,2931960.0
06/11/2013,18.430000,18.590000,18.200001,18.299999,18.299999,1198100,-,21.500700,18.847400,18.634500,18.628000,2925468.0
06/10/2013,18.790001,18.799999,18.500000,18.629999,18.629999,1385400,-,21.536050,18.941000,18.623500,18.659000,2935246.0
06/07/2013,18.500000,18.719999,18.350000,18.650000,18.650000,1392900,-,21.568950,19.042000,18.629500,18.627000,2945202.0
06/06/2013,18.180000,18.440001,18.000000,18.440001,18.440001,1408600,-,21.602500,19.134400,18.602000,18.602000,2943138.0
06/05/2013,18.320000,18.320000,17.879999,18.070000,18.070000,2289200,-,21.634800,19.225400,18.591000,18.629000,2945034.0
06/04/2013,18.389999,18.480000,18.120001,18.209999,18.209999,1424200,-,21.666500,19.322600,18.593000,18.742000,2934878.0
06/03/2013,19.299999,19.320000,18.240000,18.500000,18.500000,2741200,-,21.694800,19.419000,18.591500,18.848000,2948366.0
05/31/2013,19.030001,19.480000,18.900000,19.260000,19.260000,2435800,-,21.724250,19.514800,18.570500,18.894000,2923504.0
05/30/2013,18.860001,19.360001,18.860001,19.290001,19.290001,1553000,-,21.751850,19.602200,18.511000,18.818000,2911026.0
05/29/2013,18.540001,19.000000,18.280001,18.930000,18.930000,1658800,-,21.779000,19.683600,18.438500,18.708000,2957836.0
05/28/2013,18.500000,18.770000,18.500000,18.610001,18.610001,1646100,-,21.808800,19.788800,18.390000,18.641000,2960320.0
05/24/2013,18.330000,18.500000,18.049999,18.309999,18.309999,1945600,-,21.841400,19.912200,18.352000,18.588000,2961028.0
05/23/2013,18.520000,18.670000,18.309999,18.400000,18.400000,2143000,-,21.872600,20.046000,18.304500,18.632000,2965708.0
05/22/2013,19.209999,19.309999,18.480000,18.709999,18.709999,2809500,-,21.901950,20.171000,18.263500,18.602000,2953676.0
05/21/2013,19.330000,19.540001,19.110001,19.200001,19.200001,1966400,-,21.925550,20.285800,18.204500,18.553000,2921898.0
05/20/2013,19.040001,19.420000,19.030001,19.270000,19.270000,2297600,-,21.946450,20.387600,18.134500,18.444000,2896392.0
05/17/2013,18.650000,19.080000,18.469999,18.959999,18.959999,3214200,-,21.970150,20.489000,18.060000,18.335000,2869198.0
05/16/2013,18.270000,18.730000,18.250000,18.500000,18.500000,3080100,-,21.998400,20.588800,17.988500,18.247000,2861248.0
05/15/2013,18.200001,18.230000,18.040001,18.190001,18.190001,2766800,-,22.033050,20.704400,17.948000,18.204000,2835830.0
05/14/2013,18.080000,18.389999,18.040001,18.260000,18.260000,1525300,-,22.067350,20.831400,17.942000,18.169000,2815866.0
05/13/2013,18.639999,18.719999,18.040001,18.080000,18.080000,1679300,-,22.088000,20.949000,17.935500,18.139000,2808926.0
05/10/2013,18.200001,18.889999,18.150000,18.750000,18.750000,1933700,-,22.108800,21.070400,17.935000,18.116000,2829914.0
05/09/2013,18.170000,18.440001,18.049999,18.100000,18.100000,1852900,-,22.129150,21.179000,17.936000,17.977000,2862242.0
05/08/2013,18.110001,18.240000,17.820000,18.219999,18.219999,2444500,-,22.156000,21.312800,17.980500,17.925000,2872940.0
05/07/2013,18.180000,18.400000,17.940001,18.110001,18.110001,1887100,-,22.185100,21.442200,18.162000,17.856000,2948974.0
05/06/2013,18.049999,18.420000,18.049999,18.180000,18.180000,1538100,-,22.211950,21.554600,18.362500,17.825000,2979382.0
05/03/2013,18.120001,18.370001,18.000000,18.080000,18.080000,1482900,-,22.227350,21.671200,18.540000,17.785000,3026328.0
05/02/2013,17.959999,18.230000,17.770000,18.070000,18.070000,2779100,-,22.243350,21.772800,18.734500,17.730000,3033968.0
05/01/2013,18.090000,18.959999,17.730000,17.840000,17.840000,8011200,-,22.260750,21.883200,18.946500,17.692000,3030034.0
04/30/2013,17.690001,18.120001,17.389999,17.959999,17.959999,4158500,-,22.276200,21.997200,19.165000,17.715000,2907264.0
04/29/2013,17.500000,17.950001,17.400000,17.850000,17.850000,2122300,-,22.291650,22.108200,19.414500,17.732000,2860280.0
04/26/2013,17.510000,17.570000,17.260000,17.360001,17.360001,2007100,-,22.308550,22.219600,19.671000,17.754000,2853062.0
04/25/2013,17.660000,17.850000,17.530001,17.580000,17.580000,2297600,-,22.327700,22.338600,19.987000,17.895000,2855660.0
04/24/2013,17.680000,18.000000,17.389999,17.530001,17.530001,2515600,-,22.348800,22.464000,20.271500,18.036000,2885558.0
04/23/2013,17.879999,18.070000,17.650000,17.799999,17.799999,3142900,-,22.381800,22.575600,20.544500,18.468000,2864096.0
04/22/2013,17.600000,17.879999,17.379999,17.780001,17.780001,1673900,-,22.413800,22.688400,20.801000,18.900000,2826030.0
04/19/2013,17.740000,17.969999,17.309999,17.530001,17.530001,2517000,-,22.442950,22.794400,21.063500,19.295000,2833996.0
04/18/2013,18.049999,18.219999,17.629999,17.690001,17.690001,2742700,-,22.471400,22.912000,21.351500,19.739000,2844040.0
04/17/2013,18.170000,18.840000,17.959999,18.070000,18.070000,4539600,-,22.492900,23.018200,21.648500,20.201000,2841612.0
04/16/2013,18.010000,18.459999,17.900000,18.129999,18.129999,3870000,-,22.515950,23.114600,21.913000,20.615000,2799646.0
04/15/2013,18.650000,18.680000,17.950001,18.070000,18.070000,4817200,-,22.535300,23.224000,22.216000,21.097000,2781470.0
04/12/2013,18.879999,18.969999,18.430000,18.770000,18.770000,3555600,-,22.554550,23.334400,22.551500,21.588000,2981822.0
04/11/2013,17.570000,19.160000,17.549999,18.990000,18.990000,25063600,-,22.573550,23.346000,22.863000,22.079000,3029414.0
04/10/2013,22.330000,22.639999,21.820000,21.850000,21.850000,4725600,-,22.588300,23.360400,23.146000,22.507000,2622548.0
04/09/2013,21.790001,22.290001,21.709999,22.120001,22.120001,1389400,-,22.592250,23.344400,23.276000,22.621000,2574684.0
04/08/2013,22.049999,22.290001,21.530001,21.730000,21.730000,2249000,-,22.594000,23.318600,23.384500,22.702000,2605430.0
04/05/2013,21.799999,22.150000,20.270000,21.969999,21.969999,2672500,-,22.596300,23.283000,23.515000,22.832000,2598436.0
04/04/2013,22.230000,22.440001,21.870001,22.309999,22.309999,1611800,-,22.597100,23.237800,23.614000,22.964000,2601146.0
04/03/2013,23.000000,23.070000,21.910000,22.209999,22.209999,2864300,-,22.591450,23.178000,23.712500,23.096000,2641054.0
04/02/2013,23.090000,23.219999,22.840000,22.950001,22.950001,1246600,-,22.586350,23.128800,23.829000,23.211000,2610128.0
04/01/2013,23.510000,23.540001,22.670000,22.980000,22.980000,1687000,-,22.576000,23.065800,23.888500,23.335000,2620660.0
03/28/2013,23.170000,23.740000,22.850000,23.680000,23.680000,1883200,-,22.565950,23.004600,23.947000,23.515000,2636878.0
03/27/2013,22.830000,23.299999,22.730000,23.270000,23.270000,1289700,-,22.556800,22.932800,23.972000,23.647000,2655498.0
03/26/2013,23.100000,23.320000,22.809999,22.990000,22.990000,1503400,-,22.548550,22.856200,24.048000,23.785000,2677274.0
03/25/2013,23.049999,23.270000,22.680000,22.930000,22.930000,1781400,-,22.541850,22.783200,24.133000,23.931000,2689072.0
03/22/2013,23.360001,23.389999,22.590000,23.030001,23.030001,2098600,-,22.531050,22.716200,24.173000,24.067000,2699194.0
03/21/2013,23.379999,23.500000,23.049999,23.290001,23.290001,1498100,-,22.518350,22.639200,24.222000,24.198000,2710136.0
03/20/2013,23.850000,24.059999,23.410000,23.629999,23.629999,1811900,-,22.503950,22.555200,24.215500,24.264000,2728320.0
03/19/2013,24.299999,24.299999,23.129999,23.360001,23.360001,3893500,-,22.492050,22.463800,24.213500,24.329000,2737172.0
03/18/2013,24.510000,24.510000,24.040001,24.190001,24.190001,1783000,-,22.483050,22.382800,24.222500,24.447001,2743364.0
03/15/2013,24.910000,25.020000,24.450001,24.780001,24.780001,1681500,-,22.471150,22.285600,24.188500,24.442000,2855318.0
03/14/2013,24.600000,25.180000,23.910000,25.000000,25.000000,2179600,-,22.456450,22.213800,24.120500,24.379000,2863936.0
03/13/2013,24.459999,24.860001,24.219999,24.650000,24.650000,1541400,-,22.438600,22.134200,24.036000,24.297000,2857990.0
03/12/2013,24.209999,24.469999,24.000000,24.450001,24.450001,1220600,-,22.431200,22.059800,23.996000,24.311000,2847616.0
03/11/2013,24.299999,24.459999,24.090000,24.290001,24.290001,691100,-,22.425250,21.986400,23.929000,24.335000,2862066.0
03/08/2013,24.129999,24.500000,23.910000,24.340000,24.340000,937900,-,22.419100,21.916600,23.886500,24.279000,2865310.0
03/07/2013,24.330000,24.440001,23.860001,23.950001,23.950001,2816700,-,22.409600,21.852200,23.823500,24.246000,2856998.0
03/06/2013,24.559999,24.799999,24.110001,24.280001,24.280001,1809200,-,22.406300,21.796400,23.796500,24.167000,2827896.0
03/05/2013,24.190001,24.610001,24.059999,24.540001,24.540001,1768600,-,22.406050,21.736800,23.732500,24.098000,2828662.0
03/04/2013,24.100000,24.370001,24.000000,24.139999,24.139999,1178300,-,22.403450,21.673200,23.650000,23.998000,2827838.0
03/01/2013,24.090000,24.370001,23.840000,24.150000,24.150000,2728700,-,22.401600,21.617200,23.623000,23.935000,2835178.0
02/28/2013,24.760000,25.129999,24.090000,24.180000,24.180000,3550100,-,22.401800,21.557000,23.595000,23.862000,2826462.0
02/27/2013,24.629999,25.040001,24.230000,24.790001,24.790001,2387800,-,22.400600,21.493400,23.353500,23.775000,2822186.0
02/26/2013,23.910000,25.350000,23.760000,24.690001,24.690001,6246200,-,22.400150,21.408400,23.099500,23.681000,2824110.0
02/25/2013,24.400000,24.559999,23.680000,23.730000,23.730000,3407500,-,22.401300,21.318400,22.917500,23.523000,2741702.0
02/22/2013,23.610001,24.160000,23.410000,24.010000,24.010000,3885400,-,22.408700,21.248800,22.772500,23.494000,2703880.0
02/21/2013,23.480000,23.490000,22.980000,23.160000,23.160000,1864900,-,22.415150,21.170600,22.569500,23.401000,2665660.0
02/20/2013,23.520000,23.870001,23.490000,23.590000,23.590000,2582400,-,22.429550,21.101400,22.397000,23.426000,2699304.0
02/19/2013,23.400000,23.730000,23.209999,23.540001,23.540001,1872700,-,22.443400,21.011600,22.183500,23.367000,2699384.0
02/15/2013,23.490000,23.809999,23.120001,23.510000,23.510000,1809300,-,22.457750,20.917200,21.994000,23.302000,2738698.0
02/14/2013,23.270000,24.010000,23.260000,23.420000,23.420000,1761400,-,22.470800,20.845600,21.808500,23.311000,2731268.0
02/13/2013,23.959999,23.980000,23.129999,23.309999,23.309999,2137000,-,22.484800,20.770800,21.633500,23.328000,2721020.0
02/12/2013,23.160000,24.190001,23.110001,23.850000,23.850000,3792500,-,22.498150,20.704200,21.472500,22.932000,2718986.0
02/11/2013,23.389999,23.500000,23.030001,23.110001,23.110001,1442500,-,22.511100,20.624600,21.252000,22.518000,2691178.0
02/08/2013,23.059999,23.590000,23.059999,23.440001,23.440001,1239600,-,22.524250,20.552800,21.063500,22.312000,2707028.0
02/07/2013,23.209999,23.459999,22.820000,23.080000,23.080000,2072200,-,22.539150,20.467600,20.870500,22.051000,2725446.0
02/06/2013,22.870001,23.620001,22.809999,23.410000,23.410000,3019200,-,22.559250,20.390600,20.675500,21.738000,2718836.0
02/05/2013,22.889999,23.299999,22.510000,23.000000,23.000000,2621300,-,22.579600,20.303600,20.459500,21.368000,2674360.0
02/04/2013,23.540001,23.580000,22.860001,22.889999,22.889999,2441300,-,22.602900,20.217600,20.262500,21.000000,2660416.0
02/01/2013,23.650000,23.900000,23.490000,23.600000,23.600000,2961200,-,22.626200,20.124800,20.083500,20.686000,2651022.0
01/31/2013,23.280001,24.240000,22.600000,23.590000,23.590000,14834800,-,22.643450,20.024800,19.870000,20.306000,2638224.0
01/30/2013,19.780001,19.790001,19.030001,19.350000,19.350000,5935200,-,22.663000,19.918600,19.750000,19.939000,2418752.0
01/29/2013,20.209999,20.450001,19.469999,19.709999,19.709999,4720300,-,22.705200,19.887800,19.833500,20.013000,2349536.0
01/28/2013,20.820000,21.150000,20.820000,21.049999,21.049999,2332400,-,22.743050,19.854600,19.894500,19.986000,2342734.0
01/25/2013,20.020000,20.930000,19.910000,20.830000,20.830000,2926700,-,22.774100,19.789800,19.881000,19.815000,2418522.0
01/24/2013,19.680000,20.340000,19.440001,19.950001,19.950001,1899300,-,22.809350,19.740600,19.879500,19.690000,2427548.0
01/23/2013,19.370001,19.799999,19.260000,19.709999,19.709999,2808000,-,22.851800,19.722000,19.938000,19.613000,2431334.0
01/22/2013,19.309999,19.629999,19.240000,19.320000,19.320000,3607200,-,22.894250,19.705400,20.010500,19.551000,2409738.0
01/18/2013,19.730000,19.860001,19.490000,19.750000,19.750000,1318000,-,22.939750,19.701600,20.109500,19.525000,2404322.0
01/17/2013,20.040001,20.299999,19.650000,19.799999,19.799999,1773200,-,22.983100,19.701600,20.190000,19.481000,2416024.0
01/16/2013,20.090000,20.540001,19.840000,19.920000,19.920000,2497900,-,23.022350,19.698200,20.267000,19.434000,2433660.0
01/15/2013,19.360001,20.180000,19.260000,20.090000,20.090000,2814200,-,23.059150,19.700200,20.328000,19.561000,2423834.0
01/14/2013,19.120001,19.799999,19.110001,19.440001,19.440001,2378500,-,23.092000,19.703400,20.373500,19.654000,2435338.0
01/11/2013,19.680000,19.680000,19.260000,19.340000,19.340000,2093300,-,23.130400,19.702000,20.428500,19.803000,2446216.0
01/10/2013,19.340000,19.620001,19.260000,19.580000,19.580000,2287500,-,23.172000,19.706000,20.471000,19.947000,2449052.0
01/09/2013,19.440001,19.770000,19.049999,19.180000,19.180000,2645700,-,23.209250,19.701800,20.504500,20.069000,2452218.0
01/08/2013,19.160000,19.430000,18.799999,19.090000,19.090000,2407300,-,23.246300,19.703200,20.550500,20.263000,2472354.0
01/07/2013,19.299999,19.570000,18.980000,19.059999,19.059999,2254500,-,23.286700,19.712400,20.581000,20.470000,2480294.0
01/04/2013,19.299999,19.469999,18.950001,19.309999,19.309999,4203100,-,23.327500,19.720200,20.583000,20.694000,2507722.0
01/03/2013,21.080000,21.209999,19.219999,19.330000,19.330000,7380700,-,23.368300,19.728400,20.558500,20.899000,2522576.0
01/02/2013,21.299999,21.900000,21.030001,21.190001,21.190001,2112400,-,23.407250,19.732400,20.588500,21.100000,2576204.0
12/31/2012,20.910000,21.170000,20.790001,21.020000,21.020000,1882300,-,23.438450,19.711400,20.513000,21.095000,2950778.0
12/28/2012,20.709999,21.200001,20.580000,20.930000,20.930000,1022700,-,23.469200,19.787000,20.461000,21.093000,3023446.0
12/27/2012,20.790001,20.920000,20.500000,20.780001,20.780001,1943100,-,23.503600,19.863400,20.408000,21.054000,3063216.0
12/26/2012,21.049999,21.240000,20.770000,20.799999,20.799999,853300,-,23.535900,19.933000,20.345000,20.995000,3057448.0
12/24/2012,21.059999,21.139999,20.820000,21.120001,21.120001,522300,-,23.564850,19.995200,20.264000,20.940000,3078186.0
12/21/2012,21.020000,21.219999,20.580000,21.160000,21.160000,1361600,-,23.590800,20.046000,20.169500,20.838000,3098936.0
12/20/2012,21.360001,21.400000,21.080000,21.299999,21.299999,1847500,-,23.615350,20.097000,20.064500,20.692000,3128654.0
12/19/2012,21.570000,21.889999,21.299999,21.360001,21.360001,1727400,-,23.637050,20.147200,19.934500,20.472000,3122876.0
12/18/2012,21.250000,21.490000,21.180000,21.340000,21.340000,1545300,-,23.661500,20.201800,19.779000,20.218000,3162434.0
12/17/2012,21.110001,21.379999,20.980000,21.139999,21.139999,2292900,-,23.692500,20.254000,19.642000,20.077000,3187584.0
12/14/2012,20.889999,21.070000,20.639999,21.000000,21.000000,3336300,-,23.725950,20.298800,19.499000,19.931000,3188690.0
12/13/2012,20.180000,20.650000,20.170000,20.540001,20.540001,2484000,-,23.756200,20.344000,19.339500,19.829000,3184246.0
12/12/2012,20.360001,20.690001,20.110001,20.190001,20.190001,2125800,-,23.790500,20.401200,19.215000,19.762000,3227194.0
12/11/2012,20.120001,20.410000,19.930000,20.250000,20.250000,1516400,-,23.823950,20.479800,19.096000,19.695000,3283918.0
12/10/2012,19.650000,20.240000,19.530001,20.100000,20.100000,1974400,-,23.857650,20.568600,19.002000,19.588000,3345252.0
12/07/2012,19.110001,19.770000,19.080000,19.700001,19.700001,3547100,-,23.888400,20.667000,18.948000,19.501000,3507754.0
12/06/2012,18.750000,19.150000,18.530001,19.100000,19.100000,2586400,-,23.920550,20.790000,18.907000,19.437000,3465994.0
12/05/2012,19.910000,19.910000,18.719999,18.820000,18.820000,3838400,-,23.956050,20.929600,18.908500,19.397000,3464170.0
12/04/2012,19.740000,20.020000,19.570000,19.930000,19.930000,1437800,-,23.991750,21.093200,18.955000,19.340000,3427232.0
12/03/2012,20.010000,20.090000,19.620001,19.680000,19.680000,1249000,-,24.023650,21.242200,18.940000,19.207000,3413264.0
11/30/2012,19.959999,20.059999,19.660000,19.980000,19.980000,2035300,-,24.054350,21.399400,18.957000,19.067000,3406318.0
11/29/2012,19.680000,20.150000,19.590000,19.870001,19.870001,2402100,-,24.087950,21.545400,18.970500,18.850000,3386046.0
11/28/2012,19.500000,19.610001,19.110001,19.520000,19.520000,2235000,-,24.120500,21.695000,18.945500,18.668000,3358034.0
11/27/2012,19.590000,19.590000,19.129999,19.180000,19.180000,2160500,-,24.150800,21.858200,18.946500,18.497000,3367530.0
11/26/2012,19.000000,19.410000,18.820000,19.230000,19.230000,1741700,-,24.186000,22.027000,18.956000,18.416000,3364424.0
11/23/2012,18.700001,19.110001,18.700001,19.059999,19.059999,795400,-,24.216200,22.192200,18.957000,18.395000,3354456.0
11/21/2012,18.340000,19.309999,18.260000,18.700001,18.700001,1924100,-,24.245150,22.355000,18.981500,18.377000,3365372.0
11/20/2012,18.610001,18.770000,18.209999,18.250000,18.250000,1971600,-,24.277300,22.527600,19.019000,18.420000,3350528.0
11/19/2012,18.580000,18.700001,18.240000,18.600000,18.600000,2321300,-,24.312950,22.710200,19.092500,18.570000,3331898.0
11/16/2012,17.900000,18.410000,17.870001,18.280001,18.280001,3861200,-,24.347600,22.886200,19.139000,18.673000,3334676.0
11/15/2012,18.170000,18.190001,17.530001,17.809999,17.809999,2474400,-,24.381400,23.051200,19.232000,18.847000,3295120.0
11/14/2012,18.129999,18.559999,17.969999,18.049999,18.049999,4380200,-,24.406400,23.227200,19.581500,19.091000,3280012.0
11/13/2012,18.320000,18.410000,17.620001,17.809999,17.809999,6121800,-,24.428600,23.396400,19.916500,19.223000,3224308.0
11/12/2012,19.070000,19.090000,18.209999,18.370001,18.370001,3378000,-,24.453450,23.561400,20.239000,19.396000,3129350.0
11/09/2012,18.870001,19.600000,18.700001,19.020000,19.020000,2088600,-,24.475900,23.724200,20.516000,19.496000,3088506.0
11/08/2012,19.110001,19.270000,18.870001,18.879999,18.879999,1728200,-,24.495600,23.872200,20.748000,19.519000,3090970.0
11/07/2012,19.600000,19.660000,19.080000,19.129999,19.129999,3336400,-,24.512800,24.020400,20.989500,19.586000,3096958.0
11/06/2012,19.889999,19.930000,19.629999,19.750000,19.750000,1903100,-,24.528950,24.150000,21.223500,19.618000,3050222.0
11/05/2012,19.889999,19.990000,19.379999,19.629999,19.629999,2655000,-,24.543950,24.268800,21.440500,19.615000,3039184.0
11/02/2012,20.350000,20.379999,19.950001,20.020000,20.020000,2006600,-,24.558350,24.391400,21.656500,19.605000,3021430.0
11/01/2012,19.500000,20.459999,19.340000,20.250000,20.250000,3389400,-,24.568600,24.498400,21.824500,19.617000,3022478.0
10/31/2012,19.520000,19.780001,19.170000,19.370001,19.370001,2922400,-,24.575450,24.597600,21.975000,20.072000,2982666.0
10/26/2012,19.410000,19.690001,19.219999,19.540001,19.540001,2235100,-,24.583100,24.717400,22.176500,20.610000,2961150.0
10/25/2012,19.430000,19.590000,19.180000,19.370001,19.370001,2445800,-,24.590700,24.824600,22.405500,21.082000,2947520.0
10/24/2012,19.650000,19.700001,19.090000,19.250000,19.250000,3652500,-,24.596950,24.925400,22.671500,21.536000,2930666.0
10/23/2012,19.139999,19.629999,19.000000,19.549999,19.549999,2804300,-,24.600200,25.017800,22.960000,21.977000,2885012.0
10/22/2012,19.610001,19.889999,19.309999,19.450001,19.450001,3625900,-,24.603300,25.114600,23.275000,22.393000,2842370.0
10/19/2012,19.709999,19.799999,19.219999,19.719999,19.719999,4945800,-,24.608100,25.221200,23.606500,22.829000,2787628.0
10/18/2012,20.000000,20.059999,19.240000,19.530001,19.530001,10062100,-,24.610500,25.321200,23.970500,23.266000,2700202.0
10/17/2012,20.670000,20.809999,19.500000,20.139999,20.139999,20841100,-,24.613400,25.428400,24.363000,23.708000,2524676.0
10/16/2012,24.740000,25.100000,24.370001,24.799999,24.799999,5515700,-,24.616550,25.528200,24.733000,24.032000,2145240.0
10/15/2012,24.299999,24.799999,24.010000,24.750000,24.750000,3011200,-,24.601600,25.523200,24.857000,23.878000,2060916.0
10/12/2012,23.770000,24.379999,23.760000,24.260000,24.260000,1654700,-,24.586150,25.513600,24.987000,23.743000,2036814.0
10/11/2012,23.740000,24.129999,23.500000,23.910000,23.910000,1890200,-,24.571550,25.497000,25.158000,23.729000,2052588.0
10/10/2012,23.629999,23.889999,23.389999,23.660000,23.660000,1559800,-,24.557700,25.486400,25.343500,23.807000,2080880.0
10/09/2012,24.020000,24.370001,23.500000,23.709999,23.709999,2847500,-,24.543550,25.493400,25.535000,23.943000,2103496.0
10/08/2012,23.930000,24.309999,23.660000,23.809999,23.809999,1558600,-,24.528100,25.511400,25.709500,24.157000,2108568.0
10/05/2012,23.950001,24.570000,23.840000,24.090000,24.090000,3705300,-,24.509300,25.543800,25.885500,24.384000,2125424.0
10/04/2012,23.330000,23.990000,22.730000,23.950001,23.950001,2802800,-,24.495650,25.563000,26.050000,24.675000,2177962.0
10/03/2012,23.540001,23.559999,23.110001,23.379999,23.379999,2348200,-,24.483800,25.531800,26.222500,25.018000,2178758.0
10/02/2012,23.480000,23.709999,23.090000,23.260000,23.260000,3114100,-,24.477750,25.509000,26.380000,25.434000,2163012.0
10/01/2012,24.010000,24.240000,23.150000,23.400000,23.400000,4631400,-,24.470700,25.500200,26.547500,25.836000,2135148.0
09/28/2012,24.639999,24.820000,23.910000,24.120001,24.120001,4962000,-,24.464500,25.501600,26.703000,26.231000,2068776.0
09/27/2012,25.100000,25.790001,24.500000,24.690001,24.690001,4583100,-,24.460450,25.500000,26.800000,26.587000,2034964.0
09/26/2012,24.000000,25.150000,23.820000,25.020000,25.020000,10099500,-,24.456750,25.475800,26.891000,26.880000,2023786.0
09/25/2012,26.270000,26.410000,25.820000,25.850000,25.850000,1459100,-,24.454350,25.400600,26.961000,27.127000,1854708.0
09/24/2012,26.920000,26.930000,25.790001,26.080000,26.080000,2495200,-,24.442350,25.309200,26.983000,27.262000,1849304.0
09/21/2012,27.420000,27.680000,26.850000,27.000000,27.000000,1991500,-,24.430300,25.218600,26.959500,27.387000,1823204.0
09/20/2012,27.330000,27.510000,27.040001,27.379999,27.379999,739400,-,24.418150,25.097200,26.894000,27.425000,1824980.0
09/19/2012,27.240000,27.760000,27.129999,27.540001,27.540001,901700,-,24.409250,24.970600,26.813000,27.427000,1860032.0
09/18/2012,27.370001,27.430000,27.170000,27.280001,27.280001,1021700,-,24.393500,24.844400,26.704500,27.326000,1897226.0
09/17/2012,27.830000,27.959999,27.280001,27.350000,27.350000,1001500,-,24.377200,24.722600,26.601000,27.259000,1920688.0
09/14/2012,27.780001,28.230000,27.590000,27.680000,27.680000,2709800,-,24.360400,24.611600,26.501500,27.175000,1962680.0
09/13/2012,27.440001,27.730000,27.160000,27.620001,27.620001,2005200,-,24.337650,24.540600,26.362500,27.013000,1933500.0
09/12/2012,27.620001,27.660000,27.320000,27.490000,27.490000,1243300,-,24.317200,24.472200,26.202000,26.902000,1907188.0
09/11/2012,27.299999,27.420000,26.950001,27.200001,27.200001,1341200,-,24.293700,24.394600,26.021000,26.795000,1907668.0
09/10/2012,27.379999,27.450001,27.100000,27.330000,27.330000,1181900,-,24.271800,24.315000,25.880500,26.704000,1920232.0
09/07/2012,27.340000,27.719999,27.280001,27.379999,27.379999,1040100,-,24.253150,24.208200,25.753000,26.532000,1924026.0
09/06/2012,26.660000,27.780001,26.559999,27.400000,27.400000,2460200,-,24.234700,24.114200,25.620000,26.363000,1927514.0
09/05/2012,26.660000,26.990000,26.510000,26.530001,26.530001,1883400,-,24.219100,24.006200,25.494500,26.199000,1896556.0
09/04/2012,26.530001,26.790001,26.270000,26.610001,26.610001,1719000,-,24.208850,23.914000,25.424500,26.083000,1876694.0
08/31/2012,26.309999,26.580000,26.040001,26.510000,26.510000,1595000,-,24.203500,23.833200,25.321500,25.943000,1880796.0
08/30/2012,26.490000,26.490000,25.930000,26.059999,26.059999,1373900,-,24.199750,23.741800,25.209500,25.828000,1877516.0
08/29/2012,26.549999,26.629999,26.340000,26.510000,26.510000,1335800,-,24.192050,23.673400,25.078000,25.712000,1870626.0
08/28/2012,26.129999,26.500000,25.920000,26.420000,26.420000,2211800,-,24.182300,23.592600,24.921500,25.502000,1897200.0
08/27/2012,25.650000,26.370001,25.440001,26.290001,26.290001,2027600,-,24.175050,23.508000,24.801000,25.247000,1886080.0
08/24/2012,25.620001,25.799999,25.400000,25.610001,25.610001,999600,-,24.159950,23.424800,24.717000,25.057000,1892334.0
08/23/2012,25.760000,25.889999,25.420000,25.690001,25.690001,1351200,-,24.152950,23.336200,24.708000,24.974000,1904996.0
08/22/2012,25.480000,25.900000,25.340000,25.760000,25.760000,1767300,-,24.144300,23.246200,24.676000,24.877000,1920952.0
08/21/2012,25.280001,25.490000,25.129999,25.370001,25.370001,2059000,-,24.138950,23.148600,24.507500,24.790000,1959046.0
08/20/2012,25.360001,25.410000,24.840000,25.209999,25.209999,1398800,-,24.137100,23.060600,24.351000,24.766000,1939858.0
08/17/2012,25.010000,25.570000,24.940001,25.360001,25.360001,1846600,-,24.125850,22.993400,24.231500,24.700000,1937186.0
08/16/2012,24.549999,25.120001,24.510000,24.900000,24.900000,1553600,-,24.111900,22.918600,24.137000,24.591000,1947170.0
08/15/2012,24.150000,24.620001,24.000000,24.410000,24.410000,1603100,-,24.102700,22.853600,24.094000,24.444000,1969764.0
08/14/2012,24.490000,24.639999,23.760000,23.870001,23.870001,1369800,-,24.095950,22.780800,24.047500,24.341000,1990468.0
08/13/2012,24.730000,24.730000,24.280001,24.389999,24.389999,672200,-,24.085250,22.713200,23.917000,24.355000,2006294.0
08/10/2012,24.540001,24.820000,24.410000,24.780001,24.780001,888800,-,24.067200,22.633600,23.761500,24.377000,2036074.0
08/09/2012,24.930000,25.030001,24.629999,24.719999,24.719999,574500,-,24.050600,22.563000,23.600000,24.442000,2111242.0
08/08/2012,24.940001,25.230000,24.750000,24.889999,24.889999,1285800,-,24.022600,22.499800,23.410500,24.475000,2135680.0
08/07/2012,24.639999,25.340000,24.510000,25.129999,25.129999,1869300,-,23.986350,22.438200,23.218500,24.225000,2149442.0
08/06/2012,24.240000,24.799999,24.180000,24.549999,24.549999,1299500,-,23.951800,22.372400,23.023500,23.936000,2169912.0
08/03/2012,23.980000,24.410000,23.540001,24.270000,24.270000,1806100,-,23.921550,22.310000,22.855500,23.763000,2237146.0
08/02/2012,23.240000,23.969999,23.020000,23.430000,23.430000,2443400,-,23.898450,22.288000,22.732000,23.683000,2234530.0
08/01/2012,24.150000,24.500000,23.309999,23.379999,23.379999,3304800,-,23.877650,22.284600,22.767000,23.744000,2226630.0
07/31/2012,24.639999,24.910000,23.969999,24.010000,24.010000,2690600,-,23.859800,22.278200,22.808000,23.754000,2217290.0
07/30/2012,25.320000,25.420000,24.350000,24.610001,24.610001,3101100,-,23.832600,22.246800,22.788000,23.479000,2215478.0
07/27/2012,25.180000,25.740000,24.969999,25.430000,25.430000,2401400,-,23.798150,22.220400,22.718500,23.146000,2196276.0
07/26/2012,25.010000,26.730000,24.510000,25.049999,25.049999,6332200,-,23.762350,22.196400,22.546500,22.758000,2186938.0
07/25/2012,22.600000,22.799999,22.170000,22.389999,22.389999,2842600,-,23.729900,22.175800,22.428000,22.346000,2101870.0
07/24/2012,22.760000,23.049999,21.969999,22.240000,22.240000,1560900,-,23.707650,22.203400,22.408500,22.212000,2077316.0
07/23/2012,23.049999,23.110001,22.350000,22.820000,22.820000,1720900,-,23.685800,22.242400,22.392500,22.111000,2097426.0
07/20/2012,24.120001,24.260000,23.219999,23.469999,23.469999,1312800,-,23.656850,22.264800,22.380000,21.948000,2136374.0
07/19/2012,23.600000,24.200001,23.459999,24.040001,24.040001,3271400,-,23.622650,22.289400,22.303500,21.781000,2145338.0
07/18/2012,21.500000,23.610001,21.400000,23.480000,23.480000,4024200,-,23.585100,22.307000,22.233500,21.790000,2146674.0
07/17/2012,21.450001,21.719999,21.020000,21.260000,21.260000,1645600,-,23.551700,22.341600,22.183000,21.862000,2101160.0
07/16/2012,21.500000,21.629999,21.170000,21.280001,21.280001,1188900,-,23.529400,22.422400,22.229500,22.097000,2109194.0
07/13/2012,20.910000,21.709999,20.870001,21.549999,21.549999,1190200,-,23.507800,22.517600,22.272000,22.291000,2122012.0
07/12/2012,20.770000,21.240000,20.350000,20.930000,20.930000,2080300,-,23.486800,22.613800,22.253500,22.335000,2130406.0
07/11/2012,20.740000,21.209999,20.650000,21.049999,21.049999,2492000,-,23.469800,22.723400,22.266500,22.510000,2145312.0
07/10/2012,21.469999,21.850000,20.950001,21.230000,21.230000,2761400,-,23.445800,22.824800,22.258000,22.605000,2128484.0
07/09/2012,21.809999,22.030001,21.160000,21.190001,21.190001,2194800,-,23.422650,22.924600,22.245000,22.674000,2113028.0
07/06/2012,23.820000,23.820000,21.709999,21.799999,21.799999,3101100,-,23.404300,23.020400,22.278000,22.812000,2127974.0
07/05/2012,24.100000,24.340000,23.980000,24.129999,24.129999,1250800,-,23.382250,23.113200,22.269000,22.826000,2164682.0
07/03/2012,23.670000,24.250000,23.410000,24.200001,24.200001,689600,-,23.353500,23.145400,22.145000,22.677000,2242680.0
07/02/2012,23.400000,23.709999,22.980000,23.610001,23.610001,1267300,-,23.323250,23.189800,21.973500,22.504000,2287586.0
06/29/2012,22.370001,23.299999,22.370001,23.219999,23.219999,1969400,-,23.299750,23.259600,21.817500,22.362000,2283824.0
06/28/2012,22.350000,22.600000,21.650000,21.990000,21.990000,1371600,-,23.276750,23.344800,21.677000,22.253000,2261792.0
06/27/2012,22.080000,22.780001,21.980000,22.680000,22.680000,1214500,-,23.254250,23.458200,21.640000,22.172000,2248350.0
06/26/2012,21.950001,22.309999,21.850000,22.000000,22.000000,912300,-,23.228100,23.555600,21.584000,22.023000,2244592.0
06/25/2012,22.129999,22.450001,21.780001,21.920000,21.920000,890300,-,23.206250,23.656600,21.574500,21.911000,2243544.0
06/22/2012,22.010000,22.600000,21.969999,22.570000,22.570000,1924100,-,23.188950,23.768200,21.570500,21.816000,2251854.0
06/21/2012,22.570000,22.740000,21.830000,21.940001,21.940001,1431000,-,23.170350,23.872600,21.513500,21.744000,2230600.0
06/20/2012,22.520000,22.860001,22.290001,22.639999,22.639999,1029400,-,23.151650,23.979400,21.575000,21.712000,2233036.0
06/19/2012,22.320000,23.270000,22.219999,22.469999,22.469999,2664500,-,23.130450,24.071800,21.606000,21.613000,2247364.0
06/18/2012,21.969999,22.290001,21.530001,22.190001,22.190001,1655800,-,23.113400,24.180000,21.635500,21.443000,2233910.0
06/15/2012,21.150000,22.170000,21.040001,22.129999,22.129999,2340300,-,23.098100,24.305000,21.648000,21.273000,2230258.0
06/14/2012,21.059999,21.320000,20.760000,21.180000,21.180000,1632700,-,23.081550,24.426400,21.706000,21.101000,2227152.0
06/13/2012,21.730000,21.790001,21.120001,21.190001,21.190001,2149000,-,23.070950,24.571200,21.858500,21.108000,2233724.0
06/12/2012,21.049999,21.139999,20.320000,20.879999,20.879999,3672000,-,23.058050,24.715800,22.000000,21.145000,2252342.0
06/11/2012,21.950001,22.209999,20.920000,20.969999,20.969999,1099600,-,23.041100,24.851200,22.144500,21.238000,2220450.0
06/08/2012,21.490000,21.950001,21.350000,21.850000,21.850000,1265200,-,23.025450,24.977400,22.305500,21.325000,2235116.0
06/07/2012,21.940001,22.000000,21.400000,21.620001,21.620001,2345800,-,23.008600,25.073600,22.410000,21.283000,2239412.0
06/06/2012,21.049999,21.830000,20.959999,21.650000,21.650000,2683300,-,22.986800,25.183600,22.564000,21.438000,2227836.0
06/05/2012,20.320000,20.830000,20.320000,20.770000,20.770000,2638300,-,22.966250,25.303800,22.727500,21.599000,2196546.0
06/04/2012,20.490000,20.650000,19.940001,20.490000,20.490000,2161100,-,22.955900,25.429000,22.949500,21.828000,2164518.0
06/01/2012,20.780001,20.809999,20.360001,20.410000,20.410000,2161200,-,22.957650,25.551000,23.190000,22.023000,2143818.0
05/31/2012,21.629999,21.629999,20.870001,21.250000,21.250000,4647200,-,22.957200,25.686200,23.471500,22.311000,2131000.0
05/30/2012,21.549999,21.830000,21.209999,21.559999,21.559999,1796400,-,22.953950,25.805600,23.727000,22.609000,2068844.0
05/29/2012,22.219999,22.540001,21.440001,21.809999,21.809999,1973900,-,22.944700,25.923800,23.969500,22.855000,2055438.0
05/25/2012,21.350000,21.990000,21.059999,21.840000,21.840000,2892800,-,22.932950,26.030000,24.185000,23.051000,2033288.0
05/24/2012,23.219999,23.230000,21.230000,21.430000,21.430000,4661200,-,22.914600,26.141800,24.404000,23.286000,2005342.0
05/23/2012,23.000000,23.260000,22.309999,23.170000,23.170000,1675300,-,22.903400,26.256600,24.631500,23.537000,1945998.0
05/22/2012,23.070000,23.610001,22.860001,23.260000,23.260000,2048400,-,22.877550,26.349400,24.795000,23.690000,1968892.0
05/21/2012,22.440001,23.090000,21.639999,23.059999,23.059999,2837800,-,22.859350,26.429000,24.919000,23.856000,2004746.0
05/18/2012,23.290001,23.570000,22.320000,22.440001,22.440001,2600000,-,22.848050,26.499600,25.087000,24.071000,1972174.0
05/17/2012,24.150000,24.230000,23.250000,23.290001,23.290001,2141000,-,22.841250,26.577000,25.320000,24.357000,1946732.0
05/16/2012,24.299999,24.500000,24.040001,24.230000,24.230000,1934500,-,22.825450,26.632600,25.529500,24.632000,1939968.0
05/15/2012,23.809999,24.299999,23.780001,24.020000,24.020000,2078800,-,22.805500,26.660800,25.701000,24.845000,1936834.0
05/14/2012,23.730000,24.209999,23.559999,23.770000,23.770000,1614900,-,22.787000,26.705400,25.877500,25.084000,1950292.0
05/11/2012,23.719999,24.340000,23.639999,24.190001,24.190001,2566400,-,22.767150,26.780800,26.041500,25.319000,1952964.0
05/10/2012,24.750000,24.930000,23.540001,23.940001,23.940001,3668300,-,22.745250,26.853600,26.207000,25.522000,1932698.0
05/09/2012,24.510000,24.969999,24.260000,24.700001,24.700001,1761000,-,22.729000,26.915800,26.399500,25.726000,1889446.0
05/08/2012,25.170000,25.330000,24.120001,24.920000,24.920000,3338200,-,22.708450,26.969800,26.528500,25.900000,1899182.0
05/07/2012,25.170000,25.450001,24.900000,25.209999,25.209999,1748500,-,22.689300,27.009000,26.645500,25.982000,1855410.0
05/04/2012,25.830000,25.830000,24.920000,25.299999,25.299999,2047300,-,22.666750,27.044600,26.779000,26.103000,1860194.0
05/03/2012,26.290001,26.389999,25.510000,26.040001,26.040001,1829800,-,22.648300,27.063600,26.936000,26.283000,1844486.0
05/02/2012,26.120001,26.709999,25.990000,26.360001,26.360001,1609900,-,22.652000,27.065400,27.044000,26.427000,1832368.0
05/01/2012,26.139999,26.980000,25.930000,26.410000,26.410000,2825600,-,22.652850,27.062200,27.147000,26.557000,1834476.0
04/30/2012,26.200001,26.200001,25.639999,26.120001,26.120001,1650600,-,22.655050,27.053200,27.247500,26.671000,1801270.0
04/27/2012,26.070000,26.370001,25.480000,26.219999,26.219999,1988600,-,22.659350,27.057000,27.324000,26.764000,1796722.0
04/26/2012,26.480000,26.620001,25.750000,25.980000,25.980000,2942100,-,22.665650,27.049000,27.377000,26.892000,1801128.0
04/25/2012,27.370001,27.500000,26.219999,26.440001,26.440001,4936500,-,22.670050,27.063400,27.411000,27.073000,1789652.0
04/24/2012,26.990000,27.219999,25.510000,25.740000,25.740000,5150700,-,22.674600,27.062200,27.445000,27.157000,1736162.0
04/23/2012,26.480000,26.500000,25.700001,26.420000,26.420000,2934900,-,22.686150,27.059000,27.541000,27.309000,1659854.0
04/20/2012,27.500000,27.680000,27.090000,27.100000,27.100000,1079200,-,22.692000,27.055000,27.571500,27.455000,1658066.0
04/19/2012,27.740000,28.070000,27.209999,27.480000,27.480000,867800,-,22.697350,27.018400,27.546000,27.589000,1667918.0
04/18/2012,27.500000,27.790001,27.260000,27.660000,27.660000,699500,-,22.699450,26.965800,27.530500,27.661000,1706378.0
04/17/2012,27.260000,27.690001,26.940001,27.549999,27.549999,1026600,-,22.699050,26.915200,27.508500,27.737000,1744532.0
04/16/2012,27.730000,27.850000,26.799999,27.049999,27.049999,859900,-,22.697750,26.871800,27.504500,27.824000,1763240.0
04/13/2012,27.590000,28.040001,27.370001,27.500000,27.500000,1305800,-,22.697050,26.841400,27.508000,27.884000,1819392.0
04/12/2012,27.490000,27.809999,27.280001,27.790001,27.790001,861400,-,22.693100,26.792200,27.504500,27.862000,2085442.0
04/11/2012,27.450001,27.980000,27.080000,27.280001,27.280001,1552800,-,22.684200,26.692600,27.473500,27.749000,2144150.0
04/10/2012,27.799999,28.000000,26.879999,27.260000,27.260000,1745800,-,22.677050,26.596800,27.500000,27.733000,2156736.0
04/09/2012,27.980000,28.100000,27.610001,27.879999,27.879999,1991800,-,22.666350,26.507200,27.499000,27.773000,2145052.0
04/05/2012,28.000000,28.520000,27.700001,28.440001,28.440001,1473200,-,22.650250,26.406800,27.434500,27.688000,2133082.0
04/04/2012,28.100000,28.340000,27.650000,28.200001,28.200001,2185000,-,22.631250,26.297200,27.328000,27.503000,2134414.0
04/03/2012,28.420000,28.680000,28.059999,28.420000,28.420000,1961300,-,22.603850,26.179600,27.221500,27.400000,2140632.0
04/02/2012,27.500000,28.820000,27.059999,28.420000,28.420000,3079900,-,22.575050,26.058400,27.082500,27.280000,2143922.0
03/30/2012,27.480000,28.100000,27.160000,27.650000,27.650000,2077400,-,22.548800,25.945000,26.974000,27.185000,2128294.0
03/29/2012,26.600000,27.469999,26.299999,27.280001,27.280001,1832900,-,22.522100,25.842200,26.968500,27.132000,2140710.0
03/28/2012,27.110001,27.250000,26.270000,26.660000,26.660000,1480000,-,22.500150,25.738000,26.996000,27.147000,2147900.0
03/27/2012,27.090000,27.870001,27.040001,27.120001,27.120001,1767000,-,22.480600,25.637200,27.015500,27.198000,2186714.0
03/26/2012,27.200001,27.690001,27.139999,27.660000,27.660000,1118800,-,22.458300,25.512800,27.029500,27.267000,2191106.0
03/23/2012,26.700001,27.030001,26.370001,27.030001,27.030001,1036900,-,22.438950,25.380800,26.990500,27.225000,2221752.0
03/22/2012,27.000000,27.000000,26.540001,26.590000,26.590000,1126100,-,22.423550,25.252600,26.988500,27.181000,2269248.0
03/21/2012,27.400000,27.559999,27.049999,27.170000,27.170000,1520300,-,22.411600,25.118800,26.971500,27.153000,2304002.0
03/20/2012,27.230000,27.389999,26.650000,27.219999,27.219999,1539400,-,22.394250,24.978800,26.919500,27.043000,2302604.0
03/19/2012,27.209999,27.809999,26.860001,27.469999,27.469999,1126100,-,22.375350,24.842600,26.868500,26.885000,2317468.0
03/16/2012,27.309999,27.420000,27.030001,27.120001,27.120001,866400,-,22.355550,24.697200,26.793000,26.763000,2348350.0
03/15/2012,27.320000,27.910000,26.900000,27.430000,27.430000,1495500,-,22.344200,24.557000,26.752500,26.805000,2399546.0
03/14/2012,27.650000,27.860001,26.900000,27.170000,27.170000,1694000,-,22.328275,24.423800,26.672000,26.845000,2432318.0
03/13/2012,27.309999,27.809999,26.870001,27.809999,27.809999,2820000,-,22.312075,24.316600,26.648500,26.833000,2419260.0
03/12/2012,26.590000,27.270000,26.379999,27.240000,27.240000,3841100,-,22.291300,24.193600,26.577000,26.792000,2387014.0
03/09/2012,26.370001,26.840000,26.309999,26.590000,26.590000,1209200,-,22.274900,24.075600,26.494000,26.756000,2345384.0
03/08/2012,26.330000,26.639999,26.190001,26.309999,26.309999,1327900,-,22.258150,23.966600,26.475500,26.796000,2339076.0
03/07/2012,25.790001,26.620001,25.740000,26.070000,26.070000,1802800,-,22.243700,23.857000,26.423500,26.790000,2334178.0
03/06/2012,25.740000,26.139999,25.530001,25.639999,25.639999,1777800,-,22.234675,23.748000,26.362500,26.796000,2332022.0
03/05/2012,26.820000,27.120001,25.760000,26.250000,26.250000,2751700,-,22.228050,23.636200,26.337000,26.852000,2458390.0
03/02/2012,27.730000,27.900000,27.219999,27.540001,27.540001,1748500,-,22.215075,23.538400,26.293500,26.823000,2463592.0
03/01/2012,27.120001,27.879999,26.840000,27.830000,27.830000,1553100,-,22.194000,23.419200,26.193000,26.700000,2453280.0
02/29/2012,27.350000,27.469999,26.809999,27.049999,27.049999,1505700,-,22.171850,23.306000,26.053500,26.499000,2457676.0
02/28/2012,27.100000,27.660000,26.830000,27.400000,27.400000,2247800,-,22.154000,23.202000,25.841500,26.464000,2456028.0
02/27/2012,26.809999,27.160000,26.740000,26.879999,26.879999,1149600,-,22.134525,23.097200,25.596000,26.362000,2450380.0
02/24/2012,26.480000,27.090000,26.400000,26.990000,26.990000,1987700,-,22.115300,23.025800,25.391000,26.232000,2451612.0
02/23/2012,26.080000,26.530001,25.920000,26.250000,26.250000,1261900,-,22.098375,22.965000,25.184500,26.155000,2438402.0
02/22/2012,26.500000,26.650000,26.110001,26.129999,26.129999,1223900,-,22.085725,22.930800,25.020000,26.057000,2464046.0
02/21/2012,25.969999,26.600000,25.950001,26.200001,26.200001,1715300,-,22.071350,22.877200,24.829500,25.929000,2482764.0
02/17/2012,26.379999,26.379999,25.580000,25.959999,25.959999,1165300,-,22.055825,22.826600,24.637500,25.822000,2494956.0
02/16/2012,25.750000,26.370001,25.690001,26.309999,26.309999,1423200,-,22.036450,22.798800,24.477000,25.764000,2522912.0
02/15/2012,26.790001,26.799999,25.700001,25.820000,25.820000,2208900,-,22.017975,22.784600,24.287000,25.686000,2551982.0
02/14/2012,26.400000,26.719999,26.200001,26.700001,26.700001,2368300,-,22.004500,22.756000,24.099500,25.608000,2524874.0
02/13/2012,26.250000,26.440001,25.760000,26.379999,26.379999,2262000,-,21.992750,22.702400,23.845500,25.219000,2507050.0
02/10/2012,25.790001,25.959999,25.230000,25.580000,25.580000,1335300,-,21.980275,22.654600,23.571500,24.830000,2487752.0
02/09/2012,25.500000,26.420000,25.490000,26.219999,26.219999,2845500,-,21.956700,22.605600,23.345500,24.550000,2482494.0
02/08/2012,24.860001,25.340000,24.850000,25.270000,25.270000,1571800,-,21.928475,22.551800,23.065500,24.214000,2451960.0
02/07/2012,24.549999,25.100000,24.530001,24.850000,24.850000,2790800,-,21.904275,22.502200,22.797000,23.983000,2426674.0
02/06/2012,25.420000,25.420000,24.870001,25.129999,25.129999,2607200,-,21.881075,22.461600,22.563000,23.730000,2393916.0
02/03/2012,25.660000,25.969999,25.350000,25.379999,25.379999,1962000,-,21.856175,22.431000,22.327000,23.453000,2364898.0
02/02/2012,24.950001,26.000000,24.889999,25.530001,25.530001,3667500,-,21.826200,22.397200,22.068000,23.190000,2358586.0
02/01/2012,25.090000,25.760000,24.549999,25.040001,25.040001,14608300,-,21.796625,22.372200,21.797000,22.888000,2305398.0
01/31/2012,22.670000,23.129999,22.110001,22.809999,22.809999,3796800,-,21.772925,22.361000,21.583500,22.591000,2054850.0
01/30/2012,22.559999,22.750000,22.299999,22.490000,22.490000,2182100,-,21.759275,22.415600,21.533500,22.472000,2009718.0
01/27/2012,22.580000,23.170000,22.570000,22.780001,22.780001,1161600,-,21.747550,22.481000,21.492000,22.313000,2011710.0
01/26/2012,23.110001,23.150000,22.670000,22.860001,22.860001,1393300,-,21.728350,22.515800,21.420000,22.141000,2011822.0
01/25/2012,22.299999,23.049999,21.940001,22.959999,22.959999,1539800,-,21.711700,22.549800,21.334000,21.917000,2007160.0
01/24/2012,22.370001,22.950001,22.190001,22.320000,22.320000,2495900,-,21.695800,22.590000,21.227500,21.611000,2053306.0
01/23/2012,22.580000,22.980000,21.969999,22.360001,22.360001,2125800,-,21.683725,22.609000,21.142500,21.396000,2039614.0
01/20/2012,22.549999,23.190001,22.250000,22.750000,22.750000,2298500,-,21.676925,22.646000,21.027000,21.201000,2031784.0
01/19/2012,22.730000,22.940001,22.370001,22.510000,22.510000,2698200,-,21.674400,22.670200,20.957500,20.946000,2042990.0
01/18/2012,21.830000,22.299999,21.600000,22.070000,22.070000,2192400,-,21.670575,22.713800,20.911000,20.706000,2036762.0
01/17/2012,21.129999,22.080000,20.799999,21.620001,21.620001,3420700,-,21.662175,22.772400,20.916000,20.576000,2094514.0
01/13/2012,20.820000,21.230000,20.570000,20.900000,20.900000,1986600,-,21.664450,22.799200,20.927500,20.595000,2073300.0
01/12/2012,21.250000,21.340000,20.750000,21.059999,21.059999,2651100,-,21.667450,22.832600,20.990500,20.671000,2088742.0
01/11/2012,20.180000,21.290001,20.139999,20.620001,20.620001,3411700,-,21.670650,22.872600,21.103000,20.699000,2099516.0
01/10/2012,20.520000,20.520000,19.610001,19.900000,19.900000,2863800,-,21.673325,22.921400,21.269500,20.751000,2095882.0
01/09/2012,20.440001,20.500000,19.709999,20.170000,20.170000,1450400,-,21.681450,22.958000,21.501500,20.844000,2124552.0
01/06/2012,20.170000,20.610001,19.870001,20.410000,20.410000,2282600,-,21.684875,22.970200,21.665500,20.889000,2235382.0
01/05/2012,20.150000,20.379999,20.000000,20.200001,20.200001,2670200,-,21.685375,22.991200,21.828500,20.853000,2390104.0
01/04/2012,20.549999,20.600000,19.719999,20.110001,20.110001,3426200,-,21.690125,22.969600,22.047000,20.969000,2435850.0
01/03/2012,22.209999,22.240000,20.709999,20.770000,20.770000,3134100,-,21.699025,22.920200,22.321500,21.116000,2418074.0
12/30/2011,21.740000,21.860001,21.549999,21.809999,21.809999,1041100,-,21.700925,22.869200,22.502500,21.256000,2413552.0
12/29/2011,21.340000,21.959999,21.280001,21.660000,21.660000,1207700,-,21.695500,22.803000,22.613000,21.260000,2437238.0
12/28/2011,21.180000,21.600000,21.020000,21.340000,21.340000,1759600,-,21.689775,22.762800,22.729500,21.310000,2438604.0
12/27/2011,20.760000,21.219999,20.559999,21.139999,21.139999,893800,-,21.688675,22.721400,22.819000,21.507000,2434958.0
12/23/2011,20.709999,21.049999,20.700001,20.830000,20.830000,1083000,-,21.692025,22.694800,22.938500,21.788000,2468958.0
12/22/2011,20.059999,20.690001,20.049999,20.620001,20.620001,1695000,-,21.695375,22.649600,23.036500,22.159000,2500560.0
12/21/2011,21.200001,21.209999,18.150000,20.049999,20.049999,8096200,-,21.697650,22.591600,23.146500,22.442000,2509426.0
12/20/2011,22.070000,22.070000,20.940001,21.360001,21.360001,3011800,-,21.705425,22.556000,23.324000,22.804000,2394514.0
12/19/2011,22.209999,22.240000,21.500000,21.580000,21.580000,1232900,-,21.706825,22.500000,23.440500,23.125000,2367024.0
12/16/2011,21.910000,22.680000,21.799999,22.170000,22.170000,1772900,-,21.706700,22.427200,23.575500,23.527000,2380898.0
12/15/2011,22.370001,22.680000,21.799999,21.850000,21.850000,1423300,-,21.703975,22.341200,23.691000,23.749000,2391206.0
12/14/2011,23.059999,23.280001,22.059999,22.160000,22.160000,1965400,-,21.700300,22.244800,23.875500,23.966000,2401998.0
12/13/2011,24.150000,24.190001,23.180000,23.309999,23.309999,1211200,-,21.690425,22.134200,24.055500,24.149000,2410548.0
12/12/2011,24.020000,24.500000,23.620001,23.950001,23.950001,1327200,-,21.673050,21.998600,24.116000,24.131000,2434832.0
12/09/2011,24.100000,24.870001,23.520000,24.540001,24.540001,2544100,-,21.655400,21.855600,24.146500,24.089000,2469058.0
12/08/2011,23.440001,24.000000,23.309999,23.450001,23.450001,2159800,-,21.636450,21.700800,24.168000,23.914000,2455314.0
12/07/2011,24.469999,24.490000,23.299999,23.670000,23.670000,2324900,-,21.621150,21.571000,24.159000,23.851000,2443034.0
12/06/2011,24.860001,25.180000,24.379999,24.570000,24.570000,2563100,-,21.602500,21.444600,24.186000,23.844000,2427452.0
12/05/2011,24.770000,26.600000,24.580000,25.600000,25.600000,2876700,-,21.578675,21.303800,24.155500,23.756000,2436422.0
12/02/2011,24.280001,24.879999,24.139999,24.389999,24.389999,853500,-,21.554925,21.116800,24.110000,23.624000,2456488.0
12/01/2011,23.799999,24.180000,23.430000,24.020000,24.020000,1477100,-,21.536250,20.961000,24.140500,23.633000,2494606.0
11/30/2011,23.850000,24.180000,23.680000,23.990000,23.990000,1297100,-,21.519300,20.831000,24.087500,23.785000,2504498.0
11/29/2011,23.299999,23.670000,22.820000,23.129999,23.129999,1072400,-,21.500500,20.699000,24.016500,23.962000,2518120.0
11/28/2011,23.450001,24.190001,23.350000,23.530001,23.530001,1318800,-,21.487350,20.604000,24.013000,24.101000,2551566.0
11/25/2011,22.650000,23.090000,22.629999,22.790001,22.790001,307500,-,21.471275,20.496400,23.989500,24.204000,2583146.0
11/23/2011,23.270000,23.450001,22.559999,22.820000,22.820000,1152900,-,21.458975,20.418800,23.936500,24.422000,2610368.0
11/22/2011,23.520000,23.750000,23.150000,23.600000,23.600000,1156300,-,21.445300,20.334800,23.834500,24.467000,2648254.0
11/21/2011,23.930000,24.000000,22.780001,23.690001,23.690001,1646400,-,21.428475,20.212600,23.727500,24.528000,2663688.0
11/18/2011,24.719999,24.799999,24.120001,24.280001,24.280001,1008100,-,21.409425,20.087800,23.499000,24.555000,2683734.0
11/17/2011,25.549999,25.639999,24.150000,24.480000,24.480000,2080900,-,21.390200,19.954800,23.167000,24.596000,2705154.0
11/16/2011,25.620001,26.200001,25.389999,25.540001,25.540001,1540200,-,21.365000,19.834400,22.854000,24.648000,2707840.0
11/15/2011,24.889999,25.980000,24.770000,25.760000,25.760000,2281700,-,21.334825,19.700600,22.502000,24.390000,2725896.0
11/14/2011,24.740000,25.100000,24.309999,24.520000,24.520000,1167200,-,21.304675,19.549400,22.196500,24.071000,2730326.0
11/11/2011,25.110001,25.240000,24.510000,24.559999,24.559999,1160200,-,21.278200,19.427000,21.934000,23.925000,2737620.0
11/10/2011,23.639999,25.469999,23.450001,24.969999,24.969999,3847100,-,21.247775,19.317000,21.696500,23.775000,2739924.0
11/09/2011,23.760000,24.000000,23.270000,23.270000,23.270000,1811300,-,21.217425,19.200200,21.376500,23.451000,2713302.0
11/08/2011,24.040001,24.330000,23.799999,24.209999,24.209999,1734300,-,21.200200,19.111200,21.099000,23.202000,2715094.0
11/07/2011,24.660000,24.790001,23.370001,23.959999,23.959999,2858800,-,21.163950,19.008200,20.802000,22.927000,2719068.0
11/04/2011,24.580000,24.990000,24.309999,24.690001,24.690001,2386800,-,21.130375,18.901200,20.532000,22.443000,2682910.0
11/03/2011,23.730000,25.330000,23.510000,25.000000,25.000000,5080000,-,21.094650,18.757200,20.194500,21.738000,2661386.0
11/02/2011,22.750000,23.000000,22.400000,22.959999,22.959999,2360000,-,21.057025,18.614000,19.838000,21.060000,2603846.0
11/01/2011,21.889999,22.690001,21.830000,22.570000,22.570000,2758700,-,21.031200,18.524400,19.541500,20.614000,2587428.0
10/31/2011,22.920000,23.320000,22.299999,23.059999,23.059999,3189800,-,21.010025,18.418200,19.244500,20.322000,2579448.0
10/28/2011,21.719999,23.330000,21.549999,23.059999,23.059999,3230000,-,20.988150,18.307800,18.918000,19.943000,2556480.0
10/27/2011,21.290001,21.920000,21.260000,21.730000,21.730000,4297300,-,20.964825,18.220600,18.605000,19.618000,2528072.0
10/26/2011,20.620001,21.100000,20.260000,20.780001,20.780001,6991900,-,20.947625,18.202800,18.358500,19.302000,2504718.0
10/25/2011,20.219999,21.500000,19.879999,21.459999,21.459999,10018700,-,20.933875,18.193600,18.167500,18.996000,2394968.0
10/24/2011,18.080000,19.340000,17.770000,19.120001,19.120001,4957500,-,20.916600,18.176400,17.962000,18.677000,2227634.0
10/21/2011,18.490000,18.540001,17.540001,17.639999,17.639999,2537400,-,20.909075,18.188200,17.882500,18.621000,2166760.0
10/20/2011,18.610001,18.760000,17.610001,18.219999,18.219999,2908000,-,20.911825,18.224600,17.813000,18.651000,2172838.0
10/19/2011,19.639999,19.690001,18.290001,18.500000,18.500000,2225400,-,20.911975,18.223600,17.732000,18.616000,2163036.0
10/18/2011,19.370001,19.820000,18.900000,19.650000,19.650000,1276000,-,20.906900,18.237400,17.683000,18.469000,2196640.0
10/17/2011,19.780001,19.780001,19.000000,19.270000,19.270000,1577300,-,20.891400,18.204400,17.570000,18.167000,2266700.0
10/14/2011,18.820000,19.959999,18.620001,19.809999,19.809999,2593800,-,20.875925,18.211400,17.525500,17.893000,2323090.0
10/13/2011,17.520000,18.600000,17.510000,18.570000,18.570000,2663100,-,20.857325,18.231200,17.442500,17.592000,2354004.0
10/12/2011,18.379999,18.549999,17.650000,17.719999,17.719999,2138300,-,20.844925,18.281400,17.459500,17.415000,2379894.0
10/11/2011,18.170000,18.469999,17.990000,18.270000,18.270000,2350600,-,20.835450,18.329600,17.504500,17.339000,2385212.0
10/10/2011,18.120001,18.639999,18.090000,18.559999,18.559999,1637300,-,20.825375,18.369000,17.465500,17.247000,2382732.0
10/07/2011,17.879999,18.290001,17.570000,17.940001,17.940001,1926600,-,20.810950,18.404200,17.410000,17.144000,2424510.0
10/06/2011,17.049999,17.980000,16.770000,17.870001,17.870001,2288300,-,20.800450,18.441400,17.394500,16.975000,2446020.0
10/05/2011,16.610001,17.250000,16.190001,17.030001,17.030001,1962900,-,20.791050,18.480200,17.424000,16.848000,2460022.0
10/04/2011,16.240000,16.910000,15.800000,16.629999,16.629999,2392900,-,20.785950,18.553400,17.515000,16.897000,2482484.0
10/03/2011,16.620001,17.090000,16.410000,16.530001,16.530001,2425400,-,20.783050,18.632600,17.593500,16.973000,2502610.0
09/30/2011,16.580000,17.350000,16.360001,16.799999,16.799999,3038500,-,20.779850,18.723800,17.687000,17.158000,2532326.0
09/29/2011,17.280001,17.480000,16.110001,16.799999,16.799999,1856900,-,20.774375,18.801800,17.800000,17.293000,2583456.0
09/28/2011,17.379999,17.570000,16.920000,16.959999,16.959999,1545800,-,20.768075,18.898000,17.916500,17.504000,2944644.0
09/27/2011,17.770000,17.990000,17.270000,17.350000,17.350000,1545800,-,20.763050,19.094400,18.009500,17.670000,3002418.0
09/26/2011,16.350000,17.600000,16.250000,17.530001,17.530001,3011600,-,20.759625,19.278000,18.095000,17.684000,3007492.0
09/23/2011,16.450001,16.690001,15.780000,16.250000,16.250000,3880000,-,20.755625,19.464400,18.149000,17.676000,2971956.0
09/22/2011,16.930000,17.469999,15.940000,16.600000,16.600000,2759400,-,20.756100,19.679000,18.211000,17.814000,2922176.0
09/21/2011,17.500000,18.150000,17.500000,17.520000,17.520000,1971700,-,20.754875,19.896600,18.273000,18.000000,2898158.0
09/20/2011,18.549999,18.690001,17.389999,17.389999,17.389999,1978200,-,20.749550,20.083400,18.321000,18.133000,2891012.0
09/19/2011,17.860001,18.610001,17.700001,18.379999,18.379999,2744700,-,20.745750,20.282600,18.314500,18.214000,2874078.0
09/16/2011,18.879999,18.980000,18.120001,18.150000,18.150000,2897800,-,20.734950,20.476000,18.272500,18.216000,2858736.0
09/15/2011,18.809999,18.990000,18.420000,18.910000,18.910000,1668600,-,20.724700,20.664800,18.300000,18.307000,2845946.0
09/14/2011,17.549999,19.000000,17.500000,18.620001,18.620001,3047200,-,20.709825,20.850000,18.396500,18.329000,2845782.0
09/13/2011,17.500000,17.600000,17.129999,17.490000,17.490000,1928000,-,20.695525,21.035600,18.481500,18.349000,2822606.0
09/12/2011,17.290001,17.680000,16.900000,17.450001,17.450001,2648700,-,20.687325,21.237400,18.637000,18.506000,2807440.0
09/09/2011,18.209999,18.340000,17.480000,17.629999,17.629999,2079100,-,20.679750,21.434200,18.750000,18.622000,2798614.0
09/08/2011,18.799999,18.850000,18.090000,18.459999,18.459999,2215200,-,20.670200,21.619800,18.841500,18.608000,2796404.0
09/07/2011,18.500000,19.000000,17.969999,18.850000,18.850000,2443000,-,20.657050,21.784800,18.827000,18.546000,2810218.0
09/06/2011,17.750000,18.250000,17.410000,18.200001,18.200001,2503200,-,20.642650,21.928000,18.844000,18.509000,2816446.0
09/02/2011,18.760000,19.000000,18.230000,18.400000,18.400000,1531900,-,20.633050,22.081000,18.834000,18.415000,3029434.0
09/01/2011,19.120001,19.600000,19.000000,19.059999,19.059999,1275400,-,20.619250,22.215400,18.895000,18.329000,3040148.0
08/31/2011,18.950001,19.459999,18.930000,19.129999,19.129999,2516000,-,20.602400,22.327400,18.982000,18.293000,3062612.0
08/30/2011,18.920000,19.290001,18.799999,18.820000,18.820000,1900900,-,20.584250,22.437600,19.079500,18.464000,3068940.0
08/29/2011,18.889999,19.280001,18.730000,19.059999,19.059999,1933000,-,20.565950,22.515600,19.145000,18.614000,3055098.0
08/26/2011,17.389999,18.610001,17.260000,18.610001,18.610001,1050900,-,20.546725,22.587600,19.204000,18.768000,3052078.0
08/25/2011,18.209999,18.209999,17.230000,17.490000,17.490000,1310600,-,20.531125,22.678800,19.289500,18.878000,3068576.0
08/24/2011,18.530001,18.680000,17.590000,17.840000,17.840000,2203000,-,20.521650,22.775200,19.405000,19.075000,3062666.0
08/23/2011,17.430000,18.549999,17.100000,18.480000,18.480000,1539100,-,20.509900,22.876200,19.503500,19.108000,3042632.0
08/22/2011,17.860001,18.260000,16.950001,17.260000,17.260000,2359700,-,20.495725,22.961600,19.614000,19.179000,3036130.0
08/19/2011,18.500000,19.010000,17.340000,17.540001,17.540001,2041400,-,20.485825,23.069600,19.780500,19.253000,3020806.0
08/18/2011,20.139999,20.139999,18.520000,18.700001,18.700001,1809600,-,20.475625,23.194600,19.958000,19.461000,2997724.0
08/17/2011,20.629999,21.790001,20.520000,20.840000,20.840000,3129600,-,20.459600,23.299600,20.058000,19.671000,2994124.0
08/16/2011,20.389999,20.590000,20.049999,20.320000,20.320000,1504400,-,20.435100,23.366800,20.096500,19.695000,2971422.0
08/15/2011,20.500000,20.930000,20.299999,20.600000,20.600000,1652000,-,20.408500,23.434400,20.419500,19.676000,2983946.0
08/12/2011,19.620001,19.969999,18.889999,19.709999,19.709999,1913800,-,20.380500,23.491200,20.716000,19.640000,2984850.0
08/11/2011,18.360001,19.690001,18.299999,19.459999,19.459999,2841300,-,20.360300,23.567200,21.073000,19.701000,2997404.0
08/10/2011,18.790001,18.889999,18.059999,18.170000,18.170000,2417900,-,20.341425,23.675000,21.449000,19.735000,3095262.0
08/09/2011,18.320000,19.219999,17.840000,19.190001,19.190001,3905600,-,20.326200,23.796500,21.914500,19.899000,3079960.0
08/08/2011,18.500000,19.379999,17.600000,18.000000,18.000000,4779000,-,20.304325,23.891300,22.298000,20.049000,3015268.0
08/05/2011,20.930000,21.150000,18.969999,19.620001,19.620001,4396800,-,20.276075,24.004400,22.765500,20.308000,2943264.0
08/04/2011,20.799999,21.430000,20.559999,20.799999,20.799999,4139500,-,20.240875,24.091200,23.187000,20.455000,2880256.0
08/03/2011,20.230000,21.090000,20.059999,21.080000,21.080000,3957600,-,20.199825,24.140000,23.526500,20.445000,2811686.0
08/02/2011,20.059999,21.219999,20.000000,20.129999,20.129999,2404200,-,20.159725,24.186800,23.881000,20.498000,2751326.0
08/01/2011,20.600000,20.799999,19.910000,20.240000,20.240000,2226600,-,20.124150,24.269500,24.269500,21.163000,2722742.0
07/29/2011,19.580000,20.730000,18.900000,20.320000,20.320000,3726200,-,20.086150,24.351000,24.636500,21.792000,2715898.0
07/28/2011,19.820000,20.330000,19.450001,19.799999,19.799999,3002100,-,20.047100,24.417700,24.985000,22.445000,2669274.0
07/27/2011,20.400000,20.400000,19.700001,19.809999,19.809999,2988400,-,20.010575,24.488200,25.340500,23.163000,2637408.0
07/26/2011,20.490000,20.790001,20.010000,20.690001,20.690001,3086000,-,19.974025,24.560000,25.685500,23.930000,2614664.0
07/25/2011,20.719999,21.320000,20.469999,20.590000,20.590000,3399200,-,19.931050,24.615800,25.951500,24.547000,2574708.0
07/22/2011,20.840000,21.469999,20.799999,21.090000,21.090000,3911200,-,19.888300,24.674100,26.214500,25.223000,2530844.0
07/21/2011,21.610001,22.000000,20.639999,20.700001,20.700001,5595000,-,19.843325,24.713000,26.416000,25.919000,2466876.0
07/20/2011,22.350000,22.389999,19.850000,21.610001,21.610001,19916300,-,19.803650,24.771100,26.614000,26.608000,2373704.0
07/19/2011,26.540001,27.360001,26.540001,26.780001,26.780001,4434500,-,19.759425,24.813300,26.765500,27.264000,2007822.0
07/18/2011,26.780001,27.370001,26.330000,26.530001,26.530001,1799500,-,19.688025,24.742800,26.562500,27.376000,1954824.0
07/15/2011,27.219999,27.430000,26.680000,26.850000,26.850000,1234800,-,19.617875,24.674100,26.369000,27.481000,1981010.0
07/14/2011,27.660000,27.799999,26.500000,26.980000,26.980000,1391000,-,19.546650,24.578800,26.185000,27.525000,1996342.0
07/13/2011,27.040001,27.959999,27.040001,27.480000,27.480000,1558500,-,19.472650,24.491500,25.951500,27.518000,2036818.0
07/12/2011,27.290001,27.309999,26.420000,26.860001,26.860001,1614400,-,19.396925,24.404400,25.722000,27.441000,2052688.0
07/11/2011,27.610001,27.870001,27.120001,27.350000,27.350000,1131500,-,19.322625,24.354200,25.516500,27.356000,2072400.0
07/08/2011,26.920000,28.209999,26.510000,28.049999,28.049999,1977600,-,19.245050,24.284900,25.282000,27.206000,2197770.0
07/07/2011,28.480000,28.559999,27.230000,27.590000,27.590000,2258300,-,19.164350,24.141200,25.069000,26.913000,2199118.0
07/06/2011,27.900000,28.219999,27.540001,28.170000,28.170000,1660400,-,19.088075,24.000900,24.887000,26.620000,2191664.0
07/05/2011,27.799999,28.170000,27.690001,27.900000,27.900000,1888400,-,19.010000,23.846100,24.688500,26.267000,2181752.0
07/01/2011,27.129999,27.639999,27.129999,27.580000,27.580000,1169700,-,18.933000,23.692300,24.478500,25.749000,2158524.0
06/30/2011,26.910000,27.340000,26.719999,27.290001,27.290001,2207400,-,18.852100,23.543700,24.271500,25.257000,2170794.0
06/29/2011,26.889999,27.190001,26.450001,26.910000,26.910000,1968600,-,18.771650,23.385600,24.082500,24.845000,2152010.0
06/28/2011,26.059999,26.750000,25.959999,26.709999,26.709999,2905900,-,18.694400,23.239700,23.979500,24.385000,2134334.0
06/27/2011,25.930000,26.360001,25.639999,26.010000,26.010000,2754400,-,18.615600,23.111500,23.856250,24.003000,2107944.0
06/24/2011,25.200001,26.270000,24.910000,25.850000,25.850000,13152600,-,18.539325,22.992900,23.752250,23.677000,2077008.0
06/23/2011,24.180000,25.180000,23.799999,25.120001,25.120001,2067600,-,18.465100,22.878800,23.642500,23.358000,1874824.0
06/22/2011,24.500000,25.360001,23.940001,24.660000,24.660000,2398600,-,18.391700,22.755200,23.584500,23.225000,1865396.0
06/21/2011,22.870001,25.000000,22.730000,24.639999,24.639999,2832400,-,18.319575,22.652600,23.513500,23.154000,1845024.0
06/20/2011,22.660000,22.860001,22.250000,22.719999,22.719999,1208800,-,18.249300,22.555400,23.452500,23.110000,1817632.0
06/17/2011,23.370001,23.559999,22.620001,22.660000,22.660000,1782000,-,18.190275,22.499100,23.529750,23.208000,1860428.0
06/16/2011,22.250000,23.340000,22.250000,23.170000,23.170000,1875800,-,18.129425,22.465900,23.612500,23.286000,1874204.0
06/15/2011,22.709999,22.920000,22.280001,22.309999,22.309999,1015100,-,18.064525,22.447400,23.636750,23.320000,1871512.0
06/14/2011,22.930000,23.430000,22.690001,22.889999,22.889999,1201300,-,18.003050,22.436100,23.687500,23.574000,1923074.0
06/13/2011,22.660000,23.299999,22.500000,22.750000,22.750000,1214000,-,17.938575,22.386100,23.713000,23.709501,2027232.0
06/10/2011,23.780001,23.889999,22.540001,22.660000,22.660000,1593500,-,17.871900,22.372600,23.749500,23.827501,2041932.0
06/09/2011,23.980000,24.230000,23.620001,23.790001,23.790001,887300,-,17.805100,22.349400,23.791750,23.927001,2029726.0
06/08/2011,24.209999,24.420000,23.750000,23.950001,23.950001,1629600,-,17.732225,22.307600,23.754000,23.944000,2039528.0
06/07/2011,23.930000,24.270000,23.370001,24.200001,24.200001,1994500,-,17.658500,22.251700,23.736750,23.873000,2025612.0
06/06/2011,23.309999,24.240000,23.309999,23.700001,23.700001,2130600,-,17.583450,22.198200,23.712750,23.795000,2008494.0
06/03/2011,23.299999,23.930000,23.120001,23.440001,23.440001,1697200,-,17.509450,22.141300,23.690500,23.851500,1993814.0
06/02/2011,25.160000,25.250000,23.170000,23.510000,23.510000,2541500,-,17.437775,22.082700,23.673250,23.939000,1997858.0
06/01/2011,24.285000,25.400000,24.285000,24.850000,24.850000,7734200,-,17.365425,22.035500,23.602000,23.953500,1971308.0
05/31/2011,24.245001,24.420000,23.625000,24.245001,24.245001,1652800,-,17.285425,21.976300,23.490250,23.801000,1840136.0
05/27/2011,23.799999,24.250000,23.665001,23.930000,23.930000,671000,-,17.208100,21.914400,23.434250,23.716500,1844472.0
05/26/2011,23.844999,24.200001,23.565001,23.655001,23.655001,1178800,-,17.131850,21.850300,23.455250,23.671500,1852572.0
05/25/2011,23.145000,23.990000,22.930000,23.959999,23.959999,1246400,-,17.056600,21.787500,23.466750,23.656500,1867616.0
05/24/2011,23.490000,23.629999,23.160000,23.240000,23.240000,711000,-,16.981475,21.730700,23.312000,23.564000,1884524.0
05/23/2011,23.795000,23.924999,23.365000,23.420000,23.420000,939600,-,16.910700,21.702100,23.178750,23.600500,1888648.0
05/20/2011,24.299999,24.379999,23.860001,24.264999,24.264999,975000,-,16.839075,21.663700,23.029250,23.630500,1894884.0
05/19/2011,23.860001,24.730000,23.605000,24.315001,24.315001,1884400,-,16.762700,21.599900,22.826500,23.529500,1902060.0
05/18/2011,23.424999,23.719999,23.209999,23.655001,23.655001,1395000,-,16.687150,21.545700,22.618250,23.407500,1883052.0
05/17/2011,23.250000,23.844999,23.129999,23.325001,23.325001,1408800,-,16.614350,21.505400,22.404750,23.250500,1876180.0
05/16/2011,23.320000,23.900000,23.225000,23.400000,23.400000,1851200,-,16.543125,21.470000,22.219250,23.179499,1875924.0
05/13/2011,23.620001,23.959999,23.385000,23.480000,23.480000,1088200,-,16.471150,21.434500,22.064250,23.151999,1870104.0
05/12/2011,22.790001,23.674999,22.790001,23.504999,23.504999,1206000,-,16.398250,21.387200,21.894250,23.239000,1891508.0
05/11/2011,23.660000,23.660000,22.715000,23.035000,23.035000,712800,-,16.325025,21.320800,21.726250,23.277000,1894124.0
05/10/2011,23.860001,23.930000,23.424999,23.605000,23.605000,936400,-,16.254700,21.256800,21.521500,23.060000,1909568.0
05/09/2011,23.270000,23.910000,23.084999,23.719999,23.719999,1622200,-,16.181875,21.193100,21.317750,22.757000,1915844.0
05/06/2011,23.299999,23.750000,23.035000,23.254999,23.254999,1784600,-,16.107800,21.133700,21.120750,22.428000,1933944.0
05/05/2011,21.750000,23.545000,21.500000,23.094999,23.094999,3108800,-,16.034825,21.076400,20.953250,22.123500,1935228.0
05/04/2011,22.504999,22.639999,22.049999,22.084999,22.084999,2001400,-,15.959350,21.013300,20.848500,21.829000,1918116.0
05/03/2011,23.184999,23.500000,21.750000,22.615000,22.615000,3414800,-,15.889225,20.967700,20.856500,21.559000,1916236.0
05/02/2011,24.355000,24.605000,23.115000,23.125000,23.125000,2352000,-,15.816500,20.932400,20.813000,21.259000,1874472.0
04/29/2011,23.885000,24.500000,23.870001,24.350000,24.350000,2600000,-,15.741575,20.883000,20.676250,20.976500,1871016.0
04/28/2011,22.455000,24.250000,22.330000,23.885000,23.885000,7400000,-,15.661325,20.808600,20.562500,20.549500,1843376.0
04/27/2011,20.514999,20.875000,19.900000,20.865000,20.865000,2045000,-,15.584025,20.735500,20.443250,20.175500,1729972.0
04/26/2011,20.485001,20.980000,20.475000,20.575001,20.575001,1885600,-,15.521825,20.728200,20.485000,19.983000,1715828.0
04/25/2011,20.070000,20.485001,19.705000,20.430000,20.430000,1164800,-,15.460600,20.723000,20.514000,19.878500,1693136.0
04/21/2011,20.340000,20.465000,19.955000,20.209999,20.209999,727000,-,15.400875,20.721000,20.568750,19.813500,1699328.0
04/20/2011,19.535000,20.155001,19.385000,20.150000,20.150000,1783200,-,15.342350,20.718500,20.601000,19.783000,1707824.0
04/19/2011,19.650000,19.740000,19.145000,19.385000,19.385000,1268200,-,15.283350,20.720200,20.619000,19.868000,1698908.0
04/18/2011,19.980000,19.980000,19.410000,19.615000,19.615000,1084800,-,15.227100,20.730100,20.707250,20.154000,1718480.0
04/15/2011,19.969999,20.305000,19.605000,20.299999,20.299999,1586400,-,15.169500,20.746500,20.821000,20.367000,1769092.0
04/14/2011,19.950001,20.309999,19.620001,20.080000,20.080000,1207600,-,15.108650,20.729300,20.863500,20.376000,1758244.0
04/13/2011,19.260000,20.334999,19.260000,20.145000,20.145000,3043400,-,15.049350,20.717800,20.895750,20.575500,1766300.0
04/12/2011,19.350000,19.549999,18.790001,18.940001,18.940001,1596200,-,14.991300,20.709500,20.914250,20.711000,1750008.0
04/11/2011,19.865000,20.049999,19.260000,19.530001,19.530001,1380000,-,14.940275,20.715200,21.023250,20.987000,1769788.0
04/08/2011,20.035000,20.110001,19.600000,19.780001,19.780001,1462800,-,14.886500,20.694100,21.137250,21.149500,1785360.0
04/07/2011,20.875000,20.995001,19.635000,19.905001,19.905001,3348600,-,14.830325,20.676500,21.223250,21.324000,1794392.0
04/06/2011,22.290001,22.440001,20.844999,21.000000,21.000000,2470800,-,14.772750,20.674900,21.281750,21.419000,1891788.0
04/05/2011,21.660000,22.250000,21.445000,22.245001,22.245001,1741200,-,14.710200,20.594100,21.312000,21.370000,1903348.0
04/04/2011,20.895000,21.785000,20.785000,21.745001,21.745001,3593200,-,14.641600,20.494100,21.281750,21.260500,1896000.0
04/01/2011,22.264999,22.450001,19.514999,20.389999,20.389999,6409200,-,14.575725,20.410100,21.272250,21.275000,1851676.0
03/31/2011,21.575001,22.174999,21.450001,22.075001,22.075001,1949000,-,14.515025,20.351800,21.334000,21.351000,1758448.0
03/30/2011,21.684999,22.020000,21.485001,21.500000,21.500000,983200,-,14.445275,20.266200,21.286000,21.216000,1763340.0
03/29/2011,21.145000,21.799999,20.924999,21.700001,21.700001,1377400,-,14.378825,20.202900,21.220250,21.117500,1785440.0
03/28/2011,21.500000,21.535000,21.055000,21.155001,21.155001,933800,-,14.310800,20.142600,21.127000,21.059500,1794060.0
03/25/2011,21.014999,21.600000,21.014999,21.525000,21.525000,1138600,-,14.244525,20.087400,21.090250,21.125000,1807936.0
03/24/2011,20.639999,21.065001,20.485001,20.855000,20.855000,1396600,-,14.175525,20.022700,21.051500,21.122500,1797756.0
03/23/2011,21.030001,21.049999,20.299999,20.510000,20.510000,1899400,-,14.109000,19.966200,21.028250,21.144500,1782740.0
03/22/2011,21.969999,21.969999,20.950001,21.150000,21.150000,1214000,-,14.043950,19.916100,20.999750,21.254000,1767148.0
03/21/2011,21.379999,21.915001,21.264999,21.889999,21.889999,1175600,-,13.975800,19.845400,20.932500,21.303000,1759972.0
03/18/2011,20.955000,21.225000,20.844999,21.150000,21.150000,1869600,-,13.904325,19.771400,20.880500,21.269500,1759316.0
03/17/2011,20.770000,21.105000,20.555000,20.725000,20.725000,1076000,-,13.838025,19.713400,20.855750,21.317000,1779232.0
03/16/2011,21.120001,21.325001,20.459999,20.514999,20.514999,1931000,-,13.774400,19.648600,20.851000,21.356000,1804492.0
03/15/2011,20.709999,21.485001,20.375000,21.120001,21.120001,2091800,-,13.711150,19.569300,20.836750,21.323000,1786016.0
03/14/2011,21.405001,21.825001,21.375000,21.809999,21.809999,917200,-,13.646350,19.470400,20.805750,21.194500,1751736.0
03/11/2011,20.995001,21.605000,20.844999,21.500000,21.500000,1251400,-,13.577800,19.356000,20.731000,21.055500,1744212.0
03/10/2011,21.495001,21.730000,21.010000,21.075001,21.075001,1333800,-,13.510800,19.247800,20.672500,20.980500,1732592.0
03/09/2011,21.625000,21.975000,21.350000,21.605000,21.605000,934000,-,13.444725,19.142800,20.623000,20.912000,1712964.0
03/08/2011,21.950001,21.995001,21.455000,21.639999,21.639999,1051400,-,13.376800,19.035800,20.554500,20.745500,1707548.0
03/07/2011,21.684999,21.809999,20.805000,21.555000,21.555000,1396000,-,13.309250,18.916500,20.466500,20.562000,1694664.0
03/04/2011,21.200001,21.705000,21.139999,21.625000,21.625000,1560200,-,13.242025,18.802200,20.410500,20.491500,1679252.0
03/03/2011,20.360001,21.250000,20.315001,21.115000,21.115000,2158400,-,13.175225,18.689500,20.301250,20.394500,1660544.0
03/02/2011,19.799999,20.215000,19.360001,20.184999,20.184999,1336800,-,13.111075,18.587400,20.220750,20.346000,1635600.0
03/01/2011,20.500000,20.600000,19.815001,19.834999,19.834999,1485000,-,13.052025,18.504700,20.198000,20.350500,1643612.0
02/28/2011,20.980000,20.980000,20.115000,20.420000,20.420000,1250200,-,12.993200,18.425800,20.167500,20.417000,1625156.0
02/25/2011,20.389999,21.010000,20.389999,20.750000,20.750000,2527200,-,12.932975,18.331500,20.070250,20.406500,1617824.0
02/24/2011,20.225000,20.875000,20.139999,20.389999,20.389999,1848800,-,12.872150,18.227300,19.977750,20.364500,1598084.0
02/23/2011,19.750000,20.125000,19.020000,19.940001,19.940001,2253200,-,12.812075,18.138600,19.949500,20.334000,1583820.0
02/22/2011,20.555000,20.594999,19.709999,19.805000,19.805000,1907400,-,12.754625,18.073100,19.800500,20.363500,1551648.0
02/18/2011,20.740000,20.995001,20.590000,20.850000,20.850000,1326600,-,12.696750,18.011600,19.672500,20.371000,1539972.0
02/17/2011,20.285000,20.844999,20.125000,20.655001,20.655001,2179200,-,12.635475,17.921500,19.507250,20.329500,1524448.0
02/16/2011,20.264999,20.709999,20.094999,20.629999,20.629999,1218000,-,12.576275,17.835500,19.348250,20.208000,1501956.0
02/15/2011,20.365000,20.565001,19.809999,20.230000,20.230000,1729800,-,12.517900,17.752000,19.206500,20.095500,1497816.0
02/14/2011,20.315001,20.875000,20.160000,20.500000,20.500000,1337800,-,12.463325,17.680000,19.111750,20.045500,1491804.0
02/11/2011,20.165001,20.389999,19.924999,20.315001,20.315001,751000,-,12.405275,17.594400,19.021000,19.918000,1493784.0
02/10/2011,19.855000,20.415001,19.385000,20.330000,20.330000,1474400,-,12.348200,17.510100,18.925000,19.734000,1508800.0
02/09/2011,20.495001,20.605000,20.014999,20.084999,20.084999,1151800,-,12.288600,17.422200,18.823000,19.591000,1519828.0
02/08/2011,19.809999,20.290001,19.809999,20.235001,20.235001,1337400,-,12.229250,17.335700,18.720250,19.565000,1506232.0
02/07/2011,20.440001,20.980000,19.690001,19.879999,19.879999,2246800,-,12.168725,17.248000,18.608750,19.237500,1484176.0
02/04/2011,19.500000,20.500000,19.415001,20.434999,20.434999,3615400,-,12.110775,17.169100,18.495500,18.974000,1454776.0
02/03/2011,19.500000,19.575001,19.090000,19.440001,19.440001,1044000,-,12.049500,17.074800,18.383250,18.685000,1407052.0
02/02/2011,19.629999,19.745001,19.459999,19.504999,19.504999,1610400,-,11.993350,17.002600,18.323750,18.488500,1414928.0
02/01/2011,19.260000,19.865000,19.100000,19.730000,19.730000,2228800,-,11.937475,16.931900,18.222750,18.317500,1411044.0
01/31/2011,18.205000,19.420000,18.150000,19.225000,19.225000,2585200,-,11.879450,16.862900,18.063750,18.178000,1394492.0
01/28/2011,19.025000,19.219999,17.975000,18.475000,18.475000,2158600,-,11.823825,16.791200,17.911250,18.124000,1369200.0
01/27/2011,19.870001,19.889999,18.844999,18.900000,18.900000,1914400,-,11.772600,16.735500,17.792000,18.116000,1378812.0
01/26/2011,17.785000,19.875000,17.695000,19.825001,19.825001,8218400,-,11.720725,16.667500,17.651500,18.055000,1357844.0
01/25/2011,17.004999,17.059999,16.415001,16.959999,16.959999,3048800,-,11.662700,16.574200,17.451500,17.875500,1208736.0
01/24/2011,17.450001,17.645000,16.879999,17.245001,17.245001,1373800,-,11.620450,16.539300,17.416250,17.980000,1162852.0
01/21/2011,17.620001,17.655001,17.184999,17.545000,17.545000,1377000,-,11.576375,16.504200,17.337750,18.017000,1150704.0
01/20/2011,17.250000,17.715000,16.719999,17.475000,17.475000,1747800,-,11.531175,16.465200,17.252500,18.081500,1147808.0
01/19/2011,17.910000,18.180000,17.750000,17.795000,17.795000,2193600,-,11.487100,16.425500,17.178250,18.159000,1165184.0
01/18/2011,18.700001,18.700001,18.000000,18.334999,18.334999,2088200,-,11.441150,16.382500,17.089000,18.128000,1147396.0
01/14/2011,18.495001,18.735001,17.924999,18.684999,18.684999,1808400,-,11.392750,16.321400,16.974750,17.949500,1191000.0
01/13/2011,18.434999,19.000000,18.275000,18.395000,18.395000,1627600,-,11.343550,16.257700,16.835000,17.698500,1182004.0
01/12/2011,18.200001,18.405001,17.915001,18.290001,18.290001,629600,-,11.295525,16.199700,16.700500,17.468000,1250448.0
01/11/2011,18.235001,18.389999,17.965000,18.030001,18.030001,645800,-,11.248225,16.152700,16.563000,17.248000,1619080.0
01/10/2011,17.740000,18.049999,17.389999,18.004999,18.004999,1119800,-,11.201575,16.092100,16.459250,17.027500,1625932.0
01/07/2011,18.275000,18.330000,17.500000,17.615000,17.615000,855200,-,11.154175,16.032000,16.392250,16.852500,1659160.0
01/06/2011,18.240000,18.459999,18.000000,18.190001,18.190001,1142800,-,11.109100,15.993100,16.348000,16.658500,1673424.0
01/05/2011,17.500000,18.475000,17.469999,18.250000,18.250000,2865400,-,11.061175,15.943000,16.255750,16.423500,1703064.0
01/04/2011,16.690001,17.500000,16.580000,17.485001,17.485001,2339000,-,11.013275,15.880500,16.161000,16.197500,1683676.0
01/03/2011,16.325001,16.695000,16.235001,16.549999,16.549999,1007200,-,10.968675,15.827100,16.109500,16.050000,1777640.0
12/31/2010,16.125000,16.250000,15.905000,16.174999,16.174999,377800,-,10.928675,15.743100,16.113500,16.000000,1789932.0
12/30/2010,16.059999,16.325001,16.035000,16.090000,16.090000,541000,-,10.890750,15.671200,16.115750,15.971500,1808840.0
12/29/2010,15.895000,16.245001,15.770000,16.090000,16.090000,670400,-,10.852650,15.601200,16.116250,15.933000,1821256.0
12/28/2010,16.264999,16.305000,15.705000,15.825000,15.825000,352400,-,10.813400,15.540600,16.108500,15.878000,1825212.0
12/27/2010,15.665000,16.325001,15.500000,16.254999,16.254999,663200,-,10.775100,15.484400,16.105250,15.891000,1865868.0
12/23/2010,15.850000,16.025000,15.660000,15.675000,15.675000,407200,-,10.734675,15.412100,16.085000,15.932000,1866132.0
12/22/2010,15.905000,16.010000,15.780000,15.840000,15.840000,625400,-,10.697225,15.348800,16.098000,16.037500,1876768.0
12/21/2010,16.049999,16.139999,15.890000,15.990000,15.990000,624800,-,10.659675,15.281900,16.092000,16.088000,1895048.0
12/20/2010,16.000000,16.315001,15.695000,16.010000,16.010000,911200,-,10.622250,15.212100,16.084000,16.124500,1909876.0
12/17/2010,15.875000,16.070000,15.725000,16.049999,16.049999,1737400,-,10.585300,15.133800,16.082000,16.169000,1913472.0
12/16/2010,15.770000,15.965000,15.670000,15.890000,15.890000,562200,-,10.547675,15.053600,16.093500,16.227000,1934152.0
12/15/2010,15.555000,15.775000,15.425000,15.705000,15.705000,883600,-,10.510400,14.977700,16.081000,16.260000,1966224.0
12/14/2010,15.990000,16.115000,15.310000,15.540000,15.540000,1540200,-,10.474600,14.918900,16.080250,16.299500,1974596.0
12/13/2010,16.760000,16.934999,15.925000,15.955000,15.955000,1135600,-,10.440550,14.863400,16.078250,16.339000,1983216.0
12/10/2010,16.775000,16.955000,16.530001,16.665001,16.665001,644600,-,10.405750,14.794300,16.038500,16.319500,1975652.0
12/09/2010,16.475000,17.000000,16.260000,16.730000,16.730000,1323600,-,10.365375,14.711000,15.966000,16.238000,1994760.0
12/08/2010,16.355000,16.500000,16.049999,16.344999,16.344999,550400,-,10.323625,14.628500,15.904000,16.158500,2016008.0
12/07/2010,16.584999,16.650000,16.305000,16.355000,16.355000,1054600,-,10.283325,14.545200,15.866500,16.096000,2041512.0
12/06/2010,16.695000,16.965000,16.379999,16.455000,16.455000,1011000,-,10.243250,14.464800,15.823250,16.043500,2073240.0
12/03/2010,16.205000,16.924999,16.010000,16.629999,16.629999,1429200,-,10.203400,14.375700,15.782750,15.995000,2106712.0
12/02/2010,15.850000,16.365000,15.545000,16.219999,16.219999,1436800,-,10.163575,14.279800,15.715250,15.960000,2124432.0
12/01/2010,16.150000,16.264999,15.855000,16.100000,16.100000,1501800,-,10.125800,14.193600,15.679250,15.902000,2119792.0
11/30/2010,15.650000,16.045000,15.570000,15.935000,15.935000,2025800,-,10.087600,14.118300,15.649000,15.861000,2120168.0
11/29/2010,15.740000,15.845000,15.480000,15.760000,15.760000,472000,-,10.049200,14.050700,15.649250,15.817500,2130012.0
11/26/2010,15.930000,16.115000,15.805000,15.850000,15.850000,234600,-,10.011700,13.985500,15.611250,15.757500,2234840.0
11/24/2010,15.860000,16.000000,15.700000,15.935000,15.935000,776800,-,9.974125,13.896500,15.568750,15.694000,2278640.0
11/23/2010,15.690000,15.885000,15.535000,15.720000,15.720000,1229200,-,9.936600,13.801800,15.555500,15.649500,2306312.0
11/22/2010,15.855000,16.309999,15.380000,15.830000,15.830000,1437800,-,9.899475,13.716600,15.553750,15.637000,2345056.0
11/19/2010,16.299999,16.450001,15.895000,15.970000,15.970000,1416200,-,9.860075,13.619000,15.518500,15.603000,2389736.0
11/18/2010,15.780000,16.385000,15.685000,16.280001,16.280001,1401200,-,9.819450,13.514700,15.460750,15.570500,2390752.0
11/17/2010,15.590000,15.795000,15.280000,15.640000,15.640000,1320600,-,9.777300,13.409200,15.264250,15.470500,2413936.0
11/16/2010,15.460000,15.890000,14.965000,15.690000,15.690000,2639200,-,9.740200,13.305200,15.111250,15.456500,2403572.0
11/15/2010,15.300000,15.725000,15.125000,15.500000,15.500000,866000,-,9.704575,13.196100,14.956250,15.437000,2382308.0
11/12/2010,15.095000,15.500000,15.005000,15.160000,15.160000,763000,-,9.670700,13.097800,14.834250,15.481000,2386244.0
11/11/2010,15.275000,15.535000,15.000000,15.215000,15.215000,754600,-,9.637975,13.012900,14.727000,15.465000,2404420.0
11/10/2010,15.570000,15.700000,15.340000,15.490000,15.490000,766400,-,9.606400,12.918400,14.598250,15.443500,2476768.0
11/09/2010,15.490000,15.880000,15.490000,15.595000,15.595000,1232200,-,9.575575,12.812400,14.449250,15.461500,2550556.0
11/08/2010,15.500000,15.650000,14.550000,15.490000,15.490000,2616600,-,9.543375,12.700800,14.294250,15.470500,2586568.0
11/05/2010,15.200000,15.775000,15.200000,15.645000,15.645000,1304200,-,9.510950,12.590900,14.144750,15.434000,2717228.0
11/04/2010,15.505000,15.600000,14.705000,15.280000,15.280000,4268400,-,9.477425,12.466300,13.967250,15.351000,2747716.0
11/03/2010,15.540000,15.810000,15.385000,15.500000,15.500000,1358600,-,9.447000,12.346700,13.805250,15.058000,2690068.0
11/02/2010,16.174999,16.365000,15.355000,15.495000,15.495000,5049800,-,9.417150,12.221000,13.635000,14.766000,2683768.0
11/01/2010,18.360001,18.385000,15.535000,15.940000,15.940000,19061200,-,9.389175,12.095200,13.498500,14.475500,2620588.0
10/29/2010,15.025000,15.145000,14.800000,15.000000,15.000000,988400,-,9.358550,11.960200,13.339750,14.187500,2271788.0
10/28/2010,15.285000,15.375000,14.370000,15.000000,15.000000,2781200,-,9.333300,11.838200,13.214750,13.989000,2278512.0
10/27/2010,15.645000,15.825000,15.470000,15.670000,15.670000,1568400,-,9.306900,11.720300,13.089750,13.753000,2252684.0
10/26/2010,14.985000,15.750000,14.930000,15.685000,15.685000,2624800,-,9.278025,11.587700,12.936500,13.437000,2243084.0
10/25/2010,14.820000,15.155000,14.585000,15.125000,15.125000,1896000,-,9.249725,11.451000,12.761250,13.118000,2197436.0
10/22/2010,13.500000,14.875000,13.435000,14.815000,14.815000,7037200,-,9.224375,11.324100,12.621750,12.855500,2170440.0
10/21/2010,12.685000,12.725000,12.130000,12.350000,12.350000,1621800,-,9.198925,11.201400,12.481000,12.583500,2042196.0
10/20/2010,12.625000,12.975000,12.425000,12.580000,12.580000,1323200,-,9.185700,11.126500,12.455250,12.552500,2026784.0
10/19/2010,12.915000,12.915000,12.460000,12.590000,12.590000,1161800,-,9.168775,11.053600,12.421750,12.504000,2009744.0
10/18/2010,13.000000,13.280000,12.830000,13.060000,13.060000,868200,-,9.150825,10.983500,12.409000,12.521500,2006188.0
10/15/2010,12.765000,13.305000,12.675000,13.015000,13.015000,2385200,-,9.129450,10.904200,12.383750,12.492000,2001792.0
10/14/2010,12.500000,12.675000,12.460000,12.640000,12.640000,676400,-,9.109425,10.823700,12.358000,12.440500,1961736.0
10/13/2010,12.540000,12.675000,12.445000,12.510000,12.510000,939000,-,9.092100,10.755000,12.296000,12.426500,1956260.0
10/12/2010,12.435000,12.560000,12.340000,12.495000,12.495000,1539400,-,9.073875,10.686700,12.230500,12.436000,1960264.0
10/11/2010,12.085000,12.640000,12.085000,12.500000,12.500000,1366200,-,9.057300,10.618400,12.178750,12.404500,1953356.0
10/08/2010,12.000000,12.250000,11.925000,12.095000,12.095000,1091000,-,9.039700,10.548500,12.101250,12.388000,1944132.0
10/07/2010,12.115000,12.250000,11.780000,12.040000,12.040000,2771400,-,9.022300,10.484600,12.034250,12.378500,1942048.0
10/06/2010,12.850000,12.975000,11.900000,12.095000,12.095000,2165800,-,9.006175,10.421000,11.982500,12.358000,1901428.0
10/05/2010,12.805000,12.960000,12.610000,12.765000,12.765000,1302200,-,8.989650,10.358500,11.899750,12.339500,1890768.0
10/04/2010,12.525000,12.815000,12.415000,12.765000,12.765000,1971200,-,8.970700,10.284000,11.773250,12.296500,1922152.0
10/01/2010,12.615000,12.615000,12.225000,12.500000,12.500000,757400,-,8.952500,10.206800,11.664250,12.275500,1983000.0
09/30/2010,12.700000,12.795000,12.435000,12.500000,12.500000,1600000,-,8.932500,10.130000,11.585000,12.275500,2030976.0
09/29/2010,12.200000,12.645000,12.150000,12.605000,12.605000,2386000,-,8.912500,10.040000,11.484500,12.165500,2017236.0
09/28/2010,12.385000,12.815000,12.110000,12.180000,12.180000,1825600,-,8.891825,9.949100,11.363750,12.025000,1989376.0
09/27/2010,11.980000,12.570000,11.850000,12.335000,12.335000,2641000,-,8.873225,9.866900,11.255500,11.953000,1973676.0
09/24/2010,12.030000,12.250000,11.880000,12.000000,12.000000,2684600,-,8.854025,9.783000,11.138500,11.814500,1936028.0
09/23/2010,11.750000,12.030000,11.625000,11.835000,11.835000,2315200,-,8.835400,9.709000,11.009250,11.690000,1892960.0
09/22/2010,12.340000,12.365000,11.795000,11.910000,11.910000,1204800,-,8.818525,9.640800,10.882500,11.607000,1858624.0
09/21/2010,12.500000,12.520000,12.300000,12.335000,12.335000,1520600,-,8.802175,9.571100,10.747750,11.460000,1855252.0
09/20/2010,12.500000,12.695000,12.305000,12.555000,12.555000,2518000,-,8.782200,9.491000,10.591250,11.250000,1842952.0
09/17/2010,11.525000,12.625000,11.275000,12.500000,12.500000,5713400,-,8.760975,9.409600,10.423000,11.053000,1811552.0
09/16/2010,11.185000,11.540000,11.185000,11.400000,11.400000,2424600,-,8.740525,9.329700,10.243000,10.894500,1719036.0
09/15/2010,11.460000,11.715000,11.170000,11.200000,11.200000,2160400,-,8.726000,9.268700,10.128250,10.803500,1684384.0
09/14/2010,10.865000,11.575000,10.685000,11.460000,11.460000,3166400,-,8.712225,9.207400,10.020250,10.702500,1657996.0
09/13/2010,11.130000,11.480000,10.920000,10.950000,10.950000,3671800,-,8.697925,9.140100,9.889750,10.558000,1603772.0
09/10/2010,11.055000,11.075000,10.695000,10.755000,10.755000,1467000,-,8.685700,9.083700,9.781250,10.462500,1549988.0
09/09/2010,10.535000,11.075000,10.535000,11.005000,11.005000,2560400,-,8.674175,9.033000,9.677500,10.328500,1559648.0
09/08/2010,10.220000,10.520000,10.190000,10.440000,10.440000,802400,-,8.661500,8.983600,9.557500,10.158000,1549448.0
09/07/2010,10.590000,10.735000,10.175000,10.235000,10.235000,1576000,-,8.651525,8.949500,9.482250,10.035500,1563344.0
09/03/2010,11.000000,11.045000,10.495000,10.585000,10.585000,1062800,-,NaN,8.920300,9.424750,9.932500,1735308.0
09/02/2010,10.470000,10.965000,10.375000,10.915000,10.915000,1671800,-,NaN,8.879500,9.350250,9.793000,1744788.0
09/01/2010,10.260000,10.510000,10.250000,10.490000,10.490000,4372000,-,NaN,8.829000,9.254000,9.591500,1724576.0
08/31/2010,10.025000,10.210000,9.840000,10.190000,10.190000,4455800,-,NaN,8.789000,9.189750,9.453000,1674816.0
08/30/2010,10.000000,10.240000,9.900000,10.015000,10.015000,3032800,-,NaN,8.755700,9.135000,9.338000,1623976.0
08/27/2010,9.485000,10.850000,9.460000,9.995000,9.995000,9149600,-,NaN,8.726800,9.088250,9.221500,1614512.0
08/26/2010,9.300000,9.600000,9.250000,9.415000,9.415000,2828600,-,NaN,8.691900,9.038750,9.100000,1458964.0
08/25/2010,9.140000,9.300000,8.990000,9.300000,9.300000,1386000,-,NaN,8.666100,9.013000,9.026500,1427752.0
08/24/2010,9.065000,9.270000,9.030000,9.215000,9.215000,1043600,-,NaN,8.644300,8.991000,8.957000,1429384.0
08/23/2010,9.200000,9.295000,9.030000,9.205000,9.205000,1890800,-,NaN,8.621900,8.978750,8.929000,1443060.0
08/20/2010,8.855000,9.200000,8.765000,9.190000,9.190000,1621200,-,NaN,8.595800,8.970500,8.917000,1446652.0
08/19/2010,9.100000,9.145000,8.700000,8.900000,8.900000,1324600,-,NaN,8.566500,8.956250,8.907500,1437732.0
08/18/2010,8.960000,9.140000,8.910000,9.105000,9.105000,1489800,-,NaN,8.539500,8.944250,8.916500,1451860.0
08/17/2010,8.925000,9.075000,8.700000,9.040000,9.040000,1088400,-,NaN,8.507400,8.889000,8.926500,1439496.0
08/16/2010,8.705000,8.950000,8.640000,8.850000,8.850000,342400,-,NaN,8.477000,8.840000,8.932000,1440440.0
08/13/2010,8.630000,8.875000,8.420000,8.780000,8.780000,546200,-,NaN,8.451900,8.801000,8.955000,1455688.0
08/12/2010,8.525000,8.685000,8.430000,8.680000,8.680000,625000,-,NaN,8.434100,8.769000,8.977500,1488428.0
08/11/2010,8.810000,8.895000,8.560000,8.605000,8.605000,851200,-,NaN,8.420500,8.750000,8.999500,1493012.0
08/10/2010,8.975000,9.020000,8.765000,8.935000,8.935000,471200,-,NaN,8.405700,8.741000,9.025000,1513432.0
08/09/2010,9.080000,9.175000,9.020000,9.085000,9.085000,984000,-,NaN,8.390200,8.715500,9.028500,1539944.0
08/06/2010,8.900000,9.115000,8.805000,9.095000,9.095000,648400,-,NaN,8.370500,8.677750,9.024000,1584924.0
08/05/2010,9.145000,9.225000,8.965000,8.990000,8.990000,382400,-,NaN,8.350600,8.647250,9.005000,1609204.0
08/04/2010,9.115000,9.210000,8.975000,9.205000,9.205000,402600,-,NaN,8.328000,8.623000,8.972000,1657032.0
08/03/2010,9.075000,9.205000,9.065000,9.095000,9.095000,1139200,-,NaN,8.304300,8.580250,8.851500,1662576.0
08/02/2010,9.050000,9.125000,8.905000,9.080000,9.080000,1194000,-,NaN,8.285000,8.532250,8.748000,1675980.0
07/30/2010,8.780000,9.005000,8.780000,9.005000,9.005000,905000,-,NaN,8.265600,8.483000,8.647000,1682008.0
07/29/2010,8.875000,8.950000,8.715000,8.900000,8.900000,986800,-,NaN,8.250800,8.439250,8.560500,1726440.0
07/28/2010,8.925000,8.970000,8.800000,8.860000,8.860000,740400,-,NaN,8.238500,8.405250,8.500500,1767388.0
07/27/2010,9.000000,9.045000,8.905000,8.970000,8.970000,1632800,-,NaN,8.228800,8.389000,8.457000,1904076.0
07/26/2010,8.905000,9.085000,8.890000,9.040000,9.040000,2871400,-,NaN,8.210800,8.377250,8.402500,1890368.0
07/23/2010,8.600000,8.925000,8.340000,8.905000,8.905000,5013600,-,NaN,8.197500,8.364000,8.331500,1844348.0
07/22/2010,8.120000,8.675000,8.080000,8.660000,8.660000,3156200,-,NaN,8.191100,8.346000,8.289500,1756484.0
07/21/2010,8.100000,8.245000,7.855000,8.000000,8.000000,913000,-,NaN,8.185400,8.332500,8.274000,1703708.0
07/20/2010,7.970000,8.165000,7.835000,8.060000,8.060000,993000,-,NaN,8.194400,8.357000,8.309000,1697984.0
07/19/2010,8.140000,8.210000,7.850000,8.070000,8.070000,1040600,-,NaN,8.197800,8.380250,8.316500,1690280.0
07/16/2010,8.235000,8.285000,8.075000,8.140000,8.140000,758600,-,NaN,8.208300,8.405250,8.319000,1692792.0
07/15/2010,8.395000,8.445000,8.205000,8.300000,8.300000,531200,-,NaN,8.221800,8.410750,8.318000,1688252.0
07/14/2010,8.410000,8.495000,8.305000,8.425000,8.425000,598400,-,NaN,8.234900,8.402000,8.310000,1695332.0
07/13/2010,8.400000,8.555000,7.360000,8.425000,8.425000,1036200,-,NaN,8.252700,8.391250,8.321000,1698636.0
07/12/2010,8.435000,8.495000,8.205000,8.330000,8.330000,905600,-,NaN,8.262000,8.374750,8.352000,1706416.0
07/09/2010,8.480000,8.575000,8.325000,8.485000,8.485000,948000,-,NaN,8.273400,8.353250,8.396500,1735348.0
07/08/2010,8.405000,8.505000,8.205000,8.505000,8.505000,1087600,-,NaN,8.271900,8.315250,8.402500,1732220.0
07/07/2010,8.150000,8.365000,8.045000,8.350000,8.350000,692000,-,NaN,8.266100,8.267500,8.391000,1722188.0
07/06/2010,8.155000,8.460000,8.075000,8.135000,8.135000,841000,-,NaN,8.261700,8.225000,8.405000,1717168.0
07/02/2010,8.170000,8.335000,7.990000,8.095000,8.095000,455200,-,NaN,8.264800,8.194250,8.444000,1712820.0
07/01/2010,8.275000,8.275000,7.945000,8.130000,8.130000,982600,-,NaN,8.266500,8.169250,8.491500,1711836.0
06/30/2010,8.500000,8.680000,8.175000,8.220000,8.220000,1950000,-,NaN,8.268100,8.157250,8.503500,1698672.0
06/29/2010,8.625000,8.625000,8.420000,8.535000,8.535000,2050400,-,NaN,8.270300,8.146250,8.494000,1675192.0
06/28/2010,8.775000,8.800000,8.635000,8.735000,8.735000,1497200,-,NaN,8.262100,8.112750,8.461500,1643380.0
06/25/2010,8.560000,8.870000,8.525000,8.775000,8.775000,10174200,-,NaN,8.249400,8.084000,8.397500,1637960.0
06/24/2010,8.345000,8.575000,8.345000,8.545000,8.545000,1536800,-,NaN,8.238500,8.050250,8.310000,1457172.0
06/23/2010,8.455000,8.565000,8.365000,8.390000,8.390000,661200,-,NaN,8.238100,8.028000,8.228000,1446472.0
06/22/2010,8.495000,8.635000,8.445000,8.490000,8.490000,1884000,-,NaN,8.234700,8.001500,8.144000,1446932.0
06/21/2010,8.575000,8.590000,8.480000,8.525000,8.525000,1913800,-,NaN,8.235100,7.978000,8.045000,1417556.0
06/18/2010,8.295000,8.575000,8.275000,8.570000,8.570000,2559600,-,NaN,8.233200,7.958250,7.944500,1388488.0
06/17/2010,8.130000,8.340000,8.125000,8.250000,8.250000,1372200,-,NaN,8.231900,7.935250,7.847000,1347072.0
06/16/2010,8.145000,8.220000,8.085000,8.125000,8.125000,1268000,-,NaN,8.240100,7.936000,7.811000,1327656.0
06/15/2010,8.110000,8.215000,8.080000,8.210000,8.210000,1467600,-,NaN,8.249700,7.944000,7.798500,1306992.0
06/14/2010,7.905000,8.175000,7.905000,8.095000,8.095000,1727400,-,NaN,8.258600,7.952250,7.764000,1288936.0
06/11/2010,7.695000,7.985000,7.695000,7.900000,7.900000,2070400,-,NaN,8.273600,7.951000,7.770500,1266924.0
06/10/2010,7.620000,7.805000,7.565000,7.725000,7.725000,1175200,-,NaN,8.291400,7.974750,7.790500,1234004.0
06/09/2010,7.540000,7.825000,7.515000,7.550000,7.550000,2031000,-,NaN,8.313500,8.017750,7.828000,1219940.0
06/08/2010,7.510000,7.605000,7.390000,7.500000,7.500000,871600,-,NaN,8.336500,8.059000,7.859000,1187640.0
06/07/2010,7.635000,7.660000,7.500000,7.520000,7.520000,1135600,-,NaN,8.357000,8.106500,7.911000,1183708.0
06/04/2010,7.785000,7.910000,7.580000,7.595000,7.595000,1104800,-,NaN,8.378600,8.142000,7.972000,1166736.0
06/03/2010,7.990000,8.055000,7.750000,7.890000,7.890000,2183200,-,NaN,8.398800,8.192000,8.023500,1152096.0
06/02/2010,7.940000,8.015000,7.865000,8.000000,8.000000,854200,-,NaN,8.414400,8.238250,8.061000,1118696.0
06/01/2010,8.060000,8.155000,7.850000,7.865000,7.865000,1872200,-,NaN,8.425700,8.286000,8.089500,1124236.0
05/28/2010,8.060000,8.200000,7.985000,8.160000,8.160000,1796800,-,NaN,8.439400,8.358500,8.140500,1104888.0
05/27/2010,8.220000,8.220000,8.010000,8.100000,8.100000,3233000,-,NaN,8.448000,8.395000,8.131500,1094056.0
05/26/2010,7.850000,8.185000,7.850000,8.100000,8.100000,1862400,-,NaN,8.455400,8.435000,8.159000,1048244.0
05/25/2010,7.810000,7.910000,7.745000,7.860000,7.860000,2773800,-,NaN,8.458200,8.450500,8.207500,1020452.0
05/24/2010,8.130000,8.230000,7.995000,8.020000,8.020000,679800,-,NaN,8.464300,8.468250,8.259000,971552.0
05/21/2010,8.035000,8.225000,8.000000,8.130000,8.130000,1809400,-,NaN,8.467300,8.473750,8.302000,963872.0
05/20/2010,8.175000,8.295000,8.005000,8.110000,8.110000,1495400,-,NaN,8.468400,8.481750,8.312000,935468.0
05/19/2010,8.230000,8.480000,8.180000,8.265000,8.265000,3126600,-,NaN,8.472800,8.485250,8.360500,916904.0
05/18/2010,8.320000,8.540000,8.270000,8.285000,8.285000,3034200,-,NaN,8.477600,8.482500,8.415500,868504.0
05/17/2010,7.600000,8.400000,7.550000,8.375000,8.375000,7574800,-,NaN,8.484300,8.484750,8.482500,820456.0
05/14/2010,8.255000,8.350000,8.060000,8.070000,8.070000,947400,-,NaN,8.487300,8.472250,8.576500,684388.0
05/13/2010,8.515000,8.560000,8.300000,8.375000,8.375000,570400,-,NaN,8.494600,8.473750,8.658500,673576.0
05/12/2010,8.440000,8.650000,8.330000,8.585000,8.585000,620400,-,NaN,8.498000,8.466500,8.711000,668424.0
05/11/2010,8.310000,8.525000,8.230000,8.375000,8.375000,517400,-,NaN,8.500900,8.463500,8.693500,667184.0
05/10/2010,8.680000,8.750000,8.355000,8.450000,8.450000,626800,-,NaN,8.513300,8.455750,8.677500,670716.0
05/07/2010,8.565000,8.600000,8.080000,8.230000,8.230000,607800,-,NaN,8.516100,8.458750,8.645500,666616.0
05/06/2010,8.730000,8.860000,7.805000,8.595000,8.595000,1166200,-,NaN,8.519100,8.468750,8.651500,662192.0
05/05/2010,8.925000,8.965000,8.655000,8.815000,8.815000,531600,-,NaN,8.512900,8.464250,8.610000,649088.0
05/04/2010,9.230000,9.570000,8.750000,8.955000,8.955000,885200,-,NaN,8.503400,8.456500,8.549500,643568.0
05/03/2010,8.905000,9.345000,8.880000,9.315000,9.315000,763600,-,NaN,8.494000,8.439000,8.487000,632800.0
04/30/2010,8.955000,9.605000,8.770000,8.890000,8.890000,1425200,-,NaN,8.481000,8.406000,8.368000,624180.0
04/29/2010,8.670000,9.000000,8.470000,8.900000,8.900000,2352200,-,NaN,8.476500,8.403750,8.289000,601312.0
04/28/2010,8.325000,8.435000,8.110000,8.410000,8.410000,791600,-,NaN,8.467700,8.398250,8.222000,561656.0
04/27/2010,8.110000,8.330000,8.020000,8.215000,8.215000,586000,-,NaN,8.464600,8.419250,8.233500,549060.0
04/26/2010,8.300000,8.335000,8.095000,8.130000,8.130000,441000,-,NaN,8.465500,8.443500,8.234000,545556.0
04/23/2010,8.195000,8.300000,7.930000,8.290000,8.290000,623600,-,NaN,8.469600,8.463250,8.272000,549628.0
04/22/2010,8.105000,8.300000,8.050000,8.180000,8.180000,406000,-,NaN,8.472400,8.478750,8.286000,548260.0
04/21/2010,8.340000,8.425000,8.175000,8.210000,8.210000,324400,-,NaN,8.474700,8.500000,8.318500,557700.0
04/20/2010,8.140000,8.340000,8.090000,8.330000,8.330000,776000,-,NaN,8.469500,8.523000,8.363500,558756.0
04/19/2010,8.090000,8.270000,8.090000,8.125000,8.125000,459800,-,NaN,8.459800,8.534750,8.391000,564452.0
04/16/2010,8.240000,8.245000,7.940000,8.100000,8.100000,1226200,-,NaN,8.454300,8.556000,8.444000,579336.0
04/15/2010,8.505000,8.535000,8.200000,8.230000,8.230000,1134800,-,NaN,8.456700,8.580500,8.518500,573084.0
04/14/2010,8.320000,8.600000,8.095000,8.525000,8.525000,1001800,-,NaN,8.463400,8.592500,8.574500,576388.0
04/13/2010,8.465000,8.535000,8.190000,8.220000,8.220000,684200,-,NaN,8.467400,8.578250,8.605000,563580.0
04/12/2010,8.405000,8.550000,8.350000,8.510000,8.510000,415200,-,NaN,8.475300,8.575500,8.653000,585088.0
04/09/2010,8.505000,8.585000,8.160000,8.430000,8.430000,460400,-,NaN,8.483100,8.558500,8.654500,630964.0
04/08/2010,8.645000,8.685000,8.375000,8.505000,8.505000,488800,-,NaN,8.501000,8.546250,8.671500,637520.0
04/07/2010,8.625000,8.725000,8.445000,8.660000,8.660000,401400,-,NaN,8.514000,8.537500,8.681500,641288.0
04/06/2010,8.580000,8.700000,8.510000,8.605000,8.605000,234800,-,NaN,8.520900,8.529750,8.682500,643084.0
04/05/2010,8.895000,8.905000,8.575000,8.655000,8.655000,564800,-,NaN,8.527600,8.530500,8.678500,656968.0
04/01/2010,8.875000,8.975000,8.810000,8.845000,8.845000,626800,-,NaN,8.538400,8.524000,8.668000,659892.0
03/31/2010,8.815000,8.950000,8.760000,8.790000,8.790000,424400,-,NaN,8.552100,8.503500,8.642500,656620.0
03/30/2010,8.685000,8.850000,8.635000,8.830000,8.830000,472000,-,NaN,8.574300,8.491250,8.610500,660476.0
03/29/2010,8.520000,8.700000,8.485000,8.700000,8.700000,416000,-,NaN,8.594000,8.486250,8.551500,664056.0
03/26/2010,8.605000,8.660000,8.445000,8.525000,8.525000,675000,-,NaN,8.619000,8.501000,8.498000,669872.0
03/25/2010,8.640000,8.790000,8.585000,8.600000,8.600000,287000,-,NaN,8.642900,8.504250,8.462500,672008.0
03/24/2010,8.650000,8.820000,8.575000,8.605000,8.605000,372800,-,NaN,8.668800,8.493250,8.421000,685216.0
03/23/2010,8.550000,8.700000,8.525000,8.670000,8.670000,513200,-,NaN,8.697200,8.477250,8.393500,685276.0
03/22/2010,8.485000,8.665000,8.475000,8.565000,8.565000,1131200,-,NaN,8.724900,8.460750,8.377000,693296.0
03/19/2010,8.550000,8.625000,8.360000,8.550000,8.550000,904800,-,NaN,8.748100,8.456750,8.382500,676176.0
03/18/2010,8.500000,8.775000,8.500000,8.590000,8.590000,1255200,-,NaN,8.771200,8.462500,8.380000,695548.0
03/17/2010,8.275000,8.510000,8.220000,8.470000,8.470000,942400,-,NaN,8.783300,8.466250,8.364500,686900.0
03/16/2010,8.165000,8.400000,8.020000,8.240000,8.240000,472800,-,NaN,8.793900,8.465750,8.372000,682372.0
03/15/2010,8.180000,8.440000,8.115000,8.165000,8.165000,328800,-,NaN,8.804800,8.466500,8.421000,678988.0
03/12/2010,8.250000,8.250000,8.100000,8.170000,8.170000,295800,-,NaN,8.821700,8.471250,8.504000,677104.0
03/11/2010,8.295000,8.295000,8.110000,8.185000,8.185000,389200,-,NaN,8.841800,8.479500,8.546000,684456.0
03/10/2010,8.535000,8.565000,8.235000,8.330000,8.330000,567200,-,NaN,8.855400,8.491750,8.565500,698820.0
03/09/2010,8.565000,8.820000,8.505000,8.505000,8.505000,706600,-,NaN,8.872400,8.490000,8.561000,696980.0
03/08/2010,8.550000,8.650000,8.550000,8.620000,8.620000,631800,-,NaN,8.881900,8.462250,8.544500,698940.0
03/05/2010,8.510000,8.695000,8.470000,8.525000,8.525000,771400,-,NaN,8.881800,8.423500,8.531000,696760.0
03/04/2010,8.595000,8.695000,8.350000,8.435000,8.435000,406800,-,NaN,8.887600,8.389750,8.545000,693444.0
03/03/2010,8.750000,8.755000,8.515000,8.545000,8.545000,312800,-,NaN,8.894700,8.379000,8.568000,763280.0
03/02/2010,9.000000,9.125000,8.635000,8.730000,8.730000,558400,-,NaN,8.903300,8.380000,8.559500,783892.0
03/01/2010,8.660000,9.060000,8.515000,8.995000,8.995000,694000,-,NaN,8.911200,8.379750,8.512000,804016.0
02/26/2010,8.405000,8.650000,8.250000,8.590000,8.590000,421800,-,NaN,8.901300,8.360750,8.438500,799916.0
02/25/2010,8.220000,8.420000,8.015000,8.380000,8.380000,386600,-,NaN,8.899500,8.376250,8.413000,794628.0
02/24/2010,8.415000,8.535000,8.255000,8.285000,8.285000,511000,-,NaN,8.901300,8.423500,8.418000,792144.0
02/23/2010,8.455000,8.500000,8.260000,8.340000,8.340000,255600,-,NaN,8.904800,8.467000,8.419000,784976.0
02/22/2010,8.665000,8.680000,8.450000,8.485000,8.485000,346800,-,NaN,8.907900,8.500250,8.380000,796084.0
02/19/2010,8.665000,8.740000,8.625000,8.665000,8.665000,332600,-,NaN,8.903700,8.523000,8.316000,797468.0
02/18/2010,8.475000,8.680000,8.430000,8.665000,8.665000,281800,-,NaN,8.899600,8.549500,8.234500,811744.0
02/17/2010,8.275000,8.460000,8.235000,8.460000,8.460000,369400,-,NaN,8.899100,8.592750,8.190000,838616.0
02/16/2010,8.330000,8.390000,8.190000,8.255000,8.255000,161800,-,NaN,8.896700,8.664750,8.200500,854024.0
02/12/2010,8.225000,8.485000,8.210000,8.260000,8.260000,410800,-,NaN,8.897800,8.742750,8.247500,889196.0
02/11/2010,8.430000,8.435000,8.150000,8.335000,8.335000,644600,-,NaN,8.900800,8.827250,8.283000,897480.0
02/10/2010,8.275000,8.500000,8.185000,8.430000,8.430000,555200,-,NaN,8.904000,8.896500,8.339500,901940.0
02/09/2010,8.360000,8.570000,8.135000,8.295000,8.295000,878000,-,NaN,8.904300,8.969750,8.429000,897796.0
02/08/2010,7.875000,8.040000,7.680000,7.950000,7.950000,377200,-,NaN,8.910400,9.056250,8.515000,897356.0
02/05/2010,7.850000,7.945000,7.590000,7.845000,7.845000,1060800,-,NaN,8.921500,9.161500,8.620500,908520.0
02/04/2010,8.190000,8.275000,7.760000,7.850000,7.850000,1204000,-,NaN,8.933600,9.255500,8.730000,934736.0
02/03/2010,8.575000,8.610000,8.175000,8.220000,8.220000,913600,-,NaN,8.946000,9.348250,8.864500,956216.0
02/02/2010,8.750000,8.865000,8.505000,8.565000,8.565000,1300000,-,NaN,8.950500,9.397000,8.995500,1026636.0
02/01/2010,8.645000,8.875000,8.500000,8.725000,8.725000,361400,-,NaN,NaN,9.418750,9.129000,NaN
01/29/2010,8.940000,9.215000,8.060000,8.615000,8.615000,1759600,-,NaN,NaN,9.421750,9.238000,NaN
01/28/2010,9.500000,9.515000,8.630000,8.900000,8.900000,2709000,-,NaN,NaN,9.441500,9.371500,NaN
01/27/2010,9.195000,9.405000,8.950000,9.325000,9.325000,788200,-,NaN,NaN,9.455250,9.453500,NaN
01/26/2010,9.000000,9.350000,9.000000,9.155000,9.155000,677200,-,NaN,NaN,9.432250,9.510500,NaN
01/25/2010,9.065000,9.065000,8.850000,9.005000,9.005000,491200,-,NaN,NaN,9.433500,9.597500,NaN
01/22/2010,9.200000,9.420000,8.915000,8.940000,8.940000,929000,-,NaN,NaN,9.432250,9.702500,NaN
01/21/2010,9.575000,9.575000,9.125000,9.195000,9.195000,711000,-,NaN,NaN,9.416000,9.781000,NaN
01/20/2010,9.860000,10.000000,9.440000,9.530000,9.530000,463200,-,NaN,NaN,9.397000,9.832000,NaN
01/19/2010,9.825000,10.240000,9.810000,9.900000,9.900000,617200,-,NaN,NaN,9.360000,9.798500,NaN
01/15/2010,9.980000,9.980000,9.575000,9.815000,9.815000,651000,-,NaN,NaN,9.313750,9.708500,NaN
01/14/2010,9.730000,10.035000,9.625000,9.950000,9.950000,706800,-,NaN,NaN,9.279250,9.605500,NaN
01/13/2010,9.880000,9.940000,9.205000,9.720000,9.720000,781800,-,NaN,NaN,9.206750,9.511500,NaN
01/12/2010,9.945000,10.120000,9.845000,9.895000,9.895000,947400,-,NaN,NaN,9.145750,9.457000,NaN
01/11/2010,10.125000,10.125000,9.845000,10.025000,10.025000,375800,-,NaN,NaN,9.074500,9.354000,NaN
01/08/2010,9.775000,10.295000,9.610000,10.055000,10.055000,914200,-,NaN,NaN,8.996250,9.269500,NaN
01/07/2010,9.765000,9.805000,9.500000,9.725000,9.725000,275200,-,NaN,NaN,8.918250,9.162000,NaN
01/06/2010,9.440000,9.925000,9.400000,9.705000,9.705000,1873400,-,NaN,NaN,8.845750,9.051000,NaN
01/05/2010,9.015000,9.300000,9.000000,9.195000,9.195000,822800,-,NaN,NaN,8.783500,8.962000,NaN
01/04/2010,8.940000,9.100000,8.815000,9.000000,9.000000,716000,-,NaN,NaN,8.755750,8.921500,NaN
12/31/2009,9.030000,9.120000,8.765000,8.785000,8.785000,303600,-,NaN,NaN,8.722750,8.919000,NaN
12/30/2009,9.150000,9.165000,8.950000,9.010000,9.010000,234600,-,NaN,NaN,8.699000,8.953000,NaN
12/29/2009,8.865000,9.200000,8.865000,9.175000,9.175000,663400,-,NaN,NaN,8.669000,8.902000,NaN
12/28/2009,9.335000,9.390000,8.750000,8.865000,8.865000,1107400,-,NaN,NaN,8.635000,8.834500,NaN
12/24/2009,8.995000,9.275000,8.955000,9.180000,9.180000,475200,-,NaN,NaN,8.614000,8.795000,NaN
12/23/2009,8.650000,9.085000,8.605000,8.980000,8.980000,804600,-,NaN,NaN,8.585000,8.723000,NaN
12/22/2009,8.855000,8.885000,8.555000,8.615000,8.615000,522800,-,NaN,NaN,8.561250,8.674500,NaN
12/21/2009,8.825000,8.980000,8.600000,8.815000,8.815000,605600,-,NaN,NaN,8.553000,8.640500,NaN
12/18/2009,9.090000,9.185000,8.775000,8.790000,8.790000,3898600,-,NaN,NaN,8.535750,8.605000,NaN
12/17/2009,9.150000,9.230000,8.905000,8.975000,8.975000,1343400,-,NaN,NaN,8.518500,8.590000,NaN
12/16/2009,8.500000,9.170000,8.500000,9.125000,9.125000,1564600,-,NaN,NaN,NaN,8.526500,NaN
12/15/2009,8.550000,8.620000,8.425000,8.500000,8.500000,489000,-,NaN,NaN,NaN,8.445000,NaN
12/14/2009,8.450000,8.605000,8.405000,8.500000,8.500000,157400,-,NaN,NaN,NaN,8.436000,NaN
12/11/2009,8.415000,8.485000,8.330000,8.470000,8.470000,262400,-,NaN,NaN,NaN,8.435500,NaN
12/10/2009,8.590000,8.590000,8.385000,8.460000,8.460000,152600,-,NaN,NaN,NaN,8.433000,NaN
12/09/2009,8.250000,8.625000,8.250000,8.495000,8.495000,811000,-,NaN,NaN,NaN,8.447000,NaN
12/08/2009,8.475000,8.475000,8.225000,8.275000,8.275000,416000,-,NaN,NaN,NaN,8.448000,NaN
12/07/2009,8.560000,8.805000,8.420000,8.460000,8.460000,1046400,-,NaN,NaN,NaN,8.465500,NaN
12/04/2009,8.425000,8.650000,8.180000,8.640000,8.640000,1625400,-,NaN,NaN,NaN,8.466500,NaN
12/03/2009,8.310000,8.430000,8.260000,8.340000,8.340000,1139800,-,NaN,NaN,NaN,8.447000,NaN
12/02/2009,8.450000,8.450000,8.075000,8.310000,8.310000,1920400,-,NaN,NaN,NaN,NaN,NaN
12/01/2009,8.500000,8.620000,8.315000,8.410000,8.410000,825000,-,NaN,NaN,NaN,NaN,NaN
11/30/2009,8.525000,8.660000,8.405000,8.495000,8.495000,867600,-,NaN,NaN,NaN,NaN,NaN
11/27/2009,8.385000,8.840000,8.350000,8.445000,8.445000,348000,-,NaN,NaN,NaN,NaN,NaN
11/25/2009,8.575000,8.640000,8.475000,8.600000,8.600000,856000,-,NaN,NaN,NaN,NaN,NaN
11/24/2009,8.400000,8.525000,8.365000,8.505000,8.505000,935400,-,NaN,NaN,NaN,NaN,NaN
11/23/2009,8.530000,8.585000,8.300000,8.450000,8.450000,2371600,-,NaN,NaN,NaN,NaN,NaN
11/20/2009,8.440000,8.480000,8.030000,8.470000,8.470000,2278000,-,NaN,NaN,NaN,NaN,NaN
11/19/2009,8.285000,8.560000,8.030000,8.445000,8.445000,4434600,-,NaN,NaN,NaN,NaN,NaN
